Counts for Nokia(10) in South Africa(40):
Hour	Location Index	Count
0	0	0
1	0	0
2	0	0
3	0	0
4	0	0
5	0	11
6	0	0
7	0	0
8	0	0
9	0	0
10	0	0
11	0	0
12	0	0
13	0	0
14	0	0
15	0	0
16	0	0
17	0	0
18	0	0
19	0	0
20	0	0
21	0	0
22	0	0
23	0	0
0	1	0
1	1	0
2	1	0
3	1	0
4	1	0
5	1	0
6	1	5
7	1	5
8	1	0
9	1	0
10	1	5
11	1	0
12	1	0
13	1	0
14	1	5
15	1	5
16	1	0
17	1	0
18	1	10
19	1	0
20	1	0
21	1	0
22	1	0
23	1	0
0	2	0
1	2	0
2	2	0
3	2	0
4	2	0
5	2	0
6	2	0
7	2	0
8	2	0
9	2	0
10	2	0
11	2	0
12	2	0
13	2	6
14	2	0
15	2	0
16	2	0
17	2	0
18	2	0
19	2	0
20	2	0
21	2	0
22	2	0
23	2	0
0	3	0
1	3	4
2	3	0
3	3	0
4	3	2
5	3	16
6	3	2
7	3	4
8	3	4
9	3	2
10	3	2
11	3	3
12	3	3
13	3	5
14	3	3
15	3	3
16	3	6
17	3	3
18	3	7
19	3	7
20	3	3
21	3	2
22	3	3
23	3	0
0	4	0
1	4	0
2	4	0
3	4	0
4	4	0
5	4	0
6	4	6
7	4	0
8	4	0
9	4	0
10	4	3
11	4	3
12	4	0
13	4	3
14	4	0
15	4	0
16	4	0
17	4	0
18	4	0
19	4	0
20	4	3
21	4	0
22	4	0
23	4	0
0	5	2
1	5	2
2	5	3
3	5	2
4	5	7
5	5	7
6	5	7
7	5	10
8	5	7
9	5	10
10	5	9
11	5	7
12	5	11
13	5	8
14	5	7
15	5	4
16	5	8
17	5	9
18	5	6
19	5	7
20	5	11
21	5	8
22	5	2
23	5	4
0	6	0
1	6	0
2	6	0
3	6	0
4	6	0
5	6	0
6	6	0
7	6	0
8	6	0
9	6	0
10	6	0
11	6	0
12	6	0
13	6	0
14	6	0
15	6	0
16	6	0
17	6	0
18	6	0
19	6	0
20	6	0
21	6	0
22	6	0
23	6	0
0	7	0
1	7	0
2	7	0
3	7	0
4	7	0
5	7	3
6	7	0
7	7	2
8	7	2
9	7	3
10	7	0
11	7	2
12	7	2
13	7	2
14	7	11
15	7	6
16	7	6
17	7	7
18	7	0
19	7	4
20	7	2
21	7	0
22	7	0
23	7	0
0	8	0
1	8	0
2	8	0
3	8	0
4	8	0
5	8	0
6	8	14
7	8	0
8	8	14
9	8	0
10	8	7
11	8	0
12	8	0
13	8	7
14	8	0
15	8	0
16	8	0
17	8	0
18	8	0
19	8	14
20	8	0
21	8	0
22	8	0
23	8	0
0	9	0
1	9	0
2	9	0
3	9	0
4	9	0
5	9	0
6	9	0
7	9	0
8	9	0
9	9	0
10	9	0
11	9	0
12	9	0
13	9	0
14	9	0
15	9	0
16	9	0
17	9	0
18	9	0
19	9	0
20	9	0
21	9	0
22	9	0
23	9	0
0	10	0
1	10	0
2	10	0
3	10	0
4	10	0
5	10	0
6	10	0
7	10	0
8	10	0
9	10	0
10	10	0
11	10	0
12	10	0
13	10	0
14	10	0
15	10	0
16	10	0
17	10	0
18	10	0
19	10	0
20	10	0
21	10	0
22	10	0
23	10	0
0	11	0
1	11	0
2	11	0
3	11	0
4	11	0
5	11	0
6	11	0
7	11	72
8	11	0
9	11	0
10	11	0
11	11	72
12	11	0
13	11	0
14	11	0
15	11	0
16	11	0
17	11	0
18	11	0
19	11	0
20	11	0
21	11	0
22	11	0
23	11	0
0	12	0
1	12	0
2	12	0
3	12	0
4	12	0
5	12	0
6	12	0
7	12	0
8	12	0
9	12	4
10	12	0
11	12	4
12	12	0
13	12	0
14	12	0
15	12	0
16	12	0
17	12	0
18	12	0
19	12	0
20	12	4
21	12	0
22	12	0
23	12	0
0	13	0
1	13	0
2	13	0
3	13	0
4	13	0
5	13	0
6	13	0
7	13	0
8	13	0
9	13	0
10	13	0
11	13	0
12	13	30
13	13	0
14	13	0
15	13	0
16	13	0
17	13	0
18	13	0
19	13	0
20	13	0
21	13	0
22	13	0
23	13	0
0	14	0
1	14	0
2	14	0
3	14	0
4	14	0
5	14	0
6	14	0
7	14	20
8	14	0
9	14	20
10	14	0
11	14	0
12	14	0
13	14	0
14	14	0
15	14	0
16	14	0
17	14	0
18	14	0
19	14	0
20	14	0
21	14	0
22	14	0
23	14	0
0	15	0
1	15	0
2	15	0
3	15	0
4	15	0
5	15	0
6	15	0
7	15	0
8	15	17
9	15	9
10	15	0
11	15	0
12	15	0
13	15	0
14	15	0
15	15	17
16	15	0
17	15	0
18	15	0
19	15	0
20	15	9
21	15	0
22	15	0
23	15	0
0	16	0
1	16	0
2	16	0
3	16	0
4	16	0
5	16	0
6	16	0
7	16	0
8	16	0
9	16	0
10	16	72
11	16	0
12	16	0
13	16	0
14	16	0
15	16	0
16	16	0
17	16	0
18	16	0
19	16	0
20	16	0
21	16	0
22	16	0
23	16	0
0	17	5
1	17	2
2	17	0
3	17	6
4	17	11
5	17	18
6	17	20
7	17	19
8	17	24
9	17	11
10	17	11
11	17	11
12	17	10
13	17	21
14	17	15
15	17	13
16	17	15
17	17	26
18	17	19
19	17	17
20	17	6
21	17	6
22	17	7
23	17	2
0	18	0
1	18	0
2	18	0
3	18	0
4	18	0
5	18	0
6	18	0
7	18	0
8	18	0
9	18	0
10	18	0
11	18	0
12	18	0
13	18	0
14	18	0
15	18	18
16	18	0
17	18	0
18	18	0
19	18	0
20	18	0
21	18	0
22	18	0
23	18	0
0	19	0
1	19	0
2	19	0
3	19	0
4	19	0
5	19	0
6	19	0
7	19	0
8	19	0
9	19	0
10	19	0
11	19	0
12	19	0
13	19	0
14	19	0
15	19	0
16	19	0
17	19	0
18	19	0
19	19	0
20	19	0
21	19	0
22	19	0
23	19	0
0	20	0
1	20	0
2	20	0
3	20	0
4	20	0
5	20	0
6	20	5
7	20	14
8	20	0
9	20	5
10	20	0
11	20	0
12	20	0
13	20	0
14	20	0
15	20	0
16	20	0
17	20	0
18	20	0
19	20	0
20	20	19
21	20	5
22	20	0
23	20	0
0	21	0
1	21	0
2	21	0
3	21	0
4	21	0
5	21	0
6	21	4
7	21	3
8	21	0
9	21	4
10	21	7
11	21	2
12	21	2
13	21	0
14	21	0
15	21	3
16	21	0
17	21	2
18	21	0
19	21	0
20	21	0
21	21	0
22	21	0
23	21	0
0	22	0
1	22	0
2	22	0
3	22	9
4	22	9
5	22	0
6	22	0
7	22	0
8	22	0
9	22	0
10	22	0
11	22	9
12	22	0
13	22	0
14	22	17
15	22	0
16	22	0
17	22	0
18	22	17
19	22	17
20	22	9
21	22	0
22	22	17
23	22	0
0	23	0
1	23	0
2	23	0
3	23	0
4	23	0
5	23	0
6	23	0
7	23	0
8	23	19
9	23	0
10	23	0
11	23	0
12	23	0
13	23	0
14	23	0
15	23	0
16	23	0
17	23	0
18	23	0
19	23	0
20	23	0
21	23	0
22	23	0
23	23	0
0	24	0
1	24	0
2	24	0
3	24	0
4	24	4
5	24	0
6	24	0
7	24	4
8	24	2
9	24	4
10	24	2
11	24	0
12	24	0
13	24	2
14	24	2
15	24	2
16	24	4
17	24	11
18	24	6
19	24	2
20	24	6
21	24	9
22	24	2
23	24	0
0	25	0
1	25	0
2	25	0
3	25	0
4	25	0
5	25	0
6	25	4
7	25	0
8	25	8
9	25	0
10	25	8
11	25	0
12	25	4
13	25	15
14	25	8
15	25	8
16	25	11
17	25	0
18	25	0
19	25	0
20	25	21
21	25	0
22	25	0
23	25	0
0	26	0
1	26	0
2	26	0
3	26	0
4	26	0
5	26	0
6	26	0
7	26	0
8	26	0
9	26	0
10	26	0
11	26	0
12	26	0
13	26	0
14	26	0
15	26	0
16	26	0
17	26	0
18	26	0
19	26	0
20	26	0
21	26	0
22	26	0
23	26	0
0	27	0
1	27	0
2	27	0
3	27	0
4	27	0
5	27	15
6	27	0
7	27	0
8	27	66
9	27	0
10	27	0
11	27	0
12	27	0
13	27	0
14	27	29
15	27	0
16	27	0
17	27	0
18	27	0
19	27	0
20	27	0
21	27	0
22	27	0
23	27	0
0	28	0
1	28	0
2	28	0
3	28	0
4	28	0
5	28	0
6	28	0
7	28	0
8	28	0
9	28	0
10	28	0
11	28	0
12	28	0
13	28	0
14	28	0
15	28	0
16	28	0
17	28	0
18	28	0
19	28	0
20	28	0
21	28	0
22	28	0
23	28	0
0	29	0
1	29	0
2	29	0
3	29	0
4	29	0
5	29	0
6	29	14
7	29	0
8	29	7
9	29	0
10	29	7
11	29	0
12	29	0
13	29	0
14	29	0
15	29	0
16	29	0
17	29	0
18	29	7
19	29	0
20	29	0
21	29	0
22	29	0
23	29	0
0	30	0
1	30	0
2	30	0
3	30	0
4	30	2
5	30	2
6	30	2
7	30	2
8	30	2
9	30	0
10	30	2
11	30	1
12	30	2
13	30	4
14	30	0
15	30	2
16	30	7
17	30	5
18	30	0
19	30	7
20	30	7
21	30	2
22	30	0
23	30	0
0	31	0
1	31	0
2	31	0
3	31	0
4	31	0
5	31	0
6	31	0
7	31	0
8	31	0
9	31	0
10	31	0
11	31	0
12	31	0
13	31	0
14	31	0
15	31	0
16	31	0
17	31	0
18	31	0
19	31	0
20	31	0
21	31	0
22	31	0
23	31	0
0	32	0
1	32	0
2	32	0
3	32	0
4	32	0
5	32	0
6	32	201
7	32	0
8	32	137
9	32	137
10	32	0
11	32	0
12	32	0
13	32	0
14	32	0
15	32	0
16	32	0
17	32	0
18	32	0
19	32	0
20	32	0
21	32	0
22	32	0
23	32	0
0	33	0
1	33	0
2	33	0
3	33	0
4	33	0
5	33	4
6	33	2
7	33	2
8	33	0
9	33	0
10	33	0
11	33	2
12	33	2
13	33	0
14	33	0
15	33	0
16	33	0
17	33	0
18	33	0
19	33	6
20	33	2
21	33	2
22	33	0
23	33	0
0	34	0
1	34	0
2	34	0
3	34	0
4	34	0
5	34	0
6	34	0
7	34	0
8	34	0
9	34	35
10	34	18
11	34	18
12	34	0
13	34	0
14	34	0
15	34	0
16	34	0
17	34	0
18	34	0
19	34	0
20	34	0
21	34	0
22	34	0
23	34	0
0	35	0
1	35	0
2	35	0
3	35	0
4	35	0
5	35	0
6	35	6
7	35	0
8	35	6
9	35	6
10	35	0
11	35	0
12	35	16
13	35	0
14	35	6
15	35	0
16	35	0
17	35	0
18	35	0
19	35	6
20	35	0
21	35	0
22	35	0
23	35	0
0	36	0
1	36	0
2	36	0
3	36	6
4	36	3
5	36	6
6	36	2
7	36	0
8	36	3
9	36	6
10	36	0
11	36	10
12	36	0
13	36	0
14	36	4
15	36	3
16	36	0
17	36	3
18	36	5
19	36	2
20	36	4
21	36	2
22	36	0
23	36	0
0	37	0
1	37	0
2	37	0
3	37	0
4	37	6
5	37	15
6	37	3
7	37	0
8	37	3
9	37	13
10	37	6
11	37	3
12	37	20
13	37	0
14	37	0
15	37	0
16	37	13
17	37	15
18	37	0
19	37	6
20	37	0
21	37	6
22	37	11
23	37	0
0	38	0
1	38	0
2	38	0
3	38	0
4	38	0
5	38	0
6	38	0
7	38	0
8	38	0
9	38	0
10	38	0
11	38	0
12	38	0
13	38	0
14	38	0
15	38	0
16	38	0
17	38	0
18	38	0
19	38	0
20	38	0
21	38	0
22	38	0
23	38	0
0	39	0
1	39	0
2	39	0
3	39	0
4	39	14
5	39	14
6	39	14
7	39	14
8	39	0
9	39	7
10	39	0
11	39	0
12	39	14
13	39	0
14	39	14
15	39	20
16	39	0
17	39	14
18	39	14
19	39	0
20	39	0
21	39	0
22	39	0
23	39	0
0	40	0
1	40	0
2	40	0
3	40	0
4	40	0
5	40	2
6	40	2
7	40	0
8	40	0
9	40	2
10	40	4
11	40	0
12	40	0
13	40	0
14	40	0
15	40	0
16	40	0
17	40	4
18	40	2
19	40	0
20	40	0
21	40	2
22	40	0
23	40	0
0	41	0
1	41	0
2	41	0
3	41	0
4	41	0
5	41	0
6	41	0
7	41	0
8	41	0
9	41	0
10	41	0
11	41	0
12	41	0
13	41	0
14	41	0
15	41	12
16	41	0
17	41	0
18	41	0
19	41	0
20	41	0
21	41	0
22	41	0
23	41	0
0	42	0
1	42	0
2	42	0
3	42	0
4	42	0
5	42	0
6	42	0
7	42	0
8	42	0
9	42	0
10	42	0
11	42	0
12	42	0
13	42	0
14	42	0
15	42	0
16	42	0
17	42	0
18	42	0
19	42	0
20	42	0
21	42	0
22	42	0
23	42	0
0	43	0
1	43	0
2	43	0
3	43	0
4	43	0
5	43	0
6	43	3
7	43	0
8	43	0
9	43	0
10	43	0
11	43	6
12	43	0
13	43	0
14	43	0
15	43	0
16	43	0
17	43	0
18	43	0
19	43	3
20	43	0
21	43	0
22	43	3
23	43	3
0	44	0
1	44	0
2	44	0
3	44	0
4	44	0
5	44	0
6	44	0
7	44	0
8	44	0
9	44	0
10	44	0
11	44	0
12	44	0
13	44	0
14	44	0
15	44	0
16	44	0
17	44	187
18	44	0
19	44	0
20	44	0
21	44	0
22	44	0
23	44	0
0	45	2
1	45	2
2	45	2
3	45	5
4	45	8
5	45	10
6	45	11
7	45	12
8	45	13
9	45	13
10	45	13
11	45	13
12	45	13
13	45	13
14	45	12
15	45	12
16	45	11
17	45	12
18	45	12
19	45	12
20	45	11
21	45	7
22	45	3
23	45	2
0	46	19
1	46	0
2	46	0
3	46	0
4	46	0
5	46	0
6	46	0
7	46	0
8	46	0
9	46	0
10	46	0
11	46	0
12	46	0
13	46	0
14	46	0
15	46	0
16	46	0
17	46	0
18	46	0
19	46	0
20	46	0
21	46	0
22	46	0
23	46	0
0	47	0
1	47	0
2	47	0
3	47	0
4	47	0
5	47	95
6	47	0
7	47	0
8	47	0
9	47	0
10	47	0
11	47	0
12	47	0
13	47	0
14	47	0
15	47	0
16	47	0
17	47	0
18	47	0
19	47	0
20	47	0
21	47	0
22	47	0
23	47	0
0	48	0
1	48	0
2	48	0
3	48	0
4	48	0
5	48	18
6	48	0
7	48	0
8	48	0
9	48	9
10	48	0
11	48	0
12	48	0
13	48	0
14	48	0
15	48	0
16	48	0
17	48	0
18	48	18
19	48	26
20	48	9
21	48	0
22	48	0
23	48	0
0	49	0
1	49	0
2	49	0
3	49	0
4	49	0
5	49	0
6	49	0
7	49	0
8	49	0
9	49	0
10	49	0
11	49	46
12	49	0
13	49	0
14	49	0
15	49	0
16	49	0
17	49	0
18	49	46
19	49	24
20	49	0
21	49	0
22	49	0
23	49	0
0	50	0
1	50	12
2	50	0
3	50	0
4	50	0
5	50	0
6	50	0
7	50	0
8	50	0
9	50	0
10	50	0
11	50	0
12	50	0
13	50	0
14	50	0
15	50	0
16	50	0
17	50	0
18	50	0
19	50	0
20	50	0
21	50	0
22	50	0
23	50	0
0	51	0
1	51	1
2	51	0
3	51	1
4	51	1
5	51	4
6	51	6
7	51	11
8	51	1
9	51	6
10	51	3
11	51	8
12	51	1
13	51	9
14	51	4
15	51	7
16	51	8
17	51	11
18	51	7
19	51	3
20	51	2
21	51	6
22	51	0
23	51	0
0	52	0
1	52	0
2	52	0
3	52	0
4	52	0
5	52	0
6	52	0
7	52	0
8	52	0
9	52	0
10	52	0
11	52	47
12	52	0
13	52	0
14	52	0
15	52	0
16	52	0
17	52	0
18	52	0
19	52	0
20	52	0
21	52	0
22	52	47
23	52	0
0	53	0
1	53	0
2	53	0
3	53	0
4	53	0
5	53	0
6	53	0
7	53	0
8	53	0
9	53	0
10	53	0
11	53	0
12	53	0
13	53	0
14	53	0
15	53	0
16	53	0
17	53	0
18	53	0
19	53	0
20	53	0
21	53	0
22	53	0
23	53	0
0	54	0
1	54	0
2	54	0
3	54	2
4	54	15
5	54	12
6	54	12
7	54	10
8	54	14
9	54	9
10	54	9
11	54	14
12	54	9
13	54	9
14	54	8
15	54	13
16	54	12
17	54	7
18	54	14
19	54	17
20	54	13
21	54	7
22	54	3
23	54	2
0	55	0
1	55	0
2	55	0
3	55	0
4	55	0
5	55	0
6	55	0
7	55	0
8	55	0
9	55	0
10	55	0
11	55	18
12	55	0
13	55	0
14	55	0
15	55	0
16	55	0
17	55	0
18	55	0
19	55	0
20	55	0
21	55	18
22	55	0
23	55	0
0	56	0
1	56	2
2	56	0
3	56	2
4	56	2
5	56	2
6	56	2
7	56	3
8	56	6
9	56	2
10	56	0
11	56	2
12	56	8
13	56	0
14	56	2
15	56	0
16	56	2
17	56	2
18	56	4
19	56	6
20	56	3
21	56	9
22	56	4
23	56	0
0	57	2
1	57	2
2	57	2
3	57	3
4	57	6
5	57	8
6	57	9
7	57	9
8	57	9
9	57	10
10	57	10
11	57	10
12	57	10
13	57	9
14	57	9
15	57	9
16	57	9
17	57	10
18	57	10
19	57	10
20	57	8
21	57	5
22	57	3
23	57	2
0	58	0
1	58	0
2	58	0
3	58	0
4	58	0
5	58	0
6	58	0
7	58	0
8	58	0
9	58	0
10	58	0
11	58	12
12	58	0
13	58	0
14	58	0
15	58	0
16	58	0
17	58	0
18	58	0
19	58	0
20	58	0
21	58	0
22	58	0
23	58	0
0	59	3
1	59	1
2	59	2
3	59	3
4	59	8
5	59	7
6	59	9
7	59	11
8	59	8
9	59	8
10	59	9
11	59	10
12	59	9
13	59	8
14	59	9
15	59	9
16	59	10
17	59	10
18	59	10
19	59	11
20	59	9
21	59	8
22	59	2
23	59	2
0	60	0
1	60	0
2	60	0
3	60	0
4	60	0
5	60	0
6	60	0
7	60	0
8	60	0
9	60	0
10	60	0
11	60	0
12	60	6
13	60	0
14	60	0
15	60	6
16	60	0
17	60	6
18	60	0
19	60	0
20	60	0
21	60	0
22	60	0
23	60	0
0	61	0
1	61	0
2	61	0
3	61	0
4	61	0
5	61	0
6	61	0
7	61	0
8	61	0
9	61	0
10	61	0
11	61	0
12	61	0
13	61	0
14	61	0
15	61	0
16	61	0
17	61	0
18	61	26
19	61	0
20	61	0
21	61	0
22	61	0
23	61	0
0	62	0
1	62	0
2	62	0
3	62	0
4	62	0
5	62	0
6	62	0
7	62	0
8	62	0
9	62	0
10	62	0
11	62	0
12	62	0
13	62	0
14	62	0
15	62	0
16	62	0
17	62	0
18	62	0
19	62	0
20	62	0
21	62	0
22	62	0
23	62	0
0	63	0
1	63	0
2	63	0
3	63	5
4	63	0
5	63	0
6	63	0
7	63	0
8	63	5
9	63	0
10	63	0
11	63	5
12	63	0
13	63	0
14	63	5
15	63	0
16	63	0
17	63	5
18	63	5
19	63	9
20	63	0
21	63	5
22	63	5
23	63	0
0	64	0
1	64	5
2	64	0
3	64	0
4	64	0
5	64	10
6	64	0
7	64	5
8	64	10
9	64	3
10	64	3
11	64	3
12	64	0
13	64	0
14	64	8
15	64	0
16	64	5
17	64	3
18	64	0
19	64	0
20	64	0
21	64	5
22	64	0
23	64	0
0	65	0
1	65	0
2	65	5
3	65	0
4	65	0
5	65	6
6	65	3
7	65	0
8	65	2
9	65	0
10	65	3
11	65	0
12	65	0
13	65	3
14	65	3
15	65	3
16	65	3
17	65	9
18	65	0
19	65	2
20	65	5
21	65	0
22	65	0
23	65	0
0	66	0
1	66	0
2	66	0
3	66	23
4	66	0
5	66	8
6	66	0
7	66	0
8	66	0
9	66	0
10	66	0
11	66	0
12	66	0
13	66	0
14	66	0
15	66	0
16	66	0
17	66	0
18	66	0
19	66	0
20	66	0
21	66	0
22	66	0
23	66	0
0	67	0
1	67	0
2	67	0
3	67	0
4	67	0
5	67	0
6	67	38
7	67	0
8	67	0
9	67	0
10	67	0
11	67	38
12	67	0
13	67	0
14	67	0
15	67	0
16	67	0
17	67	0
18	67	0
19	67	0
20	67	0
21	67	0
22	67	0
23	67	0
0	68	0
1	68	0
2	68	0
3	68	0
4	68	0
5	68	0
6	68	0
7	68	0
8	68	0
9	68	0
10	68	0
11	68	0
12	68	0
13	68	0
14	68	0
15	68	0
16	68	0
17	68	0
18	68	0
19	68	0
20	68	0
21	68	0
22	68	0
23	68	0
0	69	0
1	69	0
2	69	0
3	69	0
4	69	0
5	69	0
6	69	6
7	69	0
8	69	0
9	69	0
10	69	0
11	69	12
12	69	0
13	69	0
14	69	0
15	69	0
16	69	0
17	69	0
18	69	0
19	69	0
20	69	6
21	69	0
22	69	0
23	69	0
0	70	0
1	70	0
2	70	0
3	70	15
4	70	0
5	70	5
6	70	5
7	70	12
8	70	14
9	70	5
10	70	8
11	70	2
12	70	5
13	70	8
14	70	0
15	70	3
16	70	4
17	70	2
18	70	2
19	70	2
20	70	0
21	70	3
22	70	2
23	70	0
0	71	0
1	71	0
2	71	0
3	71	0
4	71	3
5	71	0
6	71	0
7	71	0
8	71	3
9	71	0
10	71	0
11	71	0
12	71	0
13	71	0
14	71	0
15	71	0
16	71	3
17	71	0
18	71	3
19	71	19
20	71	3
21	71	0
22	71	0
23	71	0
0	72	0
1	72	0
2	72	0
3	72	0
4	72	0
5	72	0
6	72	0
7	72	0
8	72	0
9	72	0
10	72	13
11	72	0
12	72	0
13	72	13
14	72	0
15	72	13
16	72	0
17	72	46
18	72	0
19	72	24
20	72	0
21	72	0
22	72	0
23	72	0
0	73	0
1	73	0
2	73	0
3	73	0
4	73	0
5	73	0
6	73	0
7	73	0
8	73	0
9	73	0
10	73	0
11	73	0
12	73	0
13	73	0
14	73	0
15	73	0
16	73	0
17	73	0
18	73	0
19	73	0
20	73	0
21	73	0
22	73	0
23	73	0
0	74	0
1	74	0
2	74	0
3	74	0
4	74	0
5	74	3
6	74	0
7	74	3
8	74	0
9	74	3
10	74	0
11	74	3
12	74	0
13	74	14
14	74	0
15	74	3
16	74	0
17	74	0
18	74	0
19	74	0
20	74	3
21	74	3
22	74	0
23	74	0
0	75	0
1	75	0
2	75	0
3	75	41
4	75	0
5	75	0
6	75	22
7	75	0
8	75	0
9	75	0
10	75	0
11	75	0
12	75	0
13	75	0
14	75	0
15	75	0
16	75	0
17	75	0
18	75	0
19	75	22
20	75	0
21	75	0
22	75	0
23	75	0
0	76	0
1	76	2
2	76	0
3	76	3
4	76	5
5	76	3
6	76	9
7	76	10
8	76	11
9	76	10
10	76	8
11	76	6
12	76	12
13	76	10
14	76	9
15	76	8
16	76	12
17	76	8
18	76	6
19	76	8
20	76	10
21	76	6
22	76	2
23	76	2
0	77	0
1	77	0
2	77	0
3	77	2
4	77	0
5	77	3
6	77	2
7	77	4
8	77	2
9	77	0
10	77	5
11	77	5
12	77	2
13	77	0
14	77	0
15	77	4
16	77	2
17	77	6
18	77	2
19	77	0
20	77	0
21	77	0
22	77	0
23	77	0
0	78	0
1	78	0
2	78	0
3	78	3
4	78	0
5	78	0
6	78	12
7	78	3
8	78	6
9	78	3
10	78	0
11	78	0
12	78	3
13	78	0
14	78	3
15	78	3
16	78	6
17	78	9
18	78	12
19	78	0
20	78	0
21	78	0
22	78	0
23	78	0
0	79	0
1	79	0
2	79	0
3	79	0
4	79	0
5	79	0
6	79	0
7	79	0
8	79	0
9	79	0
10	79	0
11	79	0
12	79	0
13	79	0
14	79	0
15	79	0
16	79	0
17	79	0
18	79	0
19	79	0
20	79	0
21	79	0
22	79	0
23	79	0
0	80	2
1	80	1
2	80	2
3	80	2
4	80	6
5	80	10
6	80	10
7	80	11
8	80	13
9	80	13
10	80	12
11	80	14
12	80	11
13	80	9
14	80	10
15	80	9
16	80	7
17	80	9
18	80	11
19	80	8
20	80	8
21	80	4
22	80	1
23	80	2
0	81	0
1	81	0
2	81	0
3	81	0
4	81	0
5	81	0
6	81	0
7	81	0
8	81	0
9	81	0
10	81	0
11	81	0
12	81	0
13	81	0
14	81	54
15	81	0
16	81	0
17	81	0
18	81	0
19	81	0
20	81	0
21	81	0
22	81	0
23	81	0
0	82	0
1	82	0
2	82	0
3	82	0
4	82	0
5	82	45
6	82	0
7	82	0
8	82	0
9	82	0
10	82	0
11	82	0
12	82	0
13	82	0
14	82	0
15	82	0
16	82	0
17	82	0
18	82	0
19	82	0
20	82	0
21	82	0
22	82	0
23	82	0
0	83	0
1	83	0
2	83	0
3	83	0
4	83	0
5	83	0
6	83	0
7	83	0
8	83	0
9	83	0
10	83	0
11	83	11
12	83	0
13	83	0
14	83	0
15	83	0
16	83	0
17	83	11
18	83	0
19	83	0
20	83	0
21	83	0
22	83	0
23	83	0
0	84	0
1	84	0
2	84	10
3	84	0
4	84	0
5	84	0
6	84	0
7	84	0
8	84	0
9	84	15
10	84	0
11	84	5
12	84	0
13	84	0
14	84	0
15	84	0
16	84	0
17	84	5
18	84	10
19	84	0
20	84	0
21	84	0
22	84	0
23	84	0
0	85	3
1	85	2
2	85	2
3	85	3
4	85	7
5	85	6
6	85	6
7	85	11
8	85	8
9	85	11
10	85	10
11	85	12
12	85	11
13	85	12
14	85	12
15	85	10
16	85	9
17	85	11
18	85	8
19	85	10
20	85	10
21	85	8
22	85	5
23	85	2
0	86	1
1	86	1
2	86	2
3	86	3
4	86	4
5	86	9
6	86	11
7	86	8
8	86	10
9	86	9
10	86	13
11	86	8
12	86	11
13	86	7
14	86	9
15	86	8
16	86	8
17	86	12
18	86	6
19	86	10
20	86	5
21	86	5
22	86	3
23	86	1
0	87	0
1	87	0
2	87	0
3	87	0
4	87	6
5	87	0
6	87	0
7	87	11
8	87	0
9	87	11
10	87	0
11	87	6
12	87	6
13	87	0
14	87	0
15	87	0
16	87	0
17	87	0
18	87	0
19	87	15
20	87	0
21	87	0
22	87	0
23	87	0
0	88	0
1	88	0
2	88	0
3	88	95
4	88	0
5	88	0
6	88	0
7	88	0
8	88	0
9	88	0
10	88	0
11	88	0
12	88	0
13	88	95
14	88	0
15	88	0
16	88	0
17	88	0
18	88	0
19	88	0
20	88	0
21	88	0
22	88	0
23	88	0
0	89	0
1	89	0
2	89	0
3	89	0
4	89	0
5	89	0
6	89	0
7	89	0
8	89	9
9	89	9
10	89	0
11	89	0
12	89	0
13	89	0
14	89	9
15	89	0
16	89	5
17	89	12
18	89	9
19	89	9
20	89	0
21	89	0
22	89	0
23	89	0
0	90	0
1	90	0
2	90	0
3	90	0
4	90	0
5	90	15
6	90	0
7	90	0
8	90	0
9	90	0
10	90	0
11	90	0
12	90	8
13	90	8
14	90	8
15	90	0
16	90	0
17	90	15
18	90	0
19	90	0
20	90	0
21	90	0
22	90	0
23	90	0
0	91	2
1	91	0
2	91	0
3	91	0
4	91	0
5	91	2
6	91	2
7	91	2
8	91	2
9	91	0
10	91	2
11	91	0
12	91	0
13	91	0
14	91	0
15	91	0
16	91	4
17	91	4
18	91	2
19	91	2
20	91	2
21	91	0
22	91	6
23	91	2
0	92	0
1	92	0
2	92	0
3	92	0
4	92	0
5	92	0
6	92	0
7	92	0
8	92	0
9	92	0
10	92	0
11	92	0
12	92	30
13	92	0
14	92	0
15	92	0
16	92	0
17	92	0
18	92	0
19	92	0
20	92	0
21	92	0
22	92	0
23	92	0
0	93	0
1	93	0
2	93	0
3	93	0
4	93	0
5	93	0
6	93	0
7	93	0
8	93	0
9	93	0
10	93	0
11	93	0
12	93	0
13	93	0
14	93	6
15	93	0
16	93	6
17	93	0
18	93	0
19	93	0
20	93	12
21	93	0
22	93	0
23	93	0
0	94	0
1	94	0
2	94	0
3	94	0
4	94	0
5	94	0
6	94	0
7	94	0
8	94	0
9	94	0
10	94	11
11	94	0
12	94	0
13	94	0
14	94	0
15	94	0
16	94	0
17	94	0
18	94	0
19	94	6
20	94	0
21	94	0
22	94	0
23	94	0
0	95	0
1	95	1
2	95	0
3	95	2
4	95	2
5	95	2
6	95	1
7	95	1
8	95	2
9	95	1
10	95	2
11	95	4
12	95	4
13	95	2
14	95	2
15	95	1
16	95	2
17	95	3
18	95	2
19	95	2
20	95	3
21	95	0
22	95	1
23	95	1
0	96	0
1	96	0
2	96	0
3	96	0
4	96	0
5	96	0
6	96	0
7	96	0
8	96	4
9	96	0
10	96	0
11	96	0
12	96	0
13	96	0
14	96	8
15	96	0
16	96	4
17	96	4
18	96	0
19	96	0
20	96	0
21	96	0
22	96	0
23	96	0
0	97	0
1	97	0
2	97	0
3	97	0
4	97	0
5	97	0
6	97	120
7	97	235
8	97	0
9	97	38
10	97	70
11	97	120
12	97	0
13	97	0
14	97	0
15	97	0
16	97	0
17	97	0
18	97	0
19	97	0
20	97	0
21	97	0
22	97	0
23	97	0
0	98	61
1	98	0
2	98	0
3	98	0
4	98	0
5	98	0
6	98	0
7	98	107
8	98	0
9	98	0
10	98	169
11	98	61
12	98	0
13	98	0
14	98	0
15	98	0
16	98	0
17	98	0
18	98	0
19	98	61
20	98	61
21	98	0
22	98	0
23	98	0
0	99	0
1	99	0
2	99	0
3	99	0
4	99	13
5	99	13
6	99	0
7	99	0
8	99	0
9	99	0
10	99	0
11	99	25
12	99	0
13	99	0
14	99	0
15	99	0
16	99	0
17	99	13
18	99	0
19	99	0
20	99	13
21	99	0
22	99	0
23	99	0
0	100	0
1	100	0
2	100	0
3	100	0
4	100	0
5	100	0
6	100	0
7	100	0
8	100	0
9	100	0
10	100	0
11	100	12
12	100	0
13	100	0
14	100	0
15	100	0
16	100	0
17	100	0
18	100	0
19	100	0
20	100	0
21	100	0
22	100	0
23	100	0
0	101	0
1	101	0
2	101	0
3	101	0
4	101	0
5	101	0
6	101	0
7	101	0
8	101	0
9	101	18
10	101	10
11	101	10
12	101	10
13	101	10
14	101	0
15	101	0
16	101	0
17	101	0
18	101	18
19	101	0
20	101	0
21	101	10
22	101	0
23	101	18
0	102	0
1	102	1
2	102	1
3	102	3
4	102	3
5	102	4
6	102	4
7	102	6
8	102	5
9	102	9
10	102	6
11	102	4
12	102	6
13	102	7
14	102	9
15	102	8
16	102	8
17	102	11
18	102	10
19	102	9
20	102	7
21	102	3
22	102	1
23	102	1
0	103	2
1	103	0
2	103	0
3	103	3
4	103	5
5	103	0
6	103	7
7	103	7
8	103	2
9	103	0
10	103	2
11	103	2
12	103	4
13	103	3
14	103	4
15	103	6
16	103	0
17	103	2
18	103	0
19	103	2
20	103	0
21	103	3
22	103	0
23	103	0
0	104	0
1	104	0
2	104	0
3	104	0
4	104	9
5	104	0
6	104	0
7	104	0
8	104	0
9	104	0
10	104	0
11	104	0
12	104	0
13	104	0
14	104	0
15	104	0
16	104	0
17	104	0
18	104	0
19	104	0
20	104	0
21	104	0
22	104	0
23	104	0
0	105	0
1	105	0
2	105	0
3	105	0
4	105	0
5	105	0
6	105	0
7	105	20
8	105	0
9	105	0
10	105	0
11	105	0
12	105	0
13	105	0
14	105	20
15	105	0
16	105	0
17	105	0
18	105	0
19	105	0
20	105	0
21	105	0
22	105	0
23	105	0
0	106	0
1	106	0
2	106	0
3	106	0
4	106	0
5	106	0
6	106	0
7	106	0
8	106	0
9	106	0
10	106	0
11	106	0
12	106	0
13	106	0
14	106	0
15	106	0
16	106	0
17	106	0
18	106	0
19	106	0
20	106	0
21	106	0
22	106	0
23	106	0
0	107	0
1	107	0
2	107	0
3	107	0
4	107	2
5	107	3
6	107	21
7	107	3
8	107	0
9	107	0
10	107	0
11	107	0
12	107	0
13	107	3
14	107	0
15	107	0
16	107	0
17	107	5
18	107	2
19	107	0
20	107	3
21	107	0
22	107	0
23	107	0
0	108	0
1	108	0
2	108	1
3	108	5
4	108	2
5	108	2
6	108	3
7	108	2
8	108	0
9	108	0
10	108	2
11	108	2
12	108	0
13	108	2
14	108	3
15	108	1
16	108	2
17	108	7
18	108	7
19	108	6
20	108	0
21	108	1
22	108	0
23	108	0
0	109	0
1	109	0
2	109	0
3	109	0
4	109	4
5	109	16
6	109	0
7	109	4
8	109	4
9	109	4
10	109	0
11	109	0
12	109	8
13	109	0
14	109	0
15	109	8
16	109	20
17	109	8
18	109	12
19	109	16
20	109	0
21	109	0
22	109	0
23	109	0
0	110	2
1	110	2
2	110	2
3	110	5
4	110	6
5	110	12
6	110	10
7	110	11
8	110	12
9	110	11
10	110	12
11	110	13
12	110	13
13	110	13
14	110	12
15	110	9
16	110	11
17	110	10
18	110	13
19	110	11
20	110	11
21	110	10
22	110	3
23	110	3
0	111	0
1	111	0
2	111	0
3	111	0
4	111	0
5	111	0
6	111	0
7	111	0
8	111	0
9	111	0
10	111	0
11	111	0
12	111	0
13	111	0
14	111	0
15	111	0
16	111	0
17	111	0
18	111	0
19	111	0
20	111	0
21	111	0
22	111	0
23	111	0
0	112	0
1	112	0
2	112	0
3	112	0
4	112	0
5	112	0
6	112	0
7	112	0
8	112	0
9	112	0
10	112	0
11	112	0
12	112	0
13	112	0
14	112	0
15	112	0
16	112	0
17	112	0
18	112	0
19	112	0
20	112	13
21	112	13
22	112	0
23	112	0
0	113	0
1	113	0
2	113	0
3	113	0
4	113	0
5	113	0
6	113	0
7	113	0
8	113	0
9	113	16
10	113	0
11	113	0
12	113	0
13	113	9
14	113	0
15	113	0
16	113	0
17	113	0
18	113	0
19	113	0
20	113	0
21	113	0
22	113	0
23	113	0
0	114	0
1	114	0
2	114	0
3	114	0
4	114	0
5	114	0
6	114	0
7	114	0
8	114	0
9	114	0
10	114	0
11	114	0
12	114	0
13	114	0
14	114	0
15	114	0
16	114	0
17	114	0
18	114	0
19	114	0
20	114	0
21	114	0
22	114	0
23	114	0
0	115	0
1	115	0
2	115	0
3	115	0
4	115	0
5	115	0
6	115	0
7	115	0
8	115	0
9	115	0
10	115	12
11	115	0
12	115	0
13	115	0
14	115	0
15	115	6
16	115	0
17	115	0
18	115	0
19	115	0
20	115	0
21	115	0
22	115	0
23	115	0
0	116	0
1	116	0
2	116	0
3	116	0
4	116	0
5	116	0
6	116	0
7	116	0
8	116	0
9	116	0
10	116	0
11	116	0
12	116	0
13	116	51
14	116	0
15	116	0
16	116	0
17	116	0
18	116	0
19	116	0
20	116	0
21	116	0
22	116	0
23	116	0
0	117	0
1	117	0
2	117	0
3	117	0
4	117	0
5	117	0
6	117	0
7	117	0
8	117	0
9	117	0
10	117	0
11	117	0
12	117	0
13	117	0
14	117	0
15	117	0
16	117	0
17	117	0
18	117	0
19	117	0
20	117	0
21	117	0
22	117	0
23	117	0
0	118	0
1	118	0
2	118	0
3	118	0
4	118	0
5	118	0
6	118	0
7	118	0
8	118	0
9	118	0
10	118	0
11	118	0
12	118	0
13	118	0
14	118	0
15	118	0
16	118	0
17	118	0
18	118	0
19	118	0
20	118	0
21	118	0
22	118	0
23	118	0
0	119	0
1	119	0
2	119	0
3	119	0
4	119	0
5	119	0
6	119	0
7	119	0
8	119	0
9	119	0
10	119	0
11	119	0
12	119	0
13	119	0
14	119	0
15	119	0
16	119	0
17	119	0
18	119	0
19	119	0
20	119	0
21	119	0
22	119	0
23	119	0
0	120	3
1	120	2
2	120	1
3	120	6
4	120	7
5	120	7
6	120	12
7	120	12
8	120	14
9	120	13
10	120	15
11	120	14
12	120	21
13	120	17
14	120	16
15	120	11
16	120	9
17	120	17
18	120	11
19	120	15
20	120	21
21	120	14
22	120	8
23	120	2
0	121	0
1	121	0
2	121	0
3	121	0
4	121	0
5	121	0
6	121	0
7	121	0
8	121	0
9	121	0
10	121	0
11	121	0
12	121	9
13	121	9
14	121	0
15	121	9
16	121	0
17	121	0
18	121	0
19	121	0
20	121	0
21	121	0
22	121	0
23	121	0
0	122	0
1	122	0
2	122	0
3	122	0
4	122	0
5	122	0
6	122	0
7	122	0
8	122	0
9	122	0
10	122	0
11	122	0
12	122	0
13	122	0
14	122	0
15	122	0
16	122	0
17	122	0
18	122	0
19	122	0
20	122	0
21	122	0
22	122	0
23	122	0
0	123	0
1	123	0
2	123	0
3	123	0
4	123	0
5	123	0
6	123	0
7	123	0
8	123	0
9	123	0
10	123	0
11	123	0
12	123	0
13	123	0
14	123	0
15	123	0
16	123	0
17	123	0
18	123	34
19	123	0
20	123	0
21	123	0
22	123	0
23	123	0
0	124	1
1	124	1
2	124	1
3	124	2
4	124	4
5	124	4
6	124	5
7	124	5
8	124	5
9	124	5
10	124	6
11	124	6
12	124	5
13	124	5
14	124	5
15	124	5
16	124	4
17	124	5
18	124	5
19	124	5
20	124	4
21	124	3
22	124	2
23	124	2
0	125	12
1	125	0
2	125	0
3	125	0
4	125	0
5	125	0
6	125	0
7	125	0
8	125	0
9	125	0
10	125	0
11	125	12
12	125	0
13	125	0
14	125	0
15	125	0
16	125	0
17	125	0
18	125	0
19	125	0
20	125	0
21	125	0
22	125	0
23	125	0
0	126	0
1	126	0
2	126	0
3	126	0
4	126	0
5	126	0
6	126	0
7	126	0
8	126	46
9	126	24
10	126	0
11	126	24
12	126	0
13	126	0
14	126	24
15	126	0
16	126	0
17	126	0
18	126	0
19	126	0
20	126	0
21	126	24
22	126	0
23	126	0
0	127	0
1	127	0
2	127	0
3	127	0
4	127	4
5	127	4
6	127	0
7	127	0
8	127	0
9	127	2
10	127	5
11	127	5
12	127	0
13	127	4
14	127	0
15	127	0
16	127	5
17	127	2
18	127	2
19	127	2
20	127	2
21	127	0
22	127	2
23	127	0
0	128	0
1	128	0
2	128	0
3	128	0
4	128	0
5	128	0
6	128	0
7	128	0
8	128	0
9	128	0
10	128	0
11	128	0
12	128	0
13	128	0
14	128	0
15	128	0
16	128	0
17	128	0
18	128	15
19	128	0
20	128	0
21	128	0
22	128	0
23	128	0
0	129	0
1	129	0
2	129	0
3	129	0
4	129	0
5	129	0
6	129	5
7	129	0
8	129	0
9	129	0
10	129	13
11	129	0
12	129	5
13	129	0
14	129	0
15	129	0
16	129	0
17	129	9
18	129	0
19	129	0
20	129	5
21	129	0
22	129	0
23	129	0
0	130	0
1	130	0
2	130	0
3	130	0
4	130	3
5	130	0
6	130	0
7	130	0
8	130	0
9	130	8
10	130	3
11	130	0
12	130	3
13	130	3
14	130	0
15	130	0
16	130	6
17	130	0
18	130	0
19	130	0
20	130	0
21	130	0
22	130	0
23	130	0
0	131	0
1	131	0
2	131	0
3	131	123
4	131	0
5	131	91
6	131	0
7	131	0
8	131	0
9	131	0
10	131	0
11	131	0
12	131	0
13	131	0
14	131	51
15	131	0
16	131	0
17	131	0
18	131	0
19	131	0
20	131	0
21	131	0
22	131	0
23	131	0
0	132	0
1	132	0
2	132	0
3	132	0
4	132	0
5	132	0
6	132	0
7	132	0
8	132	0
9	132	28
10	132	0
11	132	0
12	132	0
13	132	0
14	132	0
15	132	0
16	132	6
17	132	0
18	132	0
19	132	0
20	132	0
21	132	0
22	132	0
23	132	0
0	133	0
1	133	0
2	133	9
3	133	0
4	133	0
5	133	0
6	133	0
7	133	13
8	133	0
9	133	5
10	133	0
11	133	5
12	133	9
13	133	9
14	133	9
15	133	5
16	133	0
17	133	0
18	133	0
19	133	9
20	133	0
21	133	0
22	133	0
23	133	0
0	134	0
1	134	0
2	134	0
3	134	0
4	134	0
5	134	0
6	134	5
7	134	0
8	134	0
9	134	0
10	134	0
11	134	0
12	134	0
13	134	0
14	134	0
15	134	0
16	134	0
17	134	0
18	134	5
19	134	5
20	134	0
21	134	9
22	134	0
23	134	0
0	135	0
1	135	0
2	135	0
3	135	0
4	135	0
5	135	0
6	135	0
7	135	0
8	135	0
9	135	0
10	135	0
11	135	0
12	135	0
13	135	0
14	135	0
15	135	0
16	135	0
17	135	0
18	135	0
19	135	0
20	135	0
21	135	0
22	135	0
23	135	0
0	136	0
1	136	0
2	136	0
3	136	0
4	136	0
5	136	0
6	136	52
7	136	28
8	136	0
9	136	52
10	136	0
11	136	0
12	136	0
13	136	0
14	136	0
15	136	0
16	136	0
17	136	0
18	136	0
19	136	0
20	136	0
21	136	0
22	136	0
23	136	0
0	137	0
1	137	0
2	137	0
3	137	0
4	137	0
5	137	0
6	137	0
7	137	0
8	137	0
9	137	0
10	137	0
11	137	0
12	137	0
13	137	0
14	137	0
15	137	0
16	137	0
17	137	0
18	137	0
19	137	0
20	137	0
21	137	0
22	137	0
23	137	0
0	138	0
1	138	0
2	138	0
3	138	0
4	138	0
5	138	0
6	138	0
7	138	0
8	138	0
9	138	0
10	138	0
11	138	0
12	138	0
13	138	0
14	138	0
15	138	0
16	138	0
17	138	0
18	138	7
19	138	0
20	138	0
21	138	0
22	138	0
23	138	0
0	139	0
1	139	0
2	139	0
3	139	0
4	139	0
5	139	0
6	139	12
7	139	23
8	139	0
9	139	33
10	139	0
11	139	0
12	139	0
13	139	0
14	139	0
15	139	0
16	139	0
17	139	0
18	139	0
19	139	0
20	139	0
21	139	0
22	139	12
23	139	12
0	140	0
1	140	0
2	140	0
3	140	0
4	140	0
5	140	0
6	140	0
7	140	0
8	140	0
9	140	0
10	140	0
11	140	0
12	140	0
13	140	0
14	140	0
15	140	0
16	140	0
17	140	0
18	140	0
19	140	0
20	140	0
21	140	0
22	140	0
23	140	0
0	141	0
1	141	0
2	141	0
3	141	0
4	141	0
5	141	0
6	141	0
7	141	0
8	141	0
9	141	0
10	141	0
11	141	0
12	141	0
13	141	0
14	141	8
15	141	0
16	141	8
17	141	0
18	141	0
19	141	0
20	141	0
21	141	0
22	141	0
23	141	0
0	142	0
1	142	0
2	142	0
3	142	0
4	142	0
5	142	0
6	142	0
7	142	0
8	142	0
9	142	0
10	142	0
11	142	0
12	142	0
13	142	0
14	142	0
15	142	0
16	142	0
17	142	0
18	142	0
19	142	0
20	142	0
21	142	0
22	142	0
23	142	0
0	143	0
1	143	0
2	143	0
3	143	0
4	143	0
5	143	0
6	143	0
7	143	0
8	143	0
9	143	0
10	143	0
11	143	51
12	143	0
13	143	0
14	143	0
15	143	0
16	143	0
17	143	0
18	143	0
19	143	0
20	143	0
21	143	0
22	143	0
23	143	0
0	144	0
1	144	0
2	144	0
3	144	0
4	144	0
5	144	0
6	144	0
7	144	19
8	144	0
9	144	0
10	144	0
11	144	19
12	144	19
13	144	0
14	144	0
15	144	0
16	144	0
17	144	0
18	144	0
19	144	0
20	144	0
21	144	0
22	144	0
23	144	0
0	145	3
1	145	3
2	145	0
3	145	5
4	145	8
5	145	10
6	145	3
7	145	23
8	145	8
9	145	19
10	145	21
11	145	21
12	145	12
13	145	5
14	145	21
15	145	28
16	145	8
17	145	14
18	145	23
19	145	10
20	145	34
21	145	19
22	145	0
23	145	3
0	146	0
1	146	0
2	146	0
3	146	0
4	146	0
5	146	0
6	146	7
7	146	0
8	146	7
9	146	0
10	146	0
11	146	7
12	146	0
13	146	0
14	146	7
15	146	0
16	146	0
17	146	0
18	146	0
19	146	0
20	146	0
21	146	0
22	146	0
23	146	0
0	147	0
1	147	0
2	147	0
3	147	0
4	147	0
5	147	0
6	147	0
7	147	0
8	147	0
9	147	0
10	147	0
11	147	5
12	147	0
13	147	0
14	147	0
15	147	0
16	147	0
17	147	0
18	147	0
19	147	9
20	147	0
21	147	0
22	147	0
23	147	0
0	148	0
1	148	0
2	148	0
3	148	0
4	148	25
5	148	0
6	148	0
7	148	68
8	148	0
9	148	0
10	148	0
11	148	25
12	148	0
13	148	25
14	148	0
15	148	0
16	148	0
17	148	0
18	148	0
19	148	0
20	148	0
21	148	0
22	148	0
23	148	0
0	149	0
1	149	0
2	149	0
3	149	0
4	149	0
5	149	0
6	149	0
7	149	0
8	149	0
9	149	0
10	149	0
11	149	0
12	149	0
13	149	0
14	149	0
15	149	0
16	149	0
17	149	0
18	149	0
19	149	0
20	149	0
21	149	0
22	149	0
23	149	0
0	150	3
1	150	0
2	150	0
3	150	0
4	150	0
5	150	0
6	150	0
7	150	0
8	150	0
9	150	0
10	150	0
11	150	0
12	150	0
13	150	0
14	150	0
15	150	0
16	150	0
17	150	0
18	150	0
19	150	7
20	150	3
21	150	0
22	150	0
23	150	7
0	151	0
1	151	0
2	151	0
3	151	0
4	151	0
5	151	0
6	151	0
7	151	0
8	151	0
9	151	0
10	151	0
11	151	0
12	151	137
13	151	0
14	151	0
15	151	0
16	151	0
17	151	0
18	151	0
19	151	0
20	151	0
21	151	0
22	151	0
23	151	0
0	152	0
1	152	0
2	152	0
3	152	0
4	152	0
5	152	0
6	152	0
7	152	0
8	152	0
9	152	0
10	152	0
11	152	0
12	152	0
13	152	0
14	152	0
15	152	0
16	152	0
17	152	0
18	152	0
19	152	0
20	152	0
21	152	0
22	152	0
23	152	0
0	153	0
1	153	0
2	153	0
3	153	0
4	153	0
5	153	0
6	153	0
7	153	0
8	153	0
9	153	0
10	153	0
11	153	0
12	153	0
13	153	0
14	153	0
15	153	0
16	153	0
17	153	0
18	153	0
19	153	0
20	153	0
21	153	0
22	153	0
23	153	0
0	154	0
1	154	0
2	154	0
3	154	0
4	154	0
5	154	0
6	154	0
7	154	0
8	154	0
9	154	0
10	154	0
11	154	13
12	154	0
13	154	0
14	154	0
15	154	0
16	154	0
17	154	0
18	154	0
19	154	0
20	154	0
21	154	0
22	154	0
23	154	0
0	155	0
1	155	0
2	155	0
3	155	0
4	155	0
5	155	0
6	155	0
7	155	0
8	155	0
9	155	0
10	155	0
11	155	0
12	155	0
13	155	0
14	155	0
15	155	0
16	155	0
17	155	0
18	155	0
19	155	0
20	155	0
21	155	0
22	155	0
23	155	0
0	156	0
1	156	0
2	156	0
3	156	0
4	156	0
5	156	0
6	156	0
7	156	0
8	156	0
9	156	0
10	156	0
11	156	0
12	156	0
13	156	0
14	156	0
15	156	0
16	156	0
17	156	15
18	156	0
19	156	28
20	156	0
21	156	0
22	156	0
23	156	0
0	157	1
1	157	0
2	157	0
3	157	1
4	157	2
5	157	2
6	157	2
7	157	1
8	157	2
9	157	2
10	157	3
11	157	2
12	157	1
13	157	2
14	157	2
15	157	0
16	157	1
17	157	2
18	157	2
19	157	2
20	157	0
21	157	0
22	157	0
23	157	1
0	158	0
1	158	0
2	158	7
3	158	0
4	158	14
5	158	0
6	158	7
7	158	0
8	158	0
9	158	7
10	158	0
11	158	0
12	158	0
13	158	0
14	158	0
15	158	7
16	158	0
17	158	0
18	158	0
19	158	7
20	158	0
21	158	0
22	158	0
23	158	0
0	159	0
1	159	0
2	159	0
3	159	0
4	159	0
5	159	0
6	159	0
7	159	0
8	159	0
9	159	0
10	159	0
11	159	0
12	159	0
13	159	0
14	159	0
15	159	0
16	159	0
17	159	0
18	159	0
19	159	0
20	159	0
21	159	0
22	159	0
23	159	0
0	160	0
1	160	0
2	160	0
3	160	0
4	160	0
5	160	0
6	160	0
7	160	0
8	160	0
9	160	0
10	160	0
11	160	0
12	160	0
13	160	0
14	160	0
15	160	0
16	160	0
17	160	0
18	160	0
19	160	0
20	160	0
21	160	0
22	160	0
23	160	0
0	161	0
1	161	0
2	161	0
3	161	0
4	161	0
5	161	0
6	161	12
7	161	0
8	161	0
9	161	0
10	161	0
11	161	0
12	161	12
13	161	0
14	161	0
15	161	0
16	161	0
17	161	0
18	161	0
19	161	0
20	161	0
21	161	0
22	161	0
23	161	0
0	162	0
1	162	0
2	162	0
3	162	0
4	162	0
5	162	0
6	162	0
7	162	0
8	162	0
9	162	0
10	162	20
11	162	0
12	162	0
13	162	0
14	162	0
15	162	0
16	162	0
17	162	0
18	162	0
19	162	0
20	162	0
21	162	0
22	162	0
23	162	0
0	163	0
1	163	0
2	163	0
3	163	0
4	163	0
5	163	0
6	163	0
7	163	0
8	163	0
9	163	0
10	163	0
11	163	5
12	163	0
13	163	0
14	163	0
15	163	0
16	163	0
17	163	0
18	163	0
19	163	5
20	163	0
21	163	0
22	163	0
23	163	0
0	164	0
1	164	0
2	164	0
3	164	0
4	164	0
5	164	0
6	164	0
7	164	0
8	164	0
9	164	0
10	164	0
11	164	14
12	164	0
13	164	26
14	164	0
15	164	0
16	164	0
17	164	0
18	164	0
19	164	14
20	164	0
21	164	0
22	164	0
23	164	0
0	165	6
1	165	6
2	165	0
3	165	0
4	165	11
5	165	3
6	165	6
7	165	15
8	165	3
9	165	15
10	165	6
11	165	13
12	165	18
13	165	13
14	165	8
15	165	8
16	165	6
17	165	20
18	165	0
19	165	18
20	165	11
21	165	8
22	165	6
23	165	0
0	166	1
1	166	1
2	166	1
3	166	2
4	166	5
5	166	5
6	166	6
7	166	5
8	166	7
9	166	7
10	166	8
11	166	6
12	166	9
13	166	11
14	166	12
15	166	8
16	166	6
17	166	9
18	166	7
19	166	9
20	166	5
21	166	3
22	166	2
23	166	1
0	167	0
1	167	0
2	167	0
3	167	0
4	167	0
5	167	0
6	167	0
7	167	0
8	167	0
9	167	0
10	167	0
11	167	0
12	167	0
13	167	0
14	167	0
15	167	0
16	167	11
17	167	0
18	167	0
19	167	0
20	167	0
21	167	0
22	167	0
23	167	0
0	168	0
1	168	0
2	168	0
3	168	0
4	168	0
5	168	12
6	168	12
7	168	12
8	168	0
9	168	12
10	168	6
11	168	6
12	168	6
13	168	0
14	168	0
15	168	0
16	168	6
17	168	0
18	168	12
19	168	6
20	168	6
21	168	0
22	168	0
23	168	0
0	169	0
1	169	0
2	169	0
3	169	0
4	169	0
5	169	0
6	169	0
7	169	0
8	169	0
9	169	0
10	169	0
11	169	0
12	169	0
13	169	0
14	169	0
15	169	0
16	169	0
17	169	0
18	169	0
19	169	0
20	169	0
21	169	0
22	169	0
23	169	0
0	170	0
1	170	0
2	170	0
3	170	0
4	170	0
5	170	12
6	170	34
7	170	0
8	170	23
9	170	0
10	170	0
11	170	0
12	170	0
13	170	0
14	170	0
15	170	23
16	170	0
17	170	0
18	170	0
19	170	23
20	170	23
21	170	23
22	170	0
23	170	0
0	171	0
1	171	0
2	171	0
3	171	0
4	171	0
5	171	0
6	171	0
7	171	0
8	171	0
9	171	0
10	171	0
11	171	0
12	171	0
13	171	0
14	171	11
15	171	0
16	171	0
17	171	0
18	171	0
19	171	0
20	171	0
21	171	0
22	171	0
23	171	0
0	172	0
1	172	0
2	172	0
3	172	0
4	172	0
5	172	0
6	172	0
7	172	0
8	172	0
9	172	0
10	172	0
11	172	0
12	172	0
13	172	0
14	172	0
15	172	0
16	172	0
17	172	0
18	172	0
19	172	0
20	172	0
21	172	0
22	172	0
23	172	0
0	173	1
1	173	0
2	173	1
3	173	2
4	173	0
5	173	1
6	173	2
7	173	9
8	173	4
9	173	5
10	173	7
11	173	7
12	173	7
13	173	5
14	173	4
15	173	4
16	173	1
17	173	6
18	173	3
19	173	2
20	173	4
21	173	3
22	173	8
23	173	2
0	174	0
1	174	0
2	174	0
3	174	0
4	174	0
5	174	0
6	174	0
7	174	0
8	174	0
9	174	0
10	174	0
11	174	0
12	174	0
13	174	0
14	174	0
15	174	0
16	174	6
17	174	0
18	174	0
19	174	0
20	174	0
21	174	0
22	174	0
23	174	0
0	175	0
1	175	0
2	175	0
3	175	0
4	175	0
5	175	0
6	175	0
7	175	50
8	175	0
9	175	0
10	175	0
11	175	26
12	175	0
13	175	0
14	175	0
15	175	0
16	175	26
17	175	0
18	175	50
19	175	0
20	175	0
21	175	0
22	175	0
23	175	0
0	176	0
1	176	0
2	176	0
3	176	10
4	176	0
5	176	0
6	176	0
7	176	0
8	176	4
9	176	0
10	176	0
11	176	0
12	176	23
13	176	0
14	176	0
15	176	0
16	176	0
17	176	0
18	176	4
19	176	0
20	176	4
21	176	0
22	176	0
23	176	0
0	177	0
1	177	0
2	177	0
3	177	0
4	177	0
5	177	0
6	177	0
7	177	0
8	177	0
9	177	0
10	177	0
11	177	0
12	177	0
13	177	0
14	177	0
15	177	0
16	177	0
17	177	0
18	177	0
19	177	0
20	177	0
21	177	0
22	177	0
23	177	0
0	178	3
1	178	1
2	178	2
3	178	3
4	178	5
5	178	8
6	178	10
7	178	10
8	178	16
9	178	18
10	178	4
11	178	13
12	178	19
13	178	14
14	178	17
15	178	10
16	178	6
17	178	8
18	178	9
19	178	14
20	178	10
21	178	10
22	178	2
23	178	5
0	179	0
1	179	0
2	179	0
3	179	0
4	179	0
5	179	0
6	179	0
7	179	0
8	179	0
9	179	0
10	179	0
11	179	0
12	179	0
13	179	0
14	179	7
15	179	0
16	179	0
17	179	0
18	179	0
19	179	0
20	179	0
21	179	0
22	179	0
23	179	0
0	180	0
1	180	0
2	180	0
3	180	0
4	180	0
5	180	0
6	180	0
7	180	0
8	180	0
9	180	0
10	180	0
11	180	0
12	180	0
13	180	0
14	180	0
15	180	0
16	180	0
17	180	0
18	180	0
19	180	0
20	180	0
21	180	0
22	180	0
23	180	0
0	181	0
1	181	0
2	181	0
3	181	0
4	181	0
5	181	0
6	181	0
7	181	0
8	181	0
9	181	0
10	181	49
11	181	0
12	181	0
13	181	0
14	181	0
15	181	49
16	181	49
17	181	0
18	181	0
19	181	0
20	181	0
21	181	0
22	181	0
23	181	0
0	182	0
1	182	0
2	182	0
3	182	0
4	182	0
5	182	0
6	182	7
7	182	0
8	182	0
9	182	0
10	182	0
11	182	0
12	182	0
13	182	0
14	182	0
15	182	0
16	182	0
17	182	0
18	182	0
19	182	0
20	182	0
21	182	0
22	182	0
23	182	0
0	183	2
1	183	1
2	183	2
3	183	1
4	183	1
5	183	3
6	183	5
7	183	5
8	183	4
9	183	7
10	183	4
11	183	3
12	183	3
13	183	5
14	183	3
15	183	4
16	183	4
17	183	7
18	183	5
19	183	5
20	183	5
21	183	3
22	183	1
23	183	2
0	184	0
1	184	0
2	184	0
3	184	0
4	184	0
5	184	0
6	184	0
7	184	0
8	184	0
9	184	0
10	184	0
11	184	0
12	184	0
13	184	0
14	184	0
15	184	0
16	184	0
17	184	0
18	184	0
19	184	0
20	184	0
21	184	0
22	184	0
23	184	0
0	185	0
1	185	0
2	185	0
3	185	0
4	185	0
5	185	0
6	185	0
7	185	0
8	185	0
9	185	0
10	185	0
11	185	0
12	185	0
13	185	0
14	185	0
15	185	0
16	185	0
17	185	0
18	185	0
19	185	0
20	185	0
21	185	0
22	185	0
23	185	0
0	186	0
1	186	0
2	186	0
3	186	0
4	186	0
5	186	5
6	186	0
7	186	5
8	186	3
9	186	0
10	186	0
11	186	3
12	186	7
13	186	7
14	186	7
15	186	7
16	186	0
17	186	0
18	186	0
19	186	0
20	186	0
21	186	3
22	186	5
23	186	0
0	187	0
1	187	0
2	187	2
3	187	0
4	187	2
5	187	0
6	187	4
7	187	4
8	187	0
9	187	2
10	187	2
11	187	2
12	187	2
13	187	4
14	187	3
15	187	14
16	187	7
17	187	4
18	187	9
19	187	3
20	187	5
21	187	9
22	187	3
23	187	0
0	188	0
1	188	2
2	188	0
3	188	2
4	188	0
5	188	0
6	188	5
7	188	0
8	188	4
9	188	3
10	188	0
11	188	2
12	188	4
13	188	5
14	188	4
15	188	2
16	188	6
17	188	7
18	188	5
19	188	7
20	188	8
21	188	2
22	188	5
23	188	2
0	189	0
1	189	0
2	189	0
3	189	0
4	189	0
5	189	0
6	189	13
7	189	40
8	189	0
9	189	0
10	189	7
11	189	7
12	189	18
13	189	0
14	189	0
15	189	0
16	189	7
17	189	24
18	189	7
19	189	0
20	189	7
21	189	0
22	189	0
23	189	0
0	190	0
1	190	0
2	190	0
3	190	0
4	190	0
5	190	0
6	190	0
7	190	0
8	190	0
9	190	0
10	190	0
11	190	0
12	190	0
13	190	0
14	190	0
15	190	25
16	190	25
17	190	0
18	190	0
19	190	0
20	190	0
21	190	0
22	190	0
23	190	0
0	191	0
1	191	0
2	191	0
3	191	3
4	191	1
5	191	2
6	191	1
7	191	1
8	191	2
9	191	1
10	191	2
11	191	1
12	191	2
13	191	2
14	191	3
15	191	3
16	191	3
17	191	3
18	191	2
19	191	2
20	191	2
21	191	1
22	191	0
23	191	0
0	192	0
1	192	0
2	192	0
3	192	0
4	192	38
5	192	0
6	192	0
7	192	0
8	192	0
9	192	0
10	192	14
11	192	0
12	192	14
13	192	0
14	192	0
15	192	0
16	192	0
17	192	0
18	192	0
19	192	0
20	192	0
21	192	0
22	192	0
23	192	0
0	193	0
1	193	0
2	193	0
3	193	0
4	193	0
5	193	0
6	193	0
7	193	0
8	193	2
9	193	0
10	193	0
11	193	2
12	193	0
13	193	0
14	193	0
15	193	0
16	193	0
17	193	0
18	193	4
19	193	0
20	193	0
21	193	2
22	193	0
23	193	0
0	194	0
1	194	0
2	194	0
3	194	0
4	194	0
5	194	0
6	194	0
7	194	0
8	194	0
9	194	0
10	194	0
11	194	0
12	194	0
13	194	0
14	194	0
15	194	0
16	194	0
17	194	0
18	194	0
19	194	0
20	194	0
21	194	0
22	194	0
23	194	0
0	195	0
1	195	0
2	195	0
3	195	0
4	195	0
5	195	0
6	195	0
7	195	0
8	195	0
9	195	0
10	195	0
11	195	0
12	195	0
13	195	0
14	195	0
15	195	0
16	195	0
17	195	0
18	195	30
19	195	0
20	195	0
21	195	0
22	195	30
23	195	0
0	196	0
1	196	0
2	196	0
3	196	0
4	196	0
5	196	0
6	196	0
7	196	0
8	196	0
9	196	0
10	196	0
11	196	0
12	196	0
13	196	0
14	196	0
15	196	0
16	196	0
17	196	0
18	196	0
19	196	0
20	196	0
21	196	0
22	196	0
23	196	0
0	197	4
1	197	0
2	197	0
3	197	2
4	197	2
5	197	0
6	197	2
7	197	4
8	197	2
9	197	0
10	197	4
11	197	4
12	197	2
13	197	0
14	197	2
15	197	0
16	197	9
17	197	2
18	197	2
19	197	4
20	197	0
21	197	2
22	197	2
23	197	0
0	198	0
1	198	0
2	198	0
3	198	0
4	198	0
5	198	0
6	198	0
7	198	0
8	198	0
9	198	0
10	198	0
11	198	0
12	198	0
13	198	0
14	198	0
15	198	0
16	198	77
17	198	77
18	198	0
19	198	0
20	198	0
21	198	0
22	198	0
23	198	0
0	199	0
1	199	0
2	199	0
3	199	0
4	199	0
5	199	0
6	199	0
7	199	53
8	199	0
9	199	0
10	199	95
11	199	0
12	199	95
13	199	0
14	199	0
15	199	95
16	199	53
17	199	0
18	199	0
19	199	0
20	199	0
21	199	0
22	199	0
23	199	0
0	200	2
1	200	0
2	200	0
3	200	2
4	200	6
5	200	3
6	200	6
7	200	24
8	200	11
9	200	7
10	200	6
11	200	13
12	200	8
13	200	7
14	200	6
15	200	10
16	200	3
17	200	8
18	200	9
19	200	8
20	200	10
21	200	3
22	200	0
23	200	0
0	201	6
1	201	0
2	201	0
3	201	0
4	201	3
5	201	0
6	201	0
7	201	9
8	201	3
9	201	6
10	201	3
11	201	3
12	201	0
13	201	3
14	201	3
15	201	0
16	201	6
17	201	3
18	201	0
19	201	0
20	201	3
21	201	6
22	201	3
23	201	0
0	202	0
1	202	0
2	202	0
3	202	6
4	202	12
5	202	29
6	202	0
7	202	0
8	202	6
9	202	0
10	202	12
11	202	6
12	202	0
13	202	18
14	202	12
15	202	6
16	202	18
17	202	0
18	202	6
19	202	12
20	202	12
21	202	12
22	202	0
23	202	6
0	203	0
1	203	0
2	203	0
3	203	0
4	203	0
5	203	0
6	203	0
7	203	0
8	203	0
9	203	51
10	203	0
11	203	0
12	203	0
13	203	0
14	203	0
15	203	0
16	203	0
17	203	0
18	203	0
19	203	0
20	203	0
21	203	0
22	203	0
23	203	0
0	204	0
1	204	0
2	204	0
3	204	0
4	204	0
5	204	0
6	204	0
7	204	0
8	204	0
9	204	0
10	204	0
11	204	0
12	204	0
13	204	0
14	204	0
15	204	0
16	204	0
17	204	0
18	204	0
19	204	0
20	204	0
21	204	0
22	204	0
23	204	0
0	205	0
1	205	0
2	205	0
3	205	0
4	205	0
5	205	0
6	205	0
7	205	0
8	205	0
9	205	0
10	205	0
11	205	0
12	205	0
13	205	0
14	205	0
15	205	0
16	205	0
17	205	0
18	205	0
19	205	0
20	205	0
21	205	0
22	205	0
23	205	0
0	206	0
1	206	1
2	206	0
3	206	2
4	206	1
5	206	1
6	206	4
7	206	2
8	206	2
9	206	3
10	206	4
11	206	3
12	206	1
13	206	0
14	206	3
15	206	1
16	206	2
17	206	1
18	206	1
19	206	0
20	206	1
21	206	2
22	206	0
23	206	0
0	207	0
1	207	0
2	207	0
3	207	6
4	207	0
5	207	0
6	207	0
7	207	6
8	207	0
9	207	6
10	207	11
11	207	0
12	207	0
13	207	0
14	207	0
15	207	17
16	207	6
17	207	6
18	207	6
19	207	0
20	207	0
21	207	0
22	207	0
23	207	0
0	208	0
1	208	0
2	208	0
3	208	0
4	208	0
5	208	3
6	208	5
7	208	0
8	208	0
9	208	8
10	208	0
11	208	0
12	208	3
13	208	3
14	208	0
15	208	0
16	208	0
17	208	3
18	208	3
19	208	8
20	208	3
21	208	0
22	208	0
23	208	0
0	209	0
1	209	0
2	209	0
3	209	0
4	209	0
5	209	11
6	209	0
7	209	21
8	209	11
9	209	0
10	209	11
11	209	0
12	209	0
13	209	0
14	209	11
15	209	0
16	209	0
17	209	0
18	209	0
19	209	0
20	209	0
21	209	0
22	209	0
23	209	0
0	210	1
1	210	1
2	210	1
3	210	1
4	210	3
5	210	3
6	210	3
7	210	3
8	210	3
9	210	3
10	210	3
11	210	3
12	210	3
13	210	4
14	210	3
15	210	4
16	210	4
17	210	4
18	210	4
19	210	5
20	210	2
21	210	2
22	210	1
23	210	1
0	211	0
1	211	0
2	211	0
3	211	0
4	211	0
5	211	0
6	211	175
7	211	0
8	211	0
9	211	0
10	211	0
11	211	0
12	211	0
13	211	0
14	211	0
15	211	0
16	211	230
17	211	0
18	211	0
19	211	0
20	211	0
21	211	0
22	211	0
23	211	0
0	212	0
1	212	0
2	212	0
3	212	34
4	212	0
5	212	0
6	212	0
7	212	0
8	212	0
9	212	0
10	212	34
11	212	0
12	212	0
13	212	0
14	212	0
15	212	0
16	212	0
17	212	34
18	212	34
19	212	0
20	212	0
21	212	0
22	212	0
23	212	0
0	213	1
1	213	2
2	213	1
3	213	2
4	213	3
5	213	3
6	213	3
7	213	3
8	213	4
9	213	5
10	213	4
11	213	3
12	213	2
13	213	5
14	213	3
15	213	3
16	213	5
17	213	5
18	213	4
19	213	6
20	213	3
21	213	3
22	213	3
23	213	0
0	214	0
1	214	0
2	214	0
3	214	0
4	214	0
5	214	0
6	214	0
7	214	0
8	214	0
9	214	0
10	214	0
11	214	0
12	214	0
13	214	0
14	214	0
15	214	0
16	214	0
17	214	0
18	214	0
19	214	0
20	214	0
21	214	0
22	214	0
23	214	0
0	215	6
1	215	3
2	215	0
3	215	5
4	215	10
5	215	11
6	215	10
7	215	5
8	215	7
9	215	10
10	215	10
11	215	10
12	215	15
13	215	6
14	215	20
15	215	6
16	215	16
17	215	5
18	215	9
19	215	10
20	215	9
21	215	7
22	215	9
23	215	2
0	216	0
1	216	0
2	216	0
3	216	0
4	216	0
5	216	0
6	216	0
7	216	0
8	216	0
9	216	0
10	216	0
11	216	0
12	216	18
13	216	0
14	216	0
15	216	0
16	216	0
17	216	0
18	216	0
19	216	0
20	216	0
21	216	0
22	216	0
23	216	0
0	217	0
1	217	0
2	217	0
3	217	0
4	217	0
5	217	38
6	217	0
7	217	14
8	217	26
9	217	14
10	217	0
11	217	14
12	217	0
13	217	0
14	217	0
15	217	14
16	217	0
17	217	0
18	217	0
19	217	0
20	217	0
21	217	0
22	217	0
23	217	0
0	218	0
1	218	0
2	218	4
3	218	0
4	218	0
5	218	0
6	218	0
7	218	0
8	218	3
9	218	0
10	218	15
11	218	3
12	218	2
13	218	6
14	218	0
15	218	0
16	218	3
17	218	2
18	218	2
19	218	2
20	218	2
21	218	2
22	218	0
23	218	0
0	219	0
1	219	0
2	219	0
3	219	0
4	219	0
5	219	0
6	219	0
7	219	0
8	219	26
9	219	14
10	219	0
11	219	0
12	219	0
13	219	14
14	219	14
15	219	0
16	219	0
17	219	0
18	219	14
19	219	0
20	219	0
21	219	14
22	219	0
23	219	0
0	220	1
1	220	0
2	220	0
3	220	1
4	220	1
5	220	1
6	220	1
7	220	1
8	220	2
9	220	3
10	220	4
11	220	4
12	220	4
13	220	1
14	220	3
15	220	5
16	220	2
17	220	2
18	220	5
19	220	2
20	220	6
21	220	2
22	220	1
23	220	0
0	221	0
1	221	0
2	221	0
3	221	0
4	221	0
5	221	0
6	221	0
7	221	0
8	221	0
9	221	0
10	221	0
11	221	0
12	221	0
13	221	0
14	221	0
15	221	0
16	221	0
17	221	0
18	221	0
19	221	0
20	221	0
21	221	0
22	221	0
23	221	0
0	222	24
1	222	0
2	222	0
3	222	0
4	222	0
5	222	0
6	222	0
7	222	0
8	222	0
9	222	9
10	222	0
11	222	24
12	222	0
13	222	0
14	222	0
15	222	17
16	222	0
17	222	0
18	222	0
19	222	9
20	222	0
21	222	24
22	222	0
23	222	0
0	223	0
1	223	0
2	223	0
3	223	0
4	223	0
5	223	26
6	223	0
7	223	0
8	223	0
9	223	0
10	223	0
11	223	49
12	223	0
13	223	0
14	223	0
15	223	49
16	223	0
17	223	0
18	223	0
19	223	0
20	223	0
21	223	0
22	223	0
23	223	0
0	224	0
1	224	0
2	224	0
3	224	0
4	224	0
5	224	0
6	224	0
7	224	0
8	224	0
9	224	0
10	224	0
11	224	0
12	224	0
13	224	0
14	224	0
15	224	0
16	224	0
17	224	0
18	224	0
19	224	0
20	224	0
21	224	0
22	224	0
23	224	0
0	225	0
1	225	0
2	225	0
3	225	0
4	225	0
5	225	0
6	225	0
7	225	0
8	225	0
9	225	0
10	225	201
11	225	137
12	225	0
13	225	0
14	225	0
15	225	0
16	225	0
17	225	0
18	225	0
19	225	0
20	225	0
21	225	0
22	225	0
23	225	0
0	226	0
1	226	0
2	226	0
3	226	0
4	226	0
5	226	0
6	226	17
7	226	0
8	226	9
9	226	0
10	226	0
11	226	0
12	226	0
13	226	9
14	226	13
15	226	0
16	226	9
17	226	9
18	226	0
19	226	5
20	226	0
21	226	0
22	226	0
23	226	0
0	227	0
1	227	0
2	227	0
3	227	0
4	227	0
5	227	0
6	227	0
7	227	0
8	227	0
9	227	0
10	227	0
11	227	0
12	227	0
13	227	0
14	227	0
15	227	0
16	227	0
17	227	0
18	227	0
19	227	0
20	227	0
21	227	0
22	227	0
23	227	0
0	228	0
1	228	0
2	228	0
3	228	0
4	228	0
5	228	0
6	228	0
7	228	0
8	228	0
9	228	0
10	228	0
11	228	0
12	228	16
13	228	0
14	228	0
15	228	0
16	228	0
17	228	0
18	228	0
19	228	0
20	228	0
21	228	0
22	228	0
23	228	0
0	229	0
1	229	0
2	229	0
3	229	0
4	229	0
5	229	0
6	229	0
7	229	0
8	229	0
9	229	0
10	229	0
11	229	0
12	229	0
13	229	0
14	229	0
15	229	22
16	229	0
17	229	0
18	229	0
19	229	0
20	229	0
21	229	0
22	229	0
23	229	0
0	230	0
1	230	0
2	230	0
3	230	0
4	230	0
5	230	0
6	230	23
7	230	43
8	230	23
9	230	61
10	230	0
11	230	0
12	230	0
13	230	0
14	230	0
15	230	0
16	230	23
17	230	0
18	230	0
19	230	0
20	230	0
21	230	0
22	230	0
23	230	0
0	231	0
1	231	0
2	231	0
3	231	0
4	231	0
5	231	0
6	231	0
7	231	0
8	231	0
9	231	0
10	231	42
11	231	0
12	231	0
13	231	0
14	231	0
15	231	0
16	231	0
17	231	77
18	231	77
19	231	0
20	231	0
21	231	0
22	231	0
23	231	0
0	232	2
1	232	2
2	232	2
3	232	5
4	232	7
5	232	9
6	232	12
7	232	12
8	232	13
9	232	13
10	232	13
11	232	13
12	232	14
13	232	14
14	232	13
15	232	13
16	232	13
17	232	13
18	232	14
19	232	14
20	232	11
21	232	7
22	232	4
23	232	3
0	233	6
1	233	2
2	233	2
3	233	32
4	233	4
5	233	10
6	233	12
7	233	6
8	233	6
9	233	10
10	233	40
11	233	2
12	233	13
13	233	6
14	233	13
15	233	4
16	233	10
17	233	19
18	233	15
19	233	19
20	233	4
21	233	8
22	233	8
23	233	0
0	234	0
1	234	0
2	234	0
3	234	0
4	234	0
5	234	0
6	234	0
7	234	0
8	234	0
9	234	0
10	234	0
11	234	0
12	234	0
13	234	0
14	234	0
15	234	0
16	234	0
17	234	0
18	234	0
19	234	0
20	234	0
21	234	0
22	234	0
23	234	0
0	235	0
1	235	0
2	235	0
3	235	0
4	235	0
5	235	0
6	235	0
7	235	0
8	235	0
9	235	0
10	235	0
11	235	0
12	235	0
13	235	11
14	235	0
15	235	0
16	235	0
17	235	0
18	235	0
19	235	0
20	235	0
21	235	0
22	235	0
23	235	0
0	236	0
1	236	0
2	236	0
3	236	0
4	236	0
5	236	0
6	236	0
7	236	0
8	236	0
9	236	0
10	236	112
11	236	0
12	236	0
13	236	0
14	236	0
15	236	0
16	236	0
17	236	0
18	236	0
19	236	0
20	236	0
21	236	0
22	236	0
23	236	0
0	237	0
1	237	0
2	237	0
3	237	0
4	237	0
5	237	0
6	237	0
7	237	0
8	237	0
9	237	0
10	237	0
11	237	0
12	237	0
13	237	0
14	237	0
15	237	0
16	237	0
17	237	0
18	237	0
19	237	0
20	237	0
21	237	0
22	237	0
23	237	0
0	238	0
1	238	0
2	238	0
3	238	0
4	238	0
5	238	0
6	238	0
7	238	0
8	238	0
9	238	0
10	238	0
11	238	0
12	238	0
13	238	0
14	238	0
15	238	95
16	238	0
17	238	0
18	238	0
19	238	95
20	238	0
21	238	0
22	238	0
23	238	0
0	239	1
1	239	1
2	239	1
3	239	2
4	239	5
5	239	6
6	239	4
7	239	6
8	239	6
9	239	7
10	239	7
11	239	8
12	239	7
13	239	5
14	239	8
15	239	7
16	239	6
17	239	8
18	239	5
19	239	7
20	239	6
21	239	4
22	239	3
23	239	2
0	240	1
1	240	0
2	240	0
3	240	0
4	240	0
5	240	0
6	240	2
7	240	4
8	240	8
9	240	6
10	240	9
11	240	8
12	240	2
13	240	2
14	240	8
15	240	4
16	240	2
17	240	7
18	240	3
19	240	6
20	240	1
21	240	2
22	240	1
23	240	1
0	241	0
1	241	0
2	241	0
3	241	0
4	241	10
5	241	19
6	241	0
7	241	0
8	241	0
9	241	0
10	241	0
11	241	0
12	241	19
13	241	0
14	241	10
15	241	0
16	241	0
17	241	0
18	241	10
19	241	0
20	241	0
21	241	0
22	241	0
23	241	0
0	242	0
1	242	0
2	242	0
3	242	0
4	242	0
5	242	0
6	242	0
7	242	0
8	242	0
9	242	0
10	242	0
11	242	0
12	242	0
13	242	0
14	242	0
15	242	0
16	242	0
17	242	14
18	242	0
19	242	0
20	242	0
21	242	0
22	242	0
23	242	0
0	243	0
1	243	0
2	243	0
3	243	0
4	243	0
5	243	0
6	243	0
7	243	0
8	243	0
9	243	0
10	243	0
11	243	0
12	243	0
13	243	0
14	243	0
15	243	0
16	243	0
17	243	0
18	243	0
19	243	0
20	243	0
21	243	0
22	243	0
23	243	0
0	244	2
1	244	0
2	244	0
3	244	0
4	244	0
5	244	2
6	244	5
7	244	2
8	244	6
9	244	5
10	244	2
11	244	0
12	244	7
13	244	6
14	244	3
15	244	5
16	244	2
17	244	0
18	244	2
19	244	0
20	244	5
21	244	0
22	244	0
23	244	0
0	245	0
1	245	0
2	245	0
3	245	0
4	245	0
5	245	0
6	245	0
7	245	0
8	245	0
9	245	36
10	245	0
11	245	0
12	245	0
13	245	0
14	245	0
15	245	0
16	245	0
17	245	0
18	245	0
19	245	0
20	245	0
21	245	0
22	245	0
23	245	0
0	246	3
1	246	0
2	246	2
3	246	4
4	246	11
5	246	9
6	246	9
7	246	7
8	246	7
9	246	5
10	246	7
11	246	18
12	246	18
13	246	29
14	246	40
15	246	11
16	246	8
17	246	10
18	246	15
19	246	8
20	246	16
21	246	8
22	246	3
23	246	4
0	247	4
1	247	0
2	247	0
3	247	3
4	247	0
5	247	2
6	247	0
7	247	0
8	247	0
9	247	0
10	247	2
11	247	4
12	247	7
13	247	2
14	247	4
15	247	0
16	247	4
17	247	0
18	247	3
19	247	2
20	247	2
21	247	4
22	247	2
23	247	0
0	248	0
1	248	0
2	248	0
3	248	0
4	248	0
5	248	12
6	248	0
7	248	0
8	248	0
9	248	0
10	248	0
11	248	0
12	248	0
13	248	0
14	248	0
15	248	0
16	248	0
17	248	0
18	248	0
19	248	0
20	248	12
21	248	0
22	248	0
23	248	0
0	249	0
1	249	0
2	249	0
3	249	0
4	249	0
5	249	0
6	249	0
7	249	0
8	249	0
9	249	0
10	249	0
11	249	0
12	249	0
13	249	0
14	249	0
15	249	0
16	249	0
17	249	0
18	249	0
19	249	0
20	249	0
21	249	0
22	249	0
23	249	0
0	250	0
1	250	0
2	250	0
3	250	0
4	250	0
5	250	55
6	250	15
7	250	0
8	250	0
9	250	0
10	250	0
11	250	0
12	250	0
13	250	0
14	250	0
15	250	0
16	250	0
17	250	0
18	250	0
19	250	0
20	250	0
21	250	0
22	250	0
23	250	0
0	251	0
1	251	0
2	251	0
3	251	0
4	251	0
5	251	0
6	251	0
7	251	0
8	251	0
9	251	0
10	251	0
11	251	0
12	251	0
13	251	0
14	251	0
15	251	0
16	251	0
17	251	0
18	251	0
19	251	0
20	251	95
21	251	0
22	251	0
23	251	0
0	252	0
1	252	0
2	252	0
3	252	0
4	252	0
5	252	16
6	252	13
7	252	0
8	252	10
9	252	0
10	252	0
11	252	0
12	252	4
13	252	13
14	252	0
15	252	4
16	252	7
17	252	0
18	252	4
19	252	0
20	252	0
21	252	0
22	252	0
23	252	0
0	253	0
1	253	0
2	253	0
3	253	0
4	253	0
5	253	0
6	253	0
7	253	0
8	253	0
9	253	6
10	253	6
11	253	0
12	253	0
13	253	16
14	253	6
15	253	0
16	253	0
17	253	21
18	253	0
19	253	0
20	253	0
21	253	0
22	253	0
23	253	0
0	254	0
1	254	0
2	254	0
3	254	0
4	254	0
5	254	0
6	254	12
7	254	0
8	254	0
9	254	0
10	254	0
11	254	0
12	254	0
13	254	0
14	254	0
15	254	0
16	254	0
17	254	0
18	254	0
19	254	0
20	254	0
21	254	0
22	254	0
23	254	0
0	255	0
1	255	0
2	255	0
3	255	0
4	255	0
5	255	0
6	255	18
7	255	0
8	255	0
9	255	0
10	255	0
11	255	0
12	255	0
13	255	0
14	255	0
15	255	51
16	255	0
17	255	0
18	255	0
19	255	0
20	255	0
21	255	0
22	255	0
23	255	0
0	256	0
1	256	0
2	256	0
3	256	0
4	256	0
5	256	0
6	256	0
7	256	0
8	256	0
9	256	0
10	256	0
11	256	0
12	256	0
13	256	0
14	256	0
15	256	0
16	256	0
17	256	0
18	256	0
19	256	0
20	256	0
21	256	0
22	256	0
23	256	0
0	257	0
1	257	0
2	257	1
3	257	4
4	257	2
5	257	1
6	257	3
7	257	1
8	257	3
9	257	2
10	257	0
11	257	3
12	257	4
13	257	2
14	257	5
15	257	4
16	257	3
17	257	4
18	257	3
19	257	4
20	257	3
21	257	0
22	257	1
23	257	0
0	258	0
1	258	0
2	258	0
3	258	0
4	258	0
5	258	0
6	258	0
7	258	0
8	258	0
9	258	0
10	258	0
11	258	5
12	258	0
13	258	0
14	258	0
15	258	0
16	258	5
17	258	0
18	258	0
19	258	5
20	258	0
21	258	5
22	258	0
23	258	0
0	259	1
1	259	1
2	259	0
3	259	1
4	259	2
5	259	4
6	259	3
7	259	4
8	259	2
9	259	2
10	259	3
11	259	5
12	259	4
13	259	5
14	259	3
15	259	11
16	259	2
17	259	6
18	259	3
19	259	5
20	259	3
21	259	1
22	259	0
23	259	2
0	260	0
1	260	0
2	260	0
3	260	0
4	260	0
5	260	0
6	260	0
7	260	0
8	260	26
9	260	0
10	260	50
11	260	0
12	260	0
13	260	0
14	260	0
15	260	0
16	260	0
17	260	0
18	260	0
19	260	0
20	260	0
21	260	0
22	260	0
23	260	0
0	261	0
1	261	0
2	261	0
3	261	20
4	261	0
5	261	37
6	261	37
7	261	0
8	261	0
9	261	0
10	261	0
11	261	37
12	261	69
13	261	0
14	261	0
15	261	0
16	261	0
17	261	0
18	261	0
19	261	0
20	261	0
21	261	0
22	261	0
23	261	0
0	262	0
1	262	0
2	262	0
3	262	11
4	262	0
5	262	0
6	262	0
7	262	0
8	262	0
9	262	0
10	262	0
11	262	0
12	262	0
13	262	0
14	262	0
15	262	0
16	262	11
17	262	21
18	262	0
19	262	0
20	262	0
21	262	0
22	262	0
23	262	0
0	263	0
1	263	0
2	263	0
3	263	0
4	263	10
5	263	0
6	263	0
7	263	0
8	263	0
9	263	0
10	263	0
11	263	10
12	263	10
13	263	0
14	263	0
15	263	0
16	263	0
17	263	0
18	263	0
19	263	0
20	263	0
21	263	0
22	263	0
23	263	0
0	264	0
1	264	0
2	264	0
3	264	0
4	264	0
5	264	0
6	264	0
7	264	0
8	264	0
9	264	0
10	264	0
11	264	0
12	264	0
13	264	0
14	264	0
15	264	0
16	264	0
17	264	154
18	264	0
19	264	0
20	264	0
21	264	0
22	264	0
23	264	0
0	265	0
1	265	0
2	265	0
3	265	0
4	265	0
5	265	0
6	265	0
7	265	0
8	265	0
9	265	0
10	265	0
11	265	0
12	265	0
13	265	0
14	265	0
15	265	0
16	265	0
17	265	0
18	265	0
19	265	0
20	265	0
21	265	0
22	265	0
23	265	0
0	266	0
1	266	0
2	266	0
3	266	0
4	266	0
5	266	0
6	266	0
7	266	0
8	266	0
9	266	0
10	266	0
11	266	0
12	266	0
13	266	0
14	266	0
15	266	0
16	266	0
17	266	0
18	266	0
19	266	0
20	266	0
21	266	0
22	266	0
23	266	0
0	267	4
1	267	1
2	267	0
3	267	1
4	267	6
5	267	10
6	267	8
7	267	8
8	267	6
9	267	7
10	267	5
11	267	8
12	267	7
13	267	7
14	267	11
15	267	4
16	267	5
17	267	5
18	267	9
19	267	9
20	267	6
21	267	3
22	267	2
23	267	2
0	268	0
1	268	0
2	268	0
3	268	0
4	268	0
5	268	0
6	268	0
7	268	0
8	268	0
9	268	0
10	268	0
11	268	0
12	268	0
13	268	5
14	268	0
15	268	0
16	268	0
17	268	0
18	268	5
19	268	20
20	268	5
21	268	0
22	268	0
23	268	0
0	269	0
1	269	0
2	269	0
3	269	0
4	269	0
5	269	0
6	269	2
7	269	0
8	269	4
9	269	4
10	269	2
11	269	0
12	269	2
13	269	2
14	269	2
15	269	0
16	269	0
17	269	0
18	269	6
19	269	2
20	269	0
21	269	2
22	269	0
23	269	2
0	270	0
1	270	0
2	270	0
3	270	0
4	270	0
5	270	0
6	270	0
7	270	0
8	270	0
9	270	0
10	270	0
11	270	187
12	270	0
13	270	0
14	270	0
15	270	0
16	270	0
17	270	123
18	270	0
19	270	0
20	270	187
21	270	0
22	270	0
23	270	0
0	271	4
1	271	0
2	271	4
3	271	0
4	271	0
5	271	0
6	271	0
7	271	6
8	271	0
9	271	6
10	271	3
11	271	0
12	271	3
13	271	0
14	271	3
15	271	0
16	271	0
17	271	0
18	271	3
19	271	8
20	271	0
21	271	4
22	271	0
23	271	0
0	272	0
1	272	0
2	272	0
3	272	0
4	272	0
5	272	0
6	272	0
7	272	43
8	272	0
9	272	0
10	272	0
11	272	0
12	272	0
13	272	0
14	272	0
15	272	0
16	272	0
17	272	0
18	272	0
19	272	0
20	272	0
21	272	0
22	272	0
23	272	0
0	273	0
1	273	0
2	273	12
3	273	0
4	273	0
5	273	0
6	273	0
7	273	0
8	273	0
9	273	0
10	273	0
11	273	0
12	273	0
13	273	0
14	273	0
15	273	7
16	273	0
17	273	0
18	273	0
19	273	7
20	273	0
21	273	0
22	273	0
23	273	0
0	274	0
1	274	0
2	274	0
3	274	0
4	274	13
5	274	0
6	274	0
7	274	0
8	274	0
9	274	0
10	274	0
11	274	0
12	274	0
13	274	0
14	274	0
15	274	0
16	274	0
17	274	0
18	274	0
19	274	0
20	274	0
21	274	0
22	274	0
23	274	0
0	275	0
1	275	0
2	275	0
3	275	0
4	275	0
5	275	0
6	275	0
7	275	0
8	275	0
9	275	0
10	275	0
11	275	0
12	275	0
13	275	0
14	275	18
15	275	0
16	275	0
17	275	0
18	275	0
19	275	0
20	275	0
21	275	0
22	275	0
23	275	0
0	276	0
1	276	0
2	276	0
3	276	0
4	276	0
5	276	40
6	276	40
7	276	40
8	276	14
9	276	0
10	276	0
11	276	0
12	276	27
13	276	0
14	276	0
15	276	0
16	276	51
17	276	27
18	276	0
19	276	0
20	276	51
21	276	0
22	276	0
23	276	0
0	277	0
1	277	0
2	277	0
3	277	0
4	277	0
5	277	0
6	277	19
7	277	0
8	277	0
9	277	0
10	277	0
11	277	19
12	277	37
13	277	0
14	277	19
15	277	0
16	277	0
17	277	0
18	277	0
19	277	68
20	277	0
21	277	0
22	277	19
23	277	0
0	278	0
1	278	0
2	278	0
3	278	0
4	278	0
5	278	0
6	278	0
7	278	0
8	278	0
9	278	0
10	278	0
11	278	0
12	278	0
13	278	0
14	278	0
15	278	0
16	278	0
17	278	0
18	278	0
19	278	0
20	278	0
21	278	0
22	278	0
23	278	0
0	279	0
1	279	0
2	279	0
3	279	0
4	279	0
5	279	38
6	279	0
7	279	0
8	279	0
9	279	0
10	279	0
11	279	0
12	279	0
13	279	0
14	279	0
15	279	0
16	279	0
17	279	0
18	279	0
19	279	0
20	279	38
21	279	0
22	279	0
23	279	0
0	280	3
1	280	0
2	280	0
3	280	0
4	280	0
5	280	0
6	280	0
7	280	0
8	280	0
9	280	0
10	280	0
11	280	11
12	280	8
13	280	0
14	280	0
15	280	0
16	280	0
17	280	0
18	280	3
19	280	3
20	280	3
21	280	0
22	280	6
23	280	0
0	281	0
1	281	0
2	281	0
3	281	0
4	281	0
5	281	0
6	281	0
7	281	9
8	281	18
9	281	0
10	281	0
11	281	0
12	281	0
13	281	0
14	281	0
15	281	0
16	281	5
17	281	9
18	281	5
19	281	5
20	281	0
21	281	0
22	281	0
23	281	0
0	282	0
1	282	0
2	282	0
3	282	0
4	282	2
5	282	0
6	282	4
7	282	0
8	282	0
9	282	0
10	282	3
11	282	0
12	282	0
13	282	2
14	282	3
15	282	7
16	282	0
17	282	0
18	282	0
19	282	0
20	282	4
21	282	2
22	282	0
23	282	0
0	283	0
1	283	0
2	283	0
3	283	0
4	283	0
5	283	0
6	283	0
7	283	0
8	283	16
9	283	0
10	283	0
11	283	0
12	283	0
13	283	0
14	283	0
15	283	0
16	283	0
17	283	0
18	283	0
19	283	0
20	283	0
21	283	0
22	283	0
23	283	0
0	284	0
1	284	0
2	284	0
3	284	0
4	284	0
5	284	0
6	284	0
7	284	0
8	284	0
9	284	0
10	284	0
11	284	0
12	284	0
13	284	0
14	284	0
15	284	0
16	284	0
17	284	0
18	284	0
19	284	0
20	284	0
21	284	0
22	284	9
23	284	0
0	285	0
1	285	0
2	285	0
3	285	0
4	285	0
5	285	0
6	285	0
7	285	0
8	285	0
9	285	0
10	285	0
11	285	0
12	285	0
13	285	0
14	285	0
15	285	0
16	285	0
17	285	0
18	285	0
19	285	0
20	285	0
21	285	0
22	285	0
23	285	0
0	286	0
1	286	11
2	286	0
3	286	0
4	286	4
5	286	4
6	286	4
7	286	0
8	286	4
9	286	4
10	286	0
11	286	4
12	286	14
13	286	4
14	286	4
15	286	4
16	286	0
17	286	14
18	286	7
19	286	0
20	286	4
21	286	0
22	286	0
23	286	0
0	287	3
1	287	1
2	287	0
3	287	4
4	287	3
5	287	9
6	287	4
7	287	4
8	287	3
9	287	6
10	287	8
11	287	4
12	287	4
13	287	5
14	287	4
15	287	4
16	287	4
17	287	10
18	287	8
19	287	10
20	287	10
21	287	5
22	287	2
23	287	1
0	288	0
1	288	0
2	288	0
3	288	0
4	288	0
5	288	17
6	288	0
7	288	0
8	288	0
9	288	0
10	288	0
11	288	0
12	288	0
13	288	0
14	288	0
15	288	0
16	288	0
17	288	0
18	288	0
19	288	41
20	288	0
21	288	0
22	288	0
23	288	0
0	289	2
1	289	2
2	289	8
3	289	11
4	289	3
5	289	9
6	289	4
7	289	7
8	289	6
9	289	5
10	289	7
11	289	8
12	289	12
13	289	13
14	289	14
15	289	9
16	289	15
17	289	7
18	289	16
19	289	8
20	289	11
21	289	5
22	289	0
23	289	2
0	290	0
1	290	0
2	290	0
3	290	0
4	290	0
5	290	0
6	290	0
7	290	0
8	290	0
9	290	0
10	290	0
11	290	0
12	290	0
13	290	0
14	290	0
15	290	0
16	290	0
17	290	0
18	290	0
19	290	0
20	290	0
21	290	0
22	290	0
23	290	0
0	291	0
1	291	0
2	291	0
3	291	0
4	291	0
5	291	0
6	291	0
7	291	0
8	291	0
9	291	0
10	291	0
11	291	32
12	291	0
13	291	0
14	291	0
15	291	0
16	291	0
17	291	0
18	291	0
19	291	0
20	291	0
21	291	17
22	291	0
23	291	0
0	292	0
1	292	0
2	292	0
3	292	0
4	292	0
5	292	0
6	292	0
7	292	0
8	292	0
9	292	0
10	292	0
11	292	0
12	292	58
13	292	0
14	292	0
15	292	0
16	292	0
17	292	0
18	292	0
19	292	0
20	292	0
21	292	0
22	292	0
23	292	0
0	293	0
1	293	0
2	293	0
3	293	0
4	293	0
5	293	0
6	293	0
7	293	0
8	293	0
9	293	0
10	293	0
11	293	0
12	293	0
13	293	0
14	293	0
15	293	0
16	293	0
17	293	0
18	293	0
19	293	0
20	293	0
21	293	0
22	293	0
23	293	0
0	294	0
1	294	0
2	294	0
3	294	0
4	294	0
5	294	18
6	294	0
7	294	0
8	294	0
9	294	0
10	294	9
11	294	0
12	294	0
13	294	0
14	294	0
15	294	0
16	294	0
17	294	0
18	294	0
19	294	0
20	294	0
21	294	0
22	294	0
23	294	0
0	295	0
1	295	0
2	295	0
3	295	0
4	295	0
5	295	0
6	295	0
7	295	0
8	295	0
9	295	0
10	295	0
11	295	0
12	295	0
13	295	0
14	295	0
15	295	0
16	295	0
17	295	0
18	295	0
19	295	0
20	295	0
21	295	0
22	295	0
23	295	0
0	296	1
1	296	1
2	296	1
3	296	3
4	296	6
5	296	5
6	296	8
7	296	8
8	296	7
9	296	7
10	296	7
11	296	7
12	296	12
13	296	7
14	296	7
15	296	8
16	296	8
17	296	8
18	296	9
19	296	10
20	296	7
21	296	4
22	296	3
23	296	1
0	297	0
1	297	0
2	297	0
3	297	0
4	297	0
5	297	0
6	297	0
7	297	0
8	297	0
9	297	0
10	297	0
11	297	64
12	297	24
13	297	0
14	297	0
15	297	0
16	297	0
17	297	0
18	297	0
19	297	0
20	297	64
21	297	0
22	297	0
23	297	0
0	298	0
1	298	0
2	298	0
3	298	0
4	298	0
5	298	0
6	298	0
7	298	0
8	298	2
9	298	2
10	298	3
11	298	0
12	298	2
13	298	2
14	298	0
15	298	3
16	298	0
17	298	0
18	298	0
19	298	5
20	298	5
21	298	0
22	298	0
23	298	0
0	299	0
1	299	0
2	299	0
3	299	0
4	299	0
5	299	0
6	299	0
7	299	0
8	299	0
9	299	0
10	299	0
11	299	64
12	299	0
13	299	0
14	299	0
15	299	0
16	299	0
17	299	0
18	299	0
19	299	0
20	299	64
21	299	0
22	299	0
23	299	0
0	300	1
1	300	0
2	300	0
3	300	1
4	300	0
5	300	2
6	300	2
7	300	2
8	300	2
9	300	1
10	300	2
11	300	1
12	300	3
13	300	2
14	300	1
15	300	2
16	300	2
17	300	1
18	300	1
19	300	1
20	300	3
21	300	1
22	300	1
23	300	1
0	301	0
1	301	0
2	301	0
3	301	1
4	301	1
5	301	3
6	301	2
7	301	1
8	301	4
9	301	1
10	301	4
11	301	1
12	301	0
13	301	0
14	301	1
15	301	3
16	301	2
17	301	1
18	301	2
19	301	1
20	301	1
21	301	3
22	301	1
23	301	0
0	302	0
1	302	0
2	302	0
3	302	8
4	302	0
5	302	0
6	302	2
7	302	4
8	302	6
9	302	2
10	302	2
11	302	4
12	302	0
13	302	0
14	302	2
15	302	0
16	302	0
17	302	9
18	302	0
19	302	0
20	302	0
21	302	0
22	302	0
23	302	2
0	303	0
1	303	0
2	303	0
3	303	0
4	303	0
5	303	1
6	303	1
7	303	2
8	303	2
9	303	3
10	303	3
11	303	2
12	303	2
13	303	3
14	303	1
15	303	2
16	303	4
17	303	2
18	303	3
19	303	3
20	303	2
21	303	1
22	303	0
23	303	0
0	304	0
1	304	0
2	304	0
3	304	0
4	304	0
5	304	27
6	304	0
7	304	0
8	304	0
9	304	0
10	304	0
11	304	0
12	304	0
13	304	0
14	304	10
15	304	0
16	304	0
17	304	0
18	304	0
19	304	10
20	304	0
21	304	0
22	304	0
23	304	0
0	305	0
1	305	0
2	305	0
3	305	0
4	305	0
5	305	0
6	305	0
7	305	0
8	305	0
9	305	48
10	305	13
11	305	0
12	305	13
13	305	13
14	305	0
15	305	0
16	305	0
17	305	0
18	305	0
19	305	0
20	305	0
21	305	0
22	305	0
23	305	0
0	306	0
1	306	0
2	306	0
3	306	0
4	306	0
5	306	0
6	306	0
7	306	0
8	306	0
9	306	0
10	306	0
11	306	0
12	306	0
13	306	0
14	306	0
15	306	0
16	306	0
17	306	0
18	306	7
19	306	0
20	306	0
21	306	0
22	306	0
23	306	0
0	307	0
1	307	0
2	307	0
3	307	0
4	307	0
5	307	5
6	307	5
7	307	5
8	307	5
9	307	0
10	307	0
11	307	0
12	307	9
13	307	0
14	307	0
15	307	0
16	307	5
17	307	0
18	307	0
19	307	5
20	307	0
21	307	0
22	307	0
23	307	14
0	308	0
1	308	0
2	308	0
3	308	0
4	308	0
5	308	0
6	308	0
7	308	0
8	308	0
9	308	0
10	308	0
11	308	0
12	308	0
13	308	0
14	308	0
15	308	0
16	308	0
17	308	0
18	308	0
19	308	0
20	308	0
21	308	0
22	308	0
23	308	0
0	309	0
1	309	0
2	309	0
3	309	0
4	309	0
5	309	0
6	309	0
7	309	0
8	309	0
9	309	0
10	309	0
11	309	0
12	309	0
13	309	0
14	309	0
15	309	0
16	309	14
17	309	0
18	309	0
19	309	0
20	309	0
21	309	0
22	309	0
23	309	0
0	310	0
1	310	0
2	310	0
3	310	0
4	310	0
5	310	0
6	310	17
7	310	9
8	310	0
9	310	0
10	310	0
11	310	0
12	310	0
13	310	0
14	310	0
15	310	0
16	310	0
17	310	17
18	310	0
19	310	17
20	310	0
21	310	0
22	310	0
23	310	0
0	311	0
1	311	0
2	311	0
3	311	0
4	311	0
5	311	5
6	311	0
7	311	0
8	311	0
9	311	18
10	311	0
11	311	0
12	311	0
13	311	0
14	311	0
15	311	5
16	311	0
17	311	0
18	311	0
19	311	0
20	311	0
21	311	0
22	311	0
23	311	0
0	312	0
1	312	0
2	312	5
3	312	0
4	312	5
5	312	0
6	312	0
7	312	0
8	312	5
9	312	0
10	312	0
11	312	5
12	312	0
13	312	5
14	312	5
15	312	5
16	312	0
17	312	0
18	312	10
19	312	0
20	312	0
21	312	0
22	312	0
23	312	0
0	313	1
1	313	0
2	313	0
3	313	1
4	313	2
5	313	1
6	313	1
7	313	1
8	313	1
9	313	4
10	313	3
11	313	1
12	313	1
13	313	7
14	313	1
15	313	1
16	313	2
17	313	0
18	313	0
19	313	1
20	313	1
21	313	1
22	313	1
23	313	0
0	314	0
1	314	0
2	314	0
3	314	3
4	314	5
5	314	3
6	314	3
7	314	7
8	314	5
9	314	0
10	314	3
11	314	7
12	314	3
13	314	3
14	314	5
15	314	0
16	314	5
17	314	3
18	314	0
19	314	3
20	314	3
21	314	7
22	314	0
23	314	0
0	315	0
1	315	0
2	315	0
3	315	0
4	315	0
5	315	11
6	315	0
7	315	11
8	315	0
9	315	11
10	315	11
11	315	21
12	315	0
13	315	0
14	315	0
15	315	0
16	315	0
17	315	0
18	315	11
19	315	0
20	315	0
21	315	0
22	315	0
23	315	0
0	316	0
1	316	0
2	316	0
3	316	0
4	316	22
5	316	0
6	316	0
7	316	0
8	316	0
9	316	0
10	316	0
11	316	0
12	316	0
13	316	0
14	316	22
15	316	0
16	316	0
17	316	22
18	316	22
19	316	0
20	316	0
21	316	0
22	316	11
23	316	0
0	317	0
1	317	0
2	317	0
3	317	0
4	317	0
5	317	0
6	317	0
7	317	0
8	317	0
9	317	0
10	317	0
11	317	0
12	317	0
13	317	0
14	317	0
15	317	0
16	317	0
17	317	0
18	317	0
19	317	0
20	317	0
21	317	0
22	317	0
23	317	0
0	318	0
1	318	0
2	318	0
3	318	0
4	318	0
5	318	0
6	318	0
7	318	0
8	318	0
9	318	0
10	318	0
11	318	0
12	318	0
13	318	0
14	318	0
15	318	0
16	318	0
17	318	0
18	318	0
19	318	0
20	318	0
21	318	0
22	318	0
23	318	0
0	319	0
1	319	0
2	319	0
3	319	0
4	319	0
5	319	0
6	319	0
7	319	0
8	319	0
9	319	0
10	319	0
11	319	0
12	319	0
13	319	0
14	319	0
15	319	0
16	319	0
17	319	0
18	319	0
19	319	0
20	319	0
21	319	0
22	319	0
23	319	0
0	320	0
1	320	0
2	320	0
3	320	0
4	320	0
5	320	0
6	320	0
7	320	0
8	320	24
9	320	24
10	320	65
11	320	0
12	320	0
13	320	0
14	320	0
15	320	0
16	320	0
17	320	0
18	320	0
19	320	0
20	320	0
21	320	0
22	320	0
23	320	0
0	321	0
1	321	0
2	321	0
3	321	0
4	321	0
5	321	0
6	321	0
7	321	0
8	321	0
9	321	0
10	321	0
11	321	0
12	321	0
13	321	0
14	321	0
15	321	0
16	321	0
17	321	0
18	321	0
19	321	0
20	321	0
21	321	0
22	321	0
23	321	0
0	322	0
1	322	0
2	322	0
3	322	0
4	322	0
5	322	0
6	322	0
7	322	49
8	322	0
9	322	0
10	322	49
11	322	49
12	322	0
13	322	0
14	322	49
15	322	88
16	322	0
17	322	0
18	322	0
19	322	0
20	322	0
21	322	0
22	322	0
23	322	0
0	323	0
1	323	0
2	323	0
3	323	0
4	323	2
5	323	2
6	323	1
7	323	1
8	323	2
9	323	3
10	323	4
11	323	2
12	323	3
13	323	2
14	323	2
15	323	1
16	323	2
17	323	2
18	323	0
19	323	3
20	323	2
21	323	0
22	323	1
23	323	0
0	324	0
1	324	0
2	324	0
3	324	0
4	324	0
5	324	0
6	324	0
7	324	0
8	324	0
9	324	0
10	324	0
11	324	0
12	324	0
13	324	0
14	324	0
15	324	0
16	324	0
17	324	0
18	324	0
19	324	0
20	324	0
21	324	0
22	324	0
23	324	0
0	325	0
1	325	0
2	325	0
3	325	0
4	325	0
5	325	0
6	325	0
7	325	0
8	325	0
9	325	0
10	325	0
11	325	0
12	325	0
13	325	0
14	325	0
15	325	0
16	325	0
17	325	0
18	325	0
19	325	0
20	325	0
21	325	0
22	325	0
23	325	0
0	326	0
1	326	0
2	326	0
3	326	0
4	326	8
5	326	0
6	326	22
7	326	0
8	326	0
9	326	0
10	326	0
11	326	0
12	326	0
13	326	0
14	326	0
15	326	0
16	326	0
17	326	0
18	326	0
19	326	0
20	326	0
21	326	0
22	326	0
23	326	0
0	327	0
1	327	0
2	327	0
3	327	0
4	327	0
5	327	0
6	327	0
7	327	0
8	327	0
9	327	0
10	327	0
11	327	0
12	327	0
13	327	0
14	327	0
15	327	0
16	327	0
17	327	0
18	327	0
19	327	0
20	327	0
21	327	0
22	327	0
23	327	0
0	328	0
1	328	0
2	328	0
3	328	0
4	328	0
5	328	51
6	328	0
7	328	51
8	328	0
9	328	0
10	328	51
11	328	0
12	328	0
13	328	0
14	328	0
15	328	0
16	328	0
17	328	0
18	328	0
19	328	0
20	328	0
21	328	0
22	328	0
23	328	0
0	329	0
1	329	0
2	329	0
3	329	0
4	329	0
5	329	0
6	329	0
7	329	37
8	329	0
9	329	0
10	329	0
11	329	0
12	329	0
13	329	0
14	329	0
15	329	0
16	329	0
17	329	0
18	329	0
19	329	0
20	329	0
21	329	0
22	329	0
23	329	0
0	330	0
1	330	0
2	330	0
3	330	0
4	330	0
5	330	0
6	330	0
7	330	0
8	330	0
9	330	0
10	330	0
11	330	0
12	330	0
13	330	0
14	330	0
15	330	0
16	330	18
17	330	0
18	330	0
19	330	0
20	330	0
21	330	0
22	330	0
23	330	0
0	331	0
1	331	0
2	331	0
3	331	0
4	331	0
5	331	0
6	331	0
7	331	0
8	331	0
9	331	0
10	331	0
11	331	0
12	331	0
13	331	0
14	331	0
15	331	0
16	331	0
17	331	0
18	331	0
19	331	0
20	331	0
21	331	0
22	331	0
23	331	0
0	332	0
1	332	0
2	332	0
3	332	2
4	332	2
5	332	2
6	332	3
7	332	2
8	332	0
9	332	4
10	332	2
11	332	7
12	332	5
13	332	2
14	332	3
15	332	3
16	332	4
17	332	5
18	332	4
19	332	3
20	332	0
21	332	2
22	332	0
23	332	0
0	333	0
1	333	0
2	333	0
3	333	0
4	333	0
5	333	0
6	333	0
7	333	0
8	333	0
9	333	0
10	333	0
11	333	0
12	333	0
13	333	0
14	333	0
15	333	0
16	333	0
17	333	0
18	333	0
19	333	31
20	333	0
21	333	58
22	333	0
23	333	0
0	334	0
1	334	0
2	334	0
3	334	0
4	334	0
5	334	0
6	334	0
7	334	0
8	334	0
9	334	0
10	334	0
11	334	0
12	334	0
13	334	0
14	334	0
15	334	18
16	334	0
17	334	0
18	334	0
19	334	0
20	334	0
21	334	0
22	334	0
23	334	0
0	335	0
1	335	0
2	335	0
3	335	0
4	335	0
5	335	0
6	335	0
7	335	0
8	335	0
9	335	0
10	335	0
11	335	0
12	335	0
13	335	0
14	335	0
15	335	0
16	335	0
17	335	0
18	335	0
19	335	0
20	335	0
21	335	0
22	335	0
23	335	0
0	336	0
1	336	0
2	336	0
3	336	0
4	336	0
5	336	0
6	336	0
7	336	0
8	336	0
9	336	0
10	336	0
11	336	0
12	336	0
13	336	0
14	336	0
15	336	0
16	336	0
17	336	0
18	336	0
19	336	0
20	336	0
21	336	68
22	336	0
23	336	0
0	337	0
1	337	0
2	337	0
3	337	0
4	337	0
5	337	0
6	337	0
7	337	0
8	337	0
9	337	0
10	337	0
11	337	0
12	337	0
13	337	0
14	337	0
15	337	0
16	337	0
17	337	0
18	337	0
19	337	0
20	337	0
21	337	0
22	337	0
23	337	0
0	338	0
1	338	0
2	338	0
3	338	0
4	338	0
5	338	0
6	338	0
7	338	0
8	338	0
9	338	0
10	338	0
11	338	0
12	338	0
13	338	0
14	338	0
15	338	0
16	338	0
17	338	0
18	338	0
19	338	0
20	338	0
21	338	0
22	338	0
23	338	0
0	339	0
1	339	0
2	339	0
3	339	0
4	339	0
5	339	0
6	339	0
7	339	0
8	339	0
9	339	23
10	339	0
11	339	0
12	339	0
13	339	0
14	339	0
15	339	0
16	339	0
17	339	0
18	339	0
19	339	0
20	339	0
21	339	0
22	339	0
23	339	0
0	340	0
1	340	0
2	340	0
3	340	0
4	340	0
5	340	0
6	340	0
7	340	0
8	340	0
9	340	0
10	340	14
11	340	0
12	340	14
13	340	0
14	340	0
15	340	0
16	340	0
17	340	0
18	340	0
19	340	0
20	340	0
21	340	0
22	340	0
23	340	0
0	341	0
1	341	0
2	341	0
3	341	0
4	341	0
5	341	0
6	341	0
7	341	0
8	341	12
9	341	0
10	341	4
11	341	0
12	341	0
13	341	15
14	341	0
15	341	0
16	341	0
17	341	0
18	341	0
19	341	0
20	341	0
21	341	0
22	341	0
23	341	0
0	342	0
1	342	0
2	342	0
3	342	0
4	342	0
5	342	0
6	342	0
7	342	0
8	342	0
9	342	30
10	342	15
11	342	0
12	342	15
13	342	0
14	342	0
15	342	0
16	342	0
17	342	0
18	342	15
19	342	0
20	342	0
21	342	0
22	342	0
23	342	0
0	343	4
1	343	1
2	343	2
3	343	3
4	343	3
5	343	8
6	343	6
7	343	8
8	343	6
9	343	5
10	343	9
11	343	5
12	343	7
13	343	7
14	343	7
15	343	7
16	343	6
17	343	6
18	343	8
19	343	9
20	343	5
21	343	4
22	343	2
23	343	2
0	344	0
1	344	0
2	344	0
3	344	0
4	344	0
5	344	0
6	344	0
7	344	0
8	344	0
9	344	0
10	344	0
11	344	0
12	344	0
13	344	0
14	344	0
15	344	0
16	344	0
17	344	0
18	344	0
19	344	0
20	344	0
21	344	0
22	344	0
23	344	0
0	345	0
1	345	0
2	345	0
3	345	0
4	345	0
5	345	2
6	345	2
7	345	6
8	345	0
9	345	2
10	345	0
11	345	0
12	345	0
13	345	0
14	345	0
15	345	0
16	345	2
17	345	4
18	345	0
19	345	0
20	345	7
21	345	2
22	345	0
23	345	0
0	346	0
1	346	1
2	346	0
3	346	0
4	346	2
5	346	2
6	346	1
7	346	2
8	346	2
9	346	2
10	346	4
11	346	3
12	346	3
13	346	4
14	346	1
15	346	3
16	346	1
17	346	2
18	346	1
19	346	5
20	346	3
21	346	0
22	346	1
23	346	0
0	347	0
1	347	0
2	347	4
3	347	4
4	347	0
5	347	0
6	347	0
7	347	4
8	347	4
9	347	8
10	347	4
11	347	0
12	347	0
13	347	0
14	347	0
15	347	4
16	347	0
17	347	4
18	347	0
19	347	4
20	347	0
21	347	8
22	347	0
23	347	0
0	348	1
1	348	0
2	348	0
3	348	1
4	348	2
5	348	2
6	348	1
7	348	1
8	348	2
9	348	0
10	348	1
11	348	2
12	348	2
13	348	1
14	348	3
15	348	1
16	348	2
17	348	4
18	348	2
19	348	3
20	348	1
21	348	1
22	348	1
23	348	1
0	349	0
1	349	0
2	349	0
3	349	0
4	349	0
5	349	0
6	349	0
7	349	0
8	349	0
9	349	0
10	349	0
11	349	0
12	349	0
13	349	0
14	349	0
15	349	0
16	349	0
17	349	0
18	349	0
19	349	0
20	349	0
21	349	0
22	349	0
23	349	0
0	350	0
1	350	0
2	350	0
3	350	0
4	350	0
5	350	0
6	350	0
7	350	0
8	350	0
9	350	0
10	350	0
11	350	0
12	350	0
13	350	0
14	350	0
15	350	0
16	350	0
17	350	0
18	350	0
19	350	0
20	350	0
21	350	0
22	350	0
23	350	0
0	351	0
1	351	0
2	351	0
3	351	0
4	351	0
5	351	0
6	351	0
7	351	3
8	351	6
9	351	3
10	351	0
11	351	0
12	351	3
13	351	0
14	351	0
15	351	3
16	351	0
17	351	3
18	351	3
19	351	9
20	351	3
21	351	0
22	351	0
23	351	0
0	352	0
1	352	0
2	352	0
3	352	0
4	352	0
5	352	103
6	352	0
7	352	0
8	352	0
9	352	0
10	352	0
11	352	0
12	352	0
13	352	0
14	352	0
15	352	0
16	352	103
17	352	0
18	352	164
19	352	0
20	352	0
21	352	0
22	352	0
23	352	0
0	353	0
1	353	0
2	353	0
3	353	37
4	353	0
5	353	0
6	353	0
7	353	0
8	353	0
9	353	0
10	353	0
11	353	0
12	353	0
13	353	0
14	353	0
15	353	0
16	353	0
17	353	0
18	353	0
19	353	28
20	353	0
21	353	19
22	353	0
23	353	0
0	354	0
1	354	0
2	354	0
3	354	0
4	354	0
5	354	0
6	354	0
7	354	0
8	354	0
9	354	0
10	354	0
11	354	0
12	354	0
13	354	0
14	354	0
15	354	0
16	354	0
17	354	0
18	354	23
19	354	0
20	354	23
21	354	0
22	354	0
23	354	0
0	355	0
1	355	0
2	355	0
3	355	0
4	355	0
5	355	0
6	355	2
7	355	2
8	355	6
9	355	2
10	355	3
11	355	2
12	355	2
13	355	0
14	355	2
15	355	2
16	355	0
17	355	3
18	355	0
19	355	0
20	355	3
21	355	0
22	355	0
23	355	0
0	356	0
1	356	0
2	356	0
3	356	0
4	356	0
5	356	0
6	356	0
7	356	0
8	356	0
9	356	0
10	356	0
11	356	0
12	356	0
13	356	0
14	356	0
15	356	0
16	356	0
17	356	0
18	356	0
19	356	0
20	356	0
21	356	0
22	356	0
23	356	0
0	357	0
1	357	0
2	357	0
3	357	0
4	357	0
5	357	0
6	357	0
7	357	0
8	357	0
9	357	0
10	357	0
11	357	0
12	357	0
13	357	0
14	357	0
15	357	0
16	357	0
17	357	17
18	357	17
19	357	0
20	357	0
21	357	0
22	357	0
23	357	0
0	358	0
1	358	0
2	358	0
3	358	0
4	358	9
5	358	0
6	358	25
7	358	0
8	358	0
9	358	9
10	358	0
11	358	0
12	358	0
13	358	0
14	358	0
15	358	0
16	358	0
17	358	0
18	358	17
19	358	0
20	358	0
21	358	0
22	358	0
23	358	0
0	359	0
1	359	0
2	359	0
3	359	0
4	359	0
5	359	0
6	359	0
7	359	0
8	359	0
9	359	0
10	359	0
11	359	0
12	359	0
13	359	88
14	359	0
15	359	0
16	359	0
17	359	0
18	359	0
19	359	88
20	359	0
21	359	0
22	359	0
23	359	0
0	360	0
1	360	2
2	360	0
3	360	0
4	360	2
5	360	3
6	360	1
7	360	5
8	360	13
9	360	9
10	360	3
11	360	8
12	360	3
13	360	9
14	360	4
15	360	5
16	360	5
17	360	5
18	360	3
19	360	10
20	360	7
21	360	7
22	360	1
23	360	2
0	361	0
1	361	0
2	361	0
3	361	0
4	361	0
5	361	0
6	361	0
7	361	0
8	361	0
9	361	0
10	361	0
11	361	0
12	361	0
13	361	0
14	361	0
15	361	0
16	361	0
17	361	0
18	361	0
19	361	0
20	361	0
21	361	0
22	361	0
23	361	0
0	362	0
1	362	0
2	362	0
3	362	0
4	362	0
5	362	0
6	362	0
7	362	0
8	362	0
9	362	9
10	362	0
11	362	0
12	362	0
13	362	0
14	362	0
15	362	0
16	362	0
17	362	0
18	362	0
19	362	0
20	362	0
21	362	0
22	362	0
23	362	0
0	363	0
1	363	0
2	363	0
3	363	0
4	363	0
5	363	0
6	363	0
7	363	10
8	363	0
9	363	0
10	363	0
11	363	0
12	363	0
13	363	0
14	363	0
15	363	0
16	363	0
17	363	0
18	363	0
19	363	0
20	363	0
21	363	0
22	363	0
23	363	0
0	364	2
1	364	0
2	364	5
3	364	7
4	364	7
5	364	5
6	364	11
7	364	14
8	364	8
9	364	12
10	364	11
11	364	14
12	364	16
13	364	10
14	364	19
15	364	12
16	364	12
17	364	7
18	364	11
19	364	17
20	364	12
21	364	8
22	364	2
23	364	3
0	365	5
1	365	0
2	365	8
3	365	8
4	365	0
5	365	10
6	365	17
7	365	8
8	365	12
9	365	21
10	365	12
11	365	19
12	365	12
13	365	8
14	365	28
15	365	3
16	365	5
17	365	12
18	365	32
19	365	19
20	365	15
21	365	3
22	365	8
23	365	3
0	366	0
1	366	0
2	366	0
3	366	0
4	366	0
5	366	0
6	366	0
7	366	0
8	366	0
9	366	0
10	366	0
11	366	0
12	366	0
13	366	0
14	366	0
15	366	0
16	366	0
17	366	0
18	366	0
19	366	0
20	366	0
21	366	0
22	366	0
23	366	0
0	367	0
1	367	0
2	367	0
3	367	0
4	367	0
5	367	0
6	367	0
7	367	0
8	367	0
9	367	0
10	367	0
11	367	0
12	367	0
13	367	0
14	367	0
15	367	0
16	367	0
17	367	0
18	367	0
19	367	0
20	367	0
21	367	0
22	367	0
23	367	0
0	368	0
1	368	0
2	368	0
3	368	0
4	368	0
5	368	10
6	368	5
7	368	10
8	368	5
9	368	5
10	368	0
11	368	5
12	368	0
13	368	0
14	368	0
15	368	0
16	368	0
17	368	0
18	368	0
19	368	0
20	368	5
21	368	0
22	368	10
23	368	0
0	369	0
1	369	0
2	369	0
3	369	0
4	369	0
5	369	4
6	369	3
7	369	3
8	369	4
9	369	0
10	369	2
11	369	4
12	369	2
13	369	1
14	369	4
15	369	1
16	369	1
17	369	2
18	369	3
19	369	4
20	369	1
21	369	0
22	369	0
23	369	2
0	370	0
1	370	0
2	370	0
3	370	0
4	370	0
5	370	3
6	370	3
7	370	0
8	370	0
9	370	0
10	370	0
11	370	3
12	370	3
13	370	6
14	370	0
15	370	0
16	370	0
17	370	0
18	370	3
19	370	6
20	370	0
21	370	3
22	370	0
23	370	0
0	371	0
1	371	0
2	371	0
3	371	0
4	371	0
5	371	0
6	371	0
7	371	0
8	371	0
9	371	5
10	371	0
11	371	0
12	371	0
13	371	0
14	371	0
15	371	0
16	371	0
17	371	0
18	371	5
19	371	0
20	371	5
21	371	0
22	371	0
23	371	0
0	372	2
1	372	2
2	372	0
3	372	2
4	372	2
5	372	2
6	372	3
7	372	6
8	372	2
9	372	2
10	372	3
11	372	2
12	372	3
13	372	2
14	372	3
15	372	5
16	372	2
17	372	0
18	372	2
19	372	6
20	372	2
21	372	5
22	372	0
23	372	0
0	373	2
1	373	1
2	373	2
3	373	4
4	373	6
5	373	7
6	373	10
7	373	11
8	373	7
9	373	10
10	373	9
11	373	14
12	373	10
13	373	11
14	373	10
15	373	12
16	373	8
17	373	8
18	373	10
19	373	14
20	373	11
21	373	10
22	373	2
23	373	2
0	374	0
1	374	0
2	374	0
3	374	0
4	374	12
5	374	0
6	374	12
7	374	0
8	374	0
9	374	0
10	374	0
11	374	0
12	374	0
13	374	0
14	374	0
15	374	0
16	374	12
17	374	12
18	374	12
19	374	0
20	374	33
21	374	0
22	374	0
23	374	0
0	375	0
1	375	0
2	375	0
3	375	0
4	375	0
5	375	0
6	375	0
7	375	0
8	375	0
9	375	6
10	375	11
11	375	0
12	375	0
13	375	11
14	375	0
15	375	0
16	375	0
17	375	0
18	375	0
19	375	0
20	375	0
21	375	0
22	375	0
23	375	0
0	376	0
1	376	0
2	376	0
3	376	0
4	376	0
5	376	0
6	376	0
7	376	0
8	376	0
9	376	35
10	376	0
11	376	0
12	376	0
13	376	0
14	376	0
15	376	0
16	376	0
17	376	0
18	376	0
19	376	0
20	376	0
21	376	0
22	376	0
23	376	0
0	377	0
1	377	0
2	377	0
3	377	0
4	377	0
5	377	0
6	377	0
7	377	0
8	377	0
9	377	0
10	377	0
11	377	0
12	377	0
13	377	0
14	377	0
15	377	0
16	377	0
17	377	0
18	377	0
19	377	0
20	377	0
21	377	0
22	377	0
23	377	0
0	378	0
1	378	0
2	378	0
3	378	0
4	378	0
5	378	30
6	378	30
7	378	0
8	378	101
9	378	0
10	378	0
11	378	0
12	378	0
13	378	0
14	378	57
15	378	0
16	378	0
17	378	0
18	378	30
19	378	0
20	378	0
21	378	0
22	378	0
23	378	0
0	379	0
1	379	0
2	379	0
3	379	2
4	379	2
5	379	0
6	379	5
7	379	0
8	379	0
9	379	0
10	379	0
11	379	0
12	379	0
13	379	6
14	379	0
15	379	0
16	379	2
17	379	0
18	379	2
19	379	0
20	379	0
21	379	2
22	379	0
23	379	3
0	380	0
1	380	0
2	380	0
3	380	2
4	380	2
5	380	2
6	380	7
7	380	3
8	380	4
9	380	2
10	380	3
11	380	4
12	380	3
13	380	4
14	380	1
15	380	1
16	380	5
17	380	6
18	380	4
19	380	9
20	380	4
21	380	2
22	380	0
23	380	0
0	381	0
1	381	0
2	381	0
3	381	0
4	381	0
5	381	0
6	381	0
7	381	0
8	381	0
9	381	0
10	381	0
11	381	6
12	381	0
13	381	10
14	381	6
15	381	0
16	381	0
17	381	10
18	381	0
19	381	0
20	381	0
21	381	0
22	381	0
23	381	0
0	382	0
1	382	1
2	382	1
3	382	2
4	382	4
5	382	3
6	382	7
7	382	3
8	382	5
9	382	3
10	382	5
11	382	6
12	382	6
13	382	3
14	382	6
15	382	2
16	382	6
17	382	5
18	382	5
19	382	5
20	382	5
21	382	3
22	382	0
23	382	0
0	383	6
1	383	2
2	383	2
3	383	0
4	383	0
5	383	0
6	383	2
7	383	4
8	383	4
9	383	11
10	383	10
11	383	6
12	383	0
13	383	6
14	383	6
15	383	8
16	383	6
17	383	6
18	383	0
19	383	4
20	383	0
21	383	0
22	383	2
23	383	0
0	384	1
1	384	1
2	384	0
3	384	0
4	384	2
5	384	1
6	384	1
7	384	1
8	384	1
9	384	1
10	384	2
11	384	1
12	384	3
13	384	1
14	384	1
15	384	1
16	384	1
17	384	2
18	384	1
19	384	2
20	384	2
21	384	1
22	384	2
23	384	2
0	385	0
1	385	0
2	385	0
3	385	64
4	385	0
5	385	0
6	385	0
7	385	0
8	385	0
9	385	0
10	385	0
11	385	0
12	385	0
13	385	0
14	385	0
15	385	0
16	385	0
17	385	0
18	385	0
19	385	0
20	385	0
21	385	0
22	385	0
23	385	0
0	386	0
1	386	0
2	386	0
3	386	0
4	386	0
5	386	82
6	386	0
7	386	0
8	386	82
9	386	82
10	386	0
11	386	0
12	386	82
13	386	0
14	386	0
15	386	0
16	386	0
17	386	0
18	386	0
19	386	0
20	386	0
21	386	0
22	386	0
23	386	0
0	387	0
1	387	0
2	387	0
3	387	0
4	387	0
5	387	0
6	387	0
7	387	0
8	387	0
9	387	12
10	387	23
11	387	12
12	387	0
13	387	0
14	387	0
15	387	0
16	387	0
17	387	0
18	387	0
19	387	0
20	387	0
21	387	0
22	387	0
23	387	12
0	388	0
1	388	0
2	388	0
3	388	0
4	388	0
5	388	0
6	388	0
7	388	0
8	388	0
9	388	0
10	388	0
11	388	8
12	388	0
13	388	0
14	388	0
15	388	0
16	388	8
17	388	8
18	388	0
19	388	0
20	388	0
21	388	0
22	388	0
23	388	0
0	389	0
1	389	0
2	389	0
3	389	8
4	389	0
5	389	3
6	389	0
7	389	3
8	389	3
9	389	3
10	389	8
11	389	5
12	389	0
13	389	0
14	389	0
15	389	0
16	389	0
17	389	0
18	389	3
19	389	5
20	389	0
21	389	0
22	389	0
23	389	0
0	390	1
1	390	1
2	390	1
3	390	1
4	390	4
5	390	3
6	390	3
7	390	3
8	390	4
9	390	3
10	390	4
11	390	3
12	390	3
13	390	4
14	390	5
15	390	2
16	390	3
17	390	3
18	390	3
19	390	3
20	390	3
21	390	1
22	390	0
23	390	1
0	391	0
1	391	0
2	391	2
3	391	4
4	391	6
5	391	10
6	391	8
7	391	15
8	391	6
9	391	18
10	391	6
11	391	10
12	391	11
13	391	17
14	391	11
15	391	18
16	391	17
17	391	6
18	391	4
19	391	17
20	391	22
21	391	2
22	391	8
23	391	2
0	392	0
1	392	0
2	392	0
3	392	0
4	392	7
5	392	0
6	392	0
7	392	0
8	392	0
9	392	0
10	392	0
11	392	0
12	392	0
13	392	0
14	392	0
15	392	0
16	392	0
17	392	0
18	392	0
19	392	0
20	392	0
21	392	0
22	392	0
23	392	0
0	393	0
1	393	0
2	393	0
3	393	0
4	393	0
5	393	0
6	393	18
7	393	0
8	393	0
9	393	0
10	393	0
11	393	0
12	393	0
13	393	0
14	393	18
15	393	0
16	393	0
17	393	35
18	393	35
19	393	0
20	393	0
21	393	0
22	393	0
23	393	0
0	394	0
1	394	0
2	394	0
3	394	0
4	394	2
5	394	4
6	394	3
7	394	0
8	394	0
9	394	1
10	394	0
11	394	1
12	394	1
13	394	0
14	394	1
15	394	1
16	394	0
17	394	1
18	394	0
19	394	7
20	394	3
21	394	1
22	394	0
23	394	3
0	395	0
1	395	0
2	395	0
3	395	0
4	395	0
5	395	0
6	395	0
7	395	0
8	395	0
9	395	0
10	395	0
11	395	0
12	395	0
13	395	0
14	395	0
15	395	0
16	395	0
17	395	0
18	395	0
19	395	0
20	395	0
21	395	0
22	395	0
23	395	0
0	396	0
1	396	0
2	396	0
3	396	0
4	396	0
5	396	0
6	396	0
7	396	0
8	396	0
9	396	0
10	396	0
11	396	0
12	396	0
13	396	0
14	396	0
15	396	0
16	396	0
17	396	0
18	396	0
19	396	0
20	396	0
21	396	0
22	396	0
23	396	0
0	397	0
1	397	0
2	397	0
3	397	0
4	397	0
5	397	0
6	397	0
7	397	0
8	397	7
9	397	7
10	397	0
11	397	0
12	397	0
13	397	0
14	397	0
15	397	0
16	397	12
17	397	0
18	397	18
19	397	0
20	397	0
21	397	0
22	397	0
23	397	12
0	398	0
1	398	0
2	398	0
3	398	0
4	398	2
5	398	0
6	398	4
7	398	5
8	398	4
9	398	5
10	398	7
11	398	10
12	398	7
13	398	5
14	398	2
15	398	0
16	398	0
17	398	2
18	398	0
19	398	0
20	398	2
21	398	9
22	398	0
23	398	2
0	399	0
1	399	0
2	399	0
3	399	0
4	399	0
5	399	0
6	399	0
7	399	0
8	399	0
9	399	0
10	399	14
11	399	0
12	399	0
13	399	0
14	399	0
15	399	0
16	399	0
17	399	0
18	399	0
19	399	0
20	399	0
21	399	0
22	399	0
23	399	0
0	400	1
1	400	1
2	400	1
3	400	2
4	400	4
5	400	5
6	400	5
7	400	6
8	400	6
9	400	6
10	400	7
11	400	6
12	400	7
13	400	6
14	400	6
15	400	6
16	400	6
17	400	7
18	400	7
19	400	7
20	400	6
21	400	4
22	400	2
23	400	2
0	401	0
1	401	0
2	401	0
3	401	0
4	401	0
5	401	5
6	401	3
7	401	5
8	401	17
9	401	3
10	401	0
11	401	0
12	401	10
13	401	8
14	401	3
15	401	0
16	401	0
17	401	0
18	401	0
19	401	0
20	401	3
21	401	3
22	401	0
23	401	3
0	402	0
1	402	0
2	402	0
3	402	0
4	402	0
5	402	0
6	402	0
7	402	0
8	402	7
9	402	0
10	402	7
11	402	0
12	402	0
13	402	0
14	402	7
15	402	27
16	402	0
17	402	0
18	402	7
19	402	0
20	402	0
21	402	0
22	402	0
23	402	0
0	403	0
1	403	0
2	403	0
3	403	0
4	403	9
5	403	0
6	403	0
7	403	9
8	403	0
9	403	9
10	403	0
11	403	0
12	403	0
13	403	0
14	403	0
15	403	0
16	403	0
17	403	18
18	403	0
19	403	0
20	403	0
21	403	26
22	403	0
23	403	0
0	404	0
1	404	0
2	404	2
3	404	0
4	404	3
5	404	2
6	404	4
7	404	3
8	404	2
9	404	12
10	404	2
11	404	9
12	404	6
13	404	6
14	404	2
15	404	2
16	404	2
17	404	2
18	404	3
19	404	2
20	404	3
21	404	0
22	404	2
23	404	0
0	405	0
1	405	0
2	405	0
3	405	0
4	405	0
5	405	0
6	405	0
7	405	0
8	405	0
9	405	0
10	405	0
11	405	0
12	405	0
13	405	0
14	405	0
15	405	0
16	405	19
17	405	0
18	405	0
19	405	0
20	405	0
21	405	0
22	405	0
23	405	0
0	406	0
1	406	0
2	406	0
3	406	0
4	406	0
5	406	4
6	406	0
7	406	0
8	406	0
9	406	0
10	406	0
11	406	0
12	406	0
13	406	4
14	406	0
15	406	0
16	406	8
17	406	0
18	406	0
19	406	15
20	406	0
21	406	0
22	406	0
23	406	4
0	407	0
1	407	0
2	407	0
3	407	0
4	407	0
5	407	0
6	407	39
7	407	0
8	407	0
9	407	0
10	407	0
11	407	0
12	407	0
13	407	0
14	407	0
15	407	0
16	407	0
17	407	0
18	407	0
19	407	0
20	407	0
21	407	0
22	407	0
23	407	20
0	408	0
1	408	0
2	408	0
3	408	0
4	408	0
5	408	0
6	408	0
7	408	0
8	408	0
9	408	0
10	408	70
11	408	0
12	408	0
13	408	0
14	408	0
15	408	0
16	408	0
17	408	38
18	408	0
19	408	0
20	408	0
21	408	0
22	408	0
23	408	0
0	409	0
1	409	0
2	409	4
3	409	0
4	409	0
5	409	4
6	409	0
7	409	0
8	409	0
9	409	4
10	409	8
11	409	0
12	409	4
13	409	0
14	409	0
15	409	0
16	409	4
17	409	0
18	409	4
19	409	0
20	409	0
21	409	0
22	409	0
23	409	0
