Counts for Samsung(12) in South Africa(40):
Hour	Location Index	Count
0	0	0
1	0	0
2	0	0
3	0	0
4	0	0
5	0	20
6	0	20
7	0	30
8	0	30
9	0	11
10	0	11
11	0	0
12	0	30
13	0	63
14	0	30
15	0	39
16	0	47
17	0	55
18	0	30
19	0	47
20	0	71
21	0	11
22	0	0
23	0	0
0	1	0
1	1	0
2	1	0
3	1	0
4	1	5
5	1	10
6	1	10
7	1	29
8	1	20
9	1	0
10	1	10
11	1	29
12	1	10
13	1	33
14	1	20
15	1	62
16	1	20
17	1	38
18	1	33
19	1	20
20	1	24
21	1	15
22	1	10
23	1	15
0	2	0
1	2	0
2	2	0
3	2	0
4	2	12
5	2	6
6	2	34
7	2	18
8	2	18
9	2	12
10	2	12
11	2	6
12	2	12
13	2	6
14	2	23
15	2	18
16	2	28
17	2	44
18	2	18
19	2	28
20	2	28
21	2	0
22	2	12
23	2	0
0	3	10
1	3	2
2	3	8
3	3	4
4	3	22
5	3	26
6	3	16
7	3	18
8	3	17
9	3	16
10	3	25
11	3	18
12	3	28
13	3	19
14	3	31
15	3	36
16	3	27
17	3	35
18	3	34
19	3	23
20	3	35
21	3	48
22	3	8
23	3	0
0	4	0
1	4	0
2	4	3
3	4	0
4	4	3
5	4	27
6	4	22
7	4	24
8	4	34
9	4	24
10	4	17
11	4	11
12	4	29
13	4	29
14	4	19
15	4	43
16	4	24
17	4	27
18	4	41
19	4	46
20	4	14
21	4	24
22	4	6
23	4	6
0	5	1
1	5	3
2	5	1
3	5	6
4	5	14
5	5	18
6	5	23
7	5	23
8	5	21
9	5	24
10	5	21
11	5	18
12	5	21
13	5	24
14	5	25
15	5	23
16	5	23
17	5	22
18	5	28
19	5	23
20	5	29
21	5	15
22	5	5
23	5	3
0	6	0
1	6	0
2	6	0
3	6	0
4	6	0
5	6	0
6	6	0
7	6	0
8	6	0
9	6	0
10	6	58
11	6	58
12	6	0
13	6	0
14	6	0
15	6	0
16	6	58
17	6	58
18	6	0
19	6	0
20	6	0
21	6	0
22	6	0
23	6	0
0	7	3
1	7	10
2	7	0
3	7	4
4	7	18
5	7	12
6	7	36
7	7	13
8	7	17
9	7	13
10	7	7
11	7	20
12	7	26
13	7	30
14	7	21
15	7	22
16	7	41
17	7	45
18	7	30
19	7	32
20	7	23
21	7	30
22	7	8
23	7	3
0	8	0
1	8	0
2	8	0
3	8	7
4	8	14
5	8	32
6	8	20
7	8	44
8	8	38
9	8	14
10	8	44
11	8	26
12	8	70
13	8	14
14	8	20
15	8	32
16	8	38
17	8	38
18	8	55
19	8	44
20	8	55
21	8	14
22	8	32
23	8	7
0	9	0
1	9	0
2	9	0
3	9	0
4	9	0
5	9	0
6	9	0
7	9	0
8	9	0
9	9	0
10	9	0
11	9	0
12	9	0
13	9	0
14	9	0
15	9	0
16	9	0
17	9	0
18	9	0
19	9	0
20	9	0
21	9	0
22	9	0
23	9	0
0	10	0
1	10	0
2	10	0
3	10	0
4	10	0
5	10	0
6	10	0
7	10	0
8	10	0
9	10	0
10	10	253
11	10	0
12	10	0
13	10	0
14	10	0
15	10	0
16	10	0
17	10	0
18	10	0
19	10	0
20	10	0
21	10	0
22	10	0
23	10	0
0	11	0
1	11	0
2	11	0
3	11	0
4	11	0
5	11	0
6	11	0
7	11	0
8	11	0
9	11	0
10	11	0
11	11	72
12	11	72
13	11	0
14	11	0
15	11	0
16	11	0
17	11	72
18	11	0
19	11	0
20	11	0
21	11	0
22	11	0
23	11	0
0	12	0
1	12	0
2	12	4
3	12	21
4	12	25
5	12	4
6	12	44
7	12	18
8	12	15
9	12	15
10	12	11
11	12	15
12	12	34
13	12	56
14	12	69
15	12	28
16	12	4
17	12	11
18	12	18
19	12	11
20	12	4
21	12	11
22	12	0
23	12	0
0	13	0
1	13	0
2	13	0
3	13	0
4	13	0
5	13	149
6	13	80
7	13	149
8	13	0
9	13	101
10	13	119
11	13	57
12	13	101
13	13	57
14	13	0
15	13	0
16	13	0
17	13	0
18	13	0
19	13	0
20	13	0
21	13	0
22	13	0
23	13	0
0	14	0
1	14	0
2	14	0
3	14	0
4	14	0
5	14	0
6	14	38
7	14	84
8	14	70
9	14	55
10	14	20
11	14	0
12	14	20
13	14	0
14	14	0
15	14	55
16	14	20
17	14	20
18	14	0
19	14	20
20	14	0
21	14	0
22	14	0
23	14	0
0	15	9
1	15	0
2	15	0
3	15	9
4	15	9
5	15	0
6	15	46
7	15	0
8	15	9
9	15	24
10	15	0
11	15	17
12	15	32
13	15	9
14	15	17
15	15	65
16	15	83
17	15	17
18	15	24
19	15	0
20	15	9
21	15	9
22	15	0
23	15	0
0	16	0
1	16	0
2	16	0
3	16	0
4	16	39
5	16	39
6	16	39
7	16	0
8	16	0
9	16	0
10	16	0
11	16	0
12	16	39
13	16	0
14	16	39
15	16	72
16	16	0
17	16	39
18	16	72
19	16	0
20	16	39
21	16	0
22	16	0
23	16	0
0	17	0
1	17	0
2	17	0
3	17	5
4	17	12
5	17	19
6	17	28
7	17	16
8	17	26
9	17	40
10	17	31
11	17	30
12	17	33
13	17	21
14	17	19
15	17	20
16	17	44
17	17	16
18	17	43
19	17	24
20	17	17
21	17	9
22	17	3
23	17	0
0	18	34
1	18	0
2	18	0
3	18	0
4	18	18
5	18	49
6	18	18
7	18	0
8	18	18
9	18	0
10	18	18
11	18	18
12	18	0
13	18	0
14	18	0
15	18	18
16	18	18
17	18	0
18	18	49
19	18	0
20	18	34
21	18	0
22	18	18
23	18	0
0	19	0
1	19	0
2	19	0
3	19	0
4	19	0
5	19	0
6	19	0
7	19	0
8	19	0
9	19	0
10	19	0
11	19	0
12	19	0
13	19	0
14	19	0
15	19	0
16	19	0
17	19	0
18	19	0
19	19	0
20	19	0
21	19	0
22	19	0
23	19	0
0	20	10
1	20	0
2	20	0
3	20	14
4	20	10
5	20	23
6	20	19
7	20	19
8	20	23
9	20	35
10	20	23
11	20	69
12	20	31
13	20	10
14	20	5
15	20	19
16	20	5
17	20	27
18	20	31
19	20	39
20	20	5
21	20	5
22	20	10
23	20	10
0	21	2
1	21	3
2	21	5
3	21	8
4	21	9
5	21	17
6	21	26
7	21	13
8	21	11
9	21	15
10	21	16
11	21	31
12	21	37
13	21	25
14	21	20
15	21	35
16	21	36
17	21	45
18	21	30
19	21	20
20	21	30
21	21	5
22	21	20
23	21	3
0	22	9
1	22	0
2	22	25
3	22	33
4	22	0
5	22	61
6	22	25
7	22	0
8	22	17
9	22	17
10	22	9
11	22	33
12	22	25
13	22	9
14	22	73
15	22	101
16	22	9
17	22	40
18	22	61
19	22	0
20	22	9
21	22	33
22	22	61
23	22	9
0	23	0
1	23	0
2	23	0
3	23	0
4	23	0
5	23	0
6	23	0
7	23	19
8	23	19
9	23	19
10	23	0
11	23	19
12	23	0
13	23	0
14	23	0
15	23	0
16	23	0
17	23	0
18	23	0
19	23	0
20	23	0
21	23	0
22	23	0
23	23	0
0	24	6
1	24	7
2	24	9
3	24	7
4	24	21
5	24	33
6	24	29
7	24	21
8	24	24
9	24	17
10	24	22
11	24	29
12	24	32
13	24	6
14	24	26
15	24	30
16	24	48
17	24	27
18	24	22
19	24	29
20	24	27
21	24	9
22	24	11
23	24	7
0	25	0
1	25	0
2	25	4
3	25	18
4	25	18
5	25	28
6	25	31
7	25	34
8	25	8
9	25	38
10	25	25
11	25	38
12	25	25
13	25	15
14	25	15
15	25	25
16	25	41
17	25	34
18	25	50
19	25	31
20	25	41
21	25	38
22	25	4
23	25	4
0	26	0
1	26	0
2	26	0
3	26	0
4	26	63
5	26	34
6	26	63
7	26	0
8	26	0
9	26	63
10	26	0
11	26	0
12	26	0
13	26	63
14	26	0
15	26	0
16	26	0
17	26	0
18	26	34
19	26	0
20	26	0
21	26	0
22	26	0
23	26	0
0	27	0
1	27	0
2	27	0
3	27	0
4	27	0
5	27	15
6	27	15
7	27	42
8	27	66
9	27	15
10	27	29
11	27	42
12	27	54
13	27	29
14	27	29
15	27	54
16	27	29
17	27	66
18	27	77
19	27	29
20	27	15
21	27	0
22	27	0
23	27	0
0	28	0
1	28	0
2	28	0
3	28	0
4	28	0
5	28	0
6	28	34
7	28	0
8	28	34
9	28	0
10	28	0
11	28	0
12	28	34
13	28	34
14	28	0
15	28	0
16	28	0
17	28	88
18	28	63
19	28	34
20	28	0
21	28	0
22	28	34
23	28	0
0	29	0
1	29	0
2	29	7
3	29	0
4	29	20
5	29	20
6	29	7
7	29	39
8	29	27
9	29	66
10	29	61
11	29	27
12	29	39
13	29	33
14	29	14
15	29	45
16	29	27
17	29	0
18	29	14
19	29	71
20	29	45
21	29	20
22	29	7
23	29	14
0	30	4
1	30	0
2	30	4
3	30	12
4	30	34
5	30	20
6	30	14
7	30	10
8	30	14
9	30	11
10	30	31
11	30	54
12	30	28
13	30	24
14	30	21
15	30	13
16	30	20
17	30	26
18	30	70
19	30	22
20	30	36
21	30	25
22	30	13
23	30	2
0	31	12
1	31	0
2	31	0
3	31	0
4	31	53
5	31	23
6	31	33
7	31	23
8	31	12
9	31	12
10	31	62
11	31	33
12	31	33
13	31	0
14	31	12
15	31	12
16	31	0
17	31	0
18	31	0
19	31	0
20	31	0
21	31	23
22	31	12
23	31	0
0	32	0
1	32	0
2	32	0
3	32	0
4	32	0
5	32	0
6	32	0
7	32	0
8	32	0
9	32	0
10	32	0
11	32	0
12	32	0
13	32	0
14	32	0
15	32	0
16	32	0
17	32	0
18	32	0
19	32	0
20	32	0
21	32	0
22	32	0
23	32	0
0	33	6
1	33	4
2	33	0
3	33	6
4	33	20
5	33	23
6	33	16
7	33	14
8	33	16
9	33	20
10	33	23
11	33	12
12	33	18
13	33	18
14	33	16
15	33	27
16	33	32
17	33	14
18	33	32
19	33	52
20	33	46
21	33	20
22	33	6
23	33	2
0	34	0
1	34	35
2	34	0
3	34	0
4	34	18
5	34	0
6	34	64
7	34	18
8	34	35
9	34	0
10	34	18
11	34	35
12	34	35
13	34	18
14	34	0
15	34	35
16	34	50
17	34	78
18	34	90
19	34	0
20	34	0
21	34	90
22	34	18
23	34	0
0	35	0
1	35	0
2	35	6
3	35	6
4	35	0
5	35	30
6	35	16
7	35	35
8	35	16
9	35	16
10	35	35
11	35	35
12	35	53
13	35	26
14	35	35
15	35	26
16	35	26
17	35	16
18	35	0
19	35	6
20	35	6
21	35	16
22	35	6
23	35	11
0	36	3
1	36	0
2	36	6
3	36	11
4	36	19
5	36	28
6	36	32
7	36	36
8	36	25
9	36	25
10	36	18
11	36	21
12	36	37
13	36	27
14	36	20
15	36	29
16	36	26
17	36	40
18	36	31
19	36	23
20	36	16
21	36	16
22	36	7
23	36	4
0	37	0
1	37	3
2	37	0
3	37	6
4	37	8
5	37	27
6	37	23
7	37	13
8	37	18
9	37	20
10	37	34
11	37	18
12	37	32
13	37	25
14	37	34
15	37	25
16	37	51
17	37	32
18	37	27
19	37	18
20	37	18
21	37	13
22	37	8
23	37	13
0	38	0
1	38	0
2	38	0
3	38	0
4	38	0
5	38	112
6	38	82
7	38	0
8	38	0
9	38	0
10	38	45
11	38	45
12	38	0
13	38	45
14	38	45
15	38	0
16	38	0
17	38	0
18	38	82
19	38	45
20	38	82
21	38	0
22	38	0
23	38	0
0	39	0
1	39	26
2	39	7
3	39	14
4	39	14
5	39	0
6	39	0
7	39	20
8	39	14
9	39	7
10	39	7
11	39	26
12	39	20
13	39	32
14	39	7
15	39	20
16	39	14
17	39	43
18	39	38
19	39	0
20	39	7
21	39	7
22	39	0
23	39	0
0	40	0
1	40	2
2	40	0
3	40	11
4	40	8
5	40	13
6	40	42
7	40	18
8	40	15
9	40	28
10	40	15
11	40	31
12	40	42
13	40	41
14	40	39
15	40	34
16	40	37
17	40	25
18	40	30
19	40	28
20	40	33
21	40	6
22	40	4
23	40	2
0	41	0
1	41	0
2	41	0
3	41	12
4	41	12
5	41	12
6	41	0
7	41	12
8	41	23
9	41	12
10	41	12
11	41	12
12	41	0
13	41	34
14	41	12
15	41	12
16	41	34
17	41	0
18	41	34
19	41	23
20	41	12
21	41	0
22	41	0
23	41	0
0	42	0
1	42	0
2	42	0
3	42	0
4	42	26
5	42	0
6	42	26
7	42	0
8	42	0
9	42	50
10	42	0
11	42	50
12	42	26
13	42	26
14	42	26
15	42	50
16	42	0
17	42	50
18	42	26
19	42	0
20	42	0
21	42	0
22	42	0
23	42	0
0	43	0
1	43	6
2	43	0
3	43	9
4	43	28
5	43	20
6	43	45
7	43	33
8	43	28
9	43	22
10	43	35
11	43	25
12	43	20
13	43	22
14	43	28
15	43	42
16	43	28
17	43	38
18	43	30
19	43	45
20	43	50
21	43	17
22	43	12
23	43	3
0	44	0
1	44	0
2	44	0
3	44	0
4	44	0
5	44	0
6	44	0
7	44	0
8	44	0
9	44	0
10	44	123
11	44	123
12	44	72
13	44	0
14	44	0
15	44	0
16	44	0
17	44	0
18	44	0
19	44	0
20	44	0
21	44	0
22	44	0
23	44	0
0	45	3
1	45	3
2	45	4
3	45	10
4	45	19
5	45	23
6	45	25
7	45	26
8	45	26
9	45	27
10	45	28
11	45	27
12	45	27
13	45	27
14	45	25
15	45	26
16	45	28
17	45	30
18	45	31
19	45	30
20	45	23
21	45	14
22	45	7
23	45	4
0	46	0
1	46	10
2	46	0
3	46	10
4	46	10
5	46	19
6	46	19
7	46	67
8	46	19
9	46	10
10	46	74
11	46	74
12	46	60
13	46	60
14	46	36
15	46	19
16	46	19
17	46	52
18	46	0
19	46	19
20	46	52
21	46	10
22	46	10
23	46	19
0	47	0
1	47	0
2	47	0
3	47	0
4	47	0
5	47	0
6	47	0
7	47	0
8	47	0
9	47	95
10	47	0
11	47	0
12	47	0
13	47	0
14	47	0
15	47	0
16	47	95
17	47	95
18	47	0
19	47	0
20	47	0
21	47	0
22	47	0
23	47	0
0	48	0
1	48	9
2	48	0
3	48	0
4	48	9
5	48	41
6	48	18
7	48	69
8	48	26
9	48	9
10	48	33
11	48	55
12	48	9
13	48	26
14	48	33
15	48	26
16	48	33
17	48	9
18	48	33
19	48	0
20	48	0
21	48	0
22	48	0
23	48	0
0	49	0
1	49	0
2	49	0
3	49	0
4	49	46
5	49	0
6	49	0
7	49	0
8	49	99
9	49	0
10	49	0
11	49	46
12	49	46
13	49	0
14	49	0
15	49	24
16	49	0
17	49	0
18	49	0
19	49	65
20	49	24
21	49	0
22	49	0
23	49	0
0	50	0
1	50	23
2	50	12
3	50	0
4	50	23
5	50	12
6	50	12
7	50	54
8	50	0
9	50	0
10	50	88
11	50	12
12	50	12
13	50	12
14	50	80
15	50	44
16	50	34
17	50	63
18	50	23
19	50	0
20	50	12
21	50	12
22	50	0
23	50	12
0	51	1
1	51	3
2	51	3
3	51	6
4	51	14
5	51	23
6	51	17
7	51	17
8	51	20
9	51	16
10	51	17
11	51	15
12	51	23
13	51	25
14	51	29
15	51	29
16	51	24
17	51	32
18	51	31
19	51	27
20	51	25
21	51	14
22	51	9
23	51	6
0	52	0
1	52	0
2	52	0
3	52	0
4	52	0
5	52	0
6	52	0
7	52	47
8	52	0
9	52	0
10	52	47
11	52	0
12	52	0
13	52	0
14	52	0
15	52	0
16	52	141
17	52	47
18	52	0
19	52	47
20	52	85
21	52	0
22	52	0
23	52	0
0	53	0
1	53	0
2	53	0
3	53	0
4	53	0
5	53	0
6	53	37
7	53	68
8	53	0
9	53	0
10	53	0
11	53	0
12	53	0
13	53	37
14	53	0
15	53	0
16	53	0
17	53	37
18	53	37
19	53	0
20	53	0
21	53	0
22	53	0
23	53	0
0	54	4
1	54	6
2	54	4
3	54	12
4	54	20
5	54	22
6	54	29
7	54	31
8	54	24
9	54	29
10	54	18
11	54	39
12	54	43
13	54	19
14	54	22
15	54	23
16	54	29
17	54	34
18	54	28
19	54	31
20	54	21
21	54	9
22	54	7
23	54	3
0	55	0
1	55	0
2	55	0
3	55	0
4	55	18
5	55	0
6	55	34
7	55	34
8	55	34
9	55	34
10	55	0
11	55	18
12	55	0
13	55	18
14	55	0
15	55	18
16	55	0
17	55	0
18	55	34
19	55	18
20	55	0
21	55	0
22	55	0
23	55	0
0	56	6
1	56	6
2	56	6
3	56	7
4	56	18
5	56	28
6	56	12
7	56	30
8	56	26
9	56	21
10	56	31
11	56	17
12	56	19
13	56	35
14	56	17
15	56	21
16	56	17
17	56	31
18	56	25
19	56	35
20	56	30
21	56	13
22	56	4
23	56	4
0	57	4
1	57	3
2	57	4
3	57	9
4	57	17
5	57	22
6	57	24
7	57	25
8	57	25
9	57	26
10	57	27
11	57	26
12	57	26
13	57	25
14	57	25
15	57	25
16	57	26
17	57	29
18	57	30
19	57	28
20	57	23
21	57	14
22	57	7
23	57	4
0	58	0
1	58	0
2	58	0
3	58	0
4	58	12
5	58	12
6	58	17
7	58	0
8	58	17
9	58	17
10	58	32
11	58	42
12	58	22
13	58	17
14	58	17
15	58	22
16	58	32
17	58	32
18	58	17
19	58	12
20	58	12
21	58	6
22	58	12
23	58	0
0	59	5
1	59	3
2	59	4
3	59	5
4	59	19
5	59	25
6	59	23
7	59	28
8	59	29
9	59	27
10	59	30
11	59	27
12	59	26
13	59	25
14	59	25
15	59	20
16	59	28
17	59	31
18	59	29
19	59	34
20	59	29
21	59	14
22	59	6
23	59	7
0	60	0
1	60	0
2	60	6
3	60	0
4	60	11
5	60	21
6	60	16
7	60	21
8	60	31
9	60	21
10	60	11
11	60	6
12	60	11
13	60	16
14	60	6
15	60	26
16	60	31
17	60	11
18	60	54
19	60	26
20	60	21
21	60	0
22	60	6
23	60	0
0	61	0
1	61	0
2	61	0
3	61	0
4	61	0
5	61	14
6	61	0
7	61	14
8	61	38
9	61	0
10	61	14
11	61	38
12	61	38
13	61	38
14	61	26
15	61	38
16	61	38
17	61	14
18	61	26
19	61	38
20	61	70
21	61	0
22	61	14
23	61	0
0	62	0
1	62	0
2	62	0
3	62	0
4	62	0
5	62	0
6	62	0
7	62	0
8	62	0
9	62	0
10	62	0
11	62	0
12	62	0
13	62	0
14	62	0
15	62	0
16	62	0
17	62	0
18	62	0
19	62	0
20	62	0
21	62	0
22	62	0
23	62	0
0	63	0
1	63	0
2	63	13
3	63	9
4	63	17
5	63	9
6	63	48
7	63	37
8	63	37
9	63	25
10	63	21
11	63	25
12	63	5
13	63	37
14	63	9
15	63	13
16	63	25
17	63	90
18	63	55
19	63	65
20	63	37
21	63	13
22	63	17
23	63	5
0	64	7
1	64	3
2	64	3
3	64	5
4	64	10
5	64	14
6	64	27
7	64	18
8	64	31
9	64	35
10	64	24
11	64	26
12	64	31
13	64	27
14	64	26
15	64	27
16	64	22
17	64	40
18	64	53
19	64	43
20	64	18
21	64	22
22	64	7
23	64	8
0	65	5
1	65	0
2	65	6
3	65	3
4	65	30
5	65	19
6	65	16
7	65	19
8	65	24
9	65	18
10	65	19
11	65	29
12	65	18
13	65	29
14	65	33
15	65	23
16	65	24
17	65	42
18	65	28
19	65	35
20	65	29
21	65	20
22	65	20
23	65	6
0	66	0
1	66	23
2	66	0
3	66	23
4	66	23
5	66	0
6	66	30
7	66	8
8	66	16
9	66	23
10	66	63
11	66	85
12	66	30
13	66	23
14	66	30
15	66	37
16	66	23
17	66	8
18	66	50
19	66	0
20	66	23
21	66	30
22	66	8
23	66	8
0	67	0
1	67	0
2	67	0
3	67	0
4	67	38
5	67	38
6	67	0
7	67	38
8	67	38
9	67	0
10	67	70
11	67	0
12	67	38
13	67	70
14	67	38
15	67	38
16	67	70
17	67	0
18	67	0
19	67	0
20	67	0
21	67	38
22	67	38
23	67	38
0	68	0
1	68	0
2	68	0
3	68	0
4	68	0
5	68	0
6	68	0
7	68	0
8	68	0
9	68	0
10	68	0
11	68	0
12	68	0
13	68	0
14	68	0
15	68	0
16	68	0
17	68	0
18	68	0
19	68	0
20	68	0
21	68	0
22	68	0
23	68	0
0	69	0
1	69	6
2	69	12
3	69	0
4	69	6
5	69	12
6	69	42
7	69	47
8	69	27
9	69	6
10	69	27
11	69	37
12	69	85
13	69	17
14	69	12
15	69	27
16	69	17
17	69	37
18	69	42
19	69	27
20	69	22
21	69	17
22	69	12
23	69	27
0	70	3
1	70	0
2	70	7
3	70	12
4	70	16
5	70	20
6	70	24
7	70	22
8	70	40
9	70	30
10	70	30
11	70	26
12	70	27
13	70	21
14	70	32
15	70	24
16	70	23
17	70	28
18	70	36
19	70	38
20	70	16
21	70	20
22	70	23
23	70	2
0	71	9
1	71	0
2	71	3
3	71	11
4	71	32
5	71	14
6	71	27
7	71	9
8	71	17
9	71	39
10	71	30
11	71	14
12	71	17
13	71	42
14	71	37
15	71	53
16	71	34
17	71	22
18	71	25
19	71	34
20	71	34
21	71	11
22	71	19
23	71	0
0	72	13
1	72	0
2	72	0
3	72	0
4	72	0
5	72	35
6	72	46
7	72	0
8	72	46
9	72	13
10	72	24
11	72	24
12	72	13
13	72	0
14	72	35
15	72	35
16	72	46
17	72	46
18	72	35
19	72	24
20	72	35
21	72	46
22	72	24
23	72	0
0	73	0
1	73	0
2	73	0
3	73	0
4	73	26
5	73	50
6	73	0
7	73	0
8	73	0
9	73	26
10	73	26
11	73	106
12	73	26
13	73	71
14	73	50
15	73	0
16	73	0
17	73	26
18	73	26
19	73	71
20	73	26
21	73	0
22	73	0
23	73	0
0	74	3
1	74	3
2	74	3
3	74	14
4	74	14
5	74	25
6	74	52
7	74	52
8	74	20
9	74	45
10	74	12
11	74	30
12	74	22
13	74	33
14	74	20
15	74	47
16	74	49
17	74	42
18	74	47
19	74	42
20	74	17
21	74	9
22	74	20
23	74	17
0	75	0
1	75	0
2	75	0
3	75	0
4	75	22
5	75	22
6	75	41
7	75	75
8	75	0
9	75	0
10	75	41
11	75	22
12	75	22
13	75	0
14	75	22
15	75	22
16	75	41
17	75	0
18	75	59
19	75	41
20	75	0
21	75	0
22	75	0
23	75	0
0	76	4
1	76	1
2	76	4
3	76	9
4	76	21
5	76	33
6	76	21
7	76	18
8	76	31
9	76	25
10	76	27
11	76	24
12	76	22
13	76	21
14	76	29
15	76	27
16	76	21
17	76	23
18	76	25
19	76	23
20	76	34
21	76	23
22	76	7
23	76	5
0	77	5
1	77	0
2	77	4
3	77	5
4	77	18
5	77	16
6	77	19
7	77	16
8	77	14
9	77	18
10	77	14
11	77	20
12	77	24
13	77	19
14	77	24
15	77	23
16	77	29
17	77	15
18	77	30
19	77	25
20	77	35
21	77	12
22	77	0
23	77	4
0	78	0
1	78	3
2	78	3
3	78	6
4	78	17
5	78	28
6	78	33
7	78	28
8	78	15
9	78	17
10	78	20
11	78	15
12	78	9
13	78	25
14	78	12
15	78	15
16	78	43
17	78	46
18	78	43
19	78	33
20	78	15
21	78	6
22	78	9
23	78	3
0	79	0
1	79	0
2	79	47
3	79	0
4	79	0
5	79	47
6	79	47
7	79	0
8	79	0
9	79	116
10	79	47
11	79	0
12	79	0
13	79	0
14	79	0
15	79	85
16	79	0
17	79	0
18	79	0
19	79	47
20	79	0
21	79	0
22	79	0
23	79	0
0	80	4
1	80	3
2	80	5
3	80	12
4	80	18
5	80	24
6	80	25
7	80	23
8	80	28
9	80	24
10	80	22
11	80	24
12	80	26
13	80	24
14	80	24
15	80	20
16	80	18
17	80	25
18	80	26
19	80	25
20	80	18
21	80	14
22	80	6
23	80	7
0	81	0
1	81	0
2	81	0
3	81	0
4	81	29
5	81	29
6	81	29
7	81	29
8	81	54
9	81	29
10	81	0
11	81	0
12	81	0
13	81	29
14	81	29
15	81	29
16	81	0
17	81	29
18	81	130
19	81	96
20	81	54
21	81	0
22	81	0
23	81	0
0	82	0
1	82	0
2	82	0
3	82	13
4	82	13
5	82	13
6	82	24
7	82	13
8	82	24
9	82	13
10	82	0
11	82	0
12	82	0
13	82	65
14	82	0
15	82	35
16	82	0
17	82	13
18	82	35
19	82	45
20	82	35
21	82	13
22	82	0
23	82	0
0	83	0
1	83	0
2	83	0
3	83	0
4	83	11
5	83	0
6	83	0
7	83	11
8	83	57
9	83	39
10	83	30
11	83	21
12	83	30
13	83	30
14	83	21
15	83	21
16	83	57
17	83	0
18	83	11
19	83	0
20	83	30
21	83	0
22	83	0
23	83	21
0	84	5
1	84	10
2	84	0
3	84	0
4	84	32
5	84	23
6	84	28
7	84	32
8	84	48
9	84	28
10	84	23
11	84	32
12	84	32
13	84	44
14	84	44
15	84	32
16	84	44
17	84	28
18	84	23
19	84	19
20	84	36
21	84	28
22	84	19
23	84	0
0	85	4
1	85	3
2	85	7
3	85	17
4	85	14
5	85	21
6	85	23
7	85	26
8	85	18
9	85	23
10	85	25
11	85	24
12	85	26
13	85	23
14	85	24
15	85	21
16	85	25
17	85	29
18	85	34
19	85	34
20	85	25
21	85	16
22	85	11
23	85	6
0	86	4
1	86	3
2	86	3
3	86	13
4	86	22
5	86	31
6	86	28
7	86	18
8	86	26
9	86	29
10	86	31
11	86	29
12	86	29
13	86	23
14	86	21
15	86	20
16	86	23
17	86	34
18	86	28
19	86	30
20	86	28
21	86	12
22	86	7
23	86	5
0	87	0
1	87	0
2	87	0
3	87	11
4	87	11
5	87	55
6	87	20
7	87	34
8	87	20
9	87	20
10	87	29
11	87	63
12	87	15
13	87	11
14	87	34
15	87	38
16	87	29
17	87	20
18	87	59
19	87	25
20	87	15
21	87	25
22	87	15
23	87	15
0	88	0
1	88	0
2	88	0
3	88	95
4	88	0
5	88	0
6	88	0
7	88	0
8	88	0
9	88	0
10	88	191
11	88	0
12	88	0
13	88	0
14	88	0
15	88	0
16	88	0
17	88	0
18	88	0
19	88	0
20	88	0
21	88	95
22	88	0
23	88	0
0	89	9
1	89	16
2	89	5
3	89	5
4	89	0
5	89	12
6	89	42
7	89	38
8	89	0
9	89	31
10	89	24
11	89	20
12	89	24
13	89	42
14	89	31
15	89	20
16	89	28
17	89	31
18	89	49
19	89	55
20	89	5
21	89	0
22	89	9
23	89	0
0	90	8
1	90	0
2	90	0
3	90	15
4	90	36
5	90	22
6	90	0
7	90	22
8	90	15
9	90	36
10	90	42
11	90	36
12	90	29
13	90	48
14	90	36
15	90	0
16	90	36
17	90	48
18	90	66
19	90	66
20	90	22
21	90	8
22	90	0
23	90	0
0	91	6
1	91	2
2	91	0
3	91	23
4	91	25
5	91	17
6	91	22
7	91	25
8	91	28
9	91	19
10	91	19
11	91	19
12	91	26
13	91	17
14	91	22
15	91	17
16	91	26
17	91	12
18	91	25
19	91	28
20	91	12
21	91	17
22	91	9
23	91	4
0	92	0
1	92	0
2	92	30
3	92	0
4	92	0
5	92	0
6	92	0
7	92	0
8	92	0
9	92	0
10	92	0
11	92	0
12	92	0
13	92	55
14	92	0
15	92	55
16	92	30
17	92	78
18	92	0
19	92	0
20	92	0
21	92	0
22	92	0
23	92	0
0	93	6
1	93	23
2	93	23
3	93	17
4	93	23
5	93	38
6	93	28
7	93	38
8	93	43
9	93	43
10	93	48
11	93	23
12	93	23
13	93	23
14	93	28
15	93	17
16	93	23
17	93	33
18	93	57
19	93	57
20	93	33
21	93	0
22	93	6
23	93	12
0	94	6
1	94	6
2	94	0
3	94	0
4	94	6
5	94	11
6	94	21
7	94	16
8	94	26
9	94	11
10	94	16
11	94	21
12	94	31
13	94	21
14	94	11
15	94	21
16	94	40
17	94	26
18	94	16
19	94	21
20	94	26
21	94	11
22	94	6
23	94	0
0	95	5
1	95	4
2	95	6
3	95	6
4	95	13
5	95	25
6	95	25
7	95	32
8	95	28
9	95	25
10	95	16
11	95	25
12	95	29
13	95	26
14	95	31
15	95	21
16	95	34
17	95	32
18	95	35
19	95	39
20	95	19
21	95	17
22	95	7
23	95	5
0	96	0
1	96	0
2	96	4
3	96	12
4	96	27
5	96	8
6	96	23
7	96	23
8	96	37
9	96	19
10	96	12
11	96	19
12	96	53
13	96	19
14	96	12
15	96	30
16	96	16
17	96	19
18	96	23
19	96	47
20	96	37
21	96	19
22	96	8
23	96	4
0	97	0
1	97	0
2	97	0
3	97	0
4	97	0
5	97	0
6	97	0
7	97	0
8	97	0
9	97	0
10	97	0
11	97	0
12	97	0
13	97	0
14	97	0
15	97	0
16	97	0
17	97	0
18	97	0
19	97	0
20	97	0
21	97	0
22	97	0
23	97	0
0	98	0
1	98	0
2	98	0
3	98	0
4	98	61
5	98	0
6	98	0
7	98	0
8	98	0
9	98	0
10	98	0
11	98	0
12	98	0
13	98	0
14	98	0
15	98	0
16	98	0
17	98	107
18	98	0
19	98	0
20	98	0
21	98	0
22	98	0
23	98	0
0	99	0
1	99	13
2	99	0
3	99	0
4	99	25
5	99	13
6	99	13
7	99	25
8	99	0
9	99	0
10	99	36
11	99	13
12	99	0
13	99	0
14	99	25
15	99	13
16	99	36
17	99	58
18	99	47
19	99	47
20	99	13
21	99	58
22	99	0
23	99	13
0	100	0
1	100	0
2	100	0
3	100	0
4	100	12
5	100	55
6	100	55
7	100	45
8	100	64
9	100	0
10	100	12
11	100	35
12	100	35
13	100	0
14	100	45
15	100	12
16	100	12
17	100	12
18	100	24
19	100	35
20	100	45
21	100	12
22	100	0
23	100	0
0	101	0
1	101	0
2	101	18
3	101	35
4	101	35
5	101	35
6	101	10
7	101	18
8	101	18
9	101	10
10	101	18
11	101	0
12	101	10
13	101	18
14	101	51
15	101	18
16	101	27
17	101	35
18	101	79
19	101	43
20	101	35
21	101	0
22	101	10
23	101	0
0	102	3
1	102	4
2	102	4
3	102	9
4	102	15
5	102	18
6	102	23
7	102	33
8	102	36
9	102	28
10	102	21
11	102	25
12	102	21
13	102	21
14	102	23
15	102	23
16	102	20
17	102	30
18	102	28
19	102	33
20	102	24
21	102	13
22	102	5
23	102	6
0	103	2
1	103	3
2	103	2
3	103	6
4	103	15
5	103	33
6	103	16
7	103	22
8	103	25
9	103	30
10	103	25
11	103	20
12	103	37
13	103	41
14	103	18
15	103	19
16	103	33
17	103	32
18	103	52
19	103	26
20	103	31
21	103	12
22	103	27
23	103	4
0	104	0
1	104	0
2	104	0
3	104	9
4	104	0
5	104	9
6	104	33
7	104	104
8	104	33
9	104	26
10	104	9
11	104	26
12	104	18
13	104	26
14	104	0
15	104	0
16	104	0
17	104	0
18	104	0
19	104	0
20	104	9
21	104	0
22	104	0
23	104	0
0	105	0
1	105	0
2	105	0
3	105	0
4	105	0
5	105	0
6	105	0
7	105	39
8	105	20
9	105	71
10	105	20
11	105	0
12	105	39
13	105	55
14	105	20
15	105	39
16	105	20
17	105	20
18	105	0
19	105	0
20	105	20
21	105	0
22	105	0
23	105	0
0	106	0
1	106	0
2	106	0
3	106	21
4	106	21
5	106	21
6	106	31
7	106	49
8	106	0
9	106	21
10	106	0
11	106	21
12	106	0
13	106	40
14	106	57
15	106	11
16	106	0
17	106	11
18	106	40
19	106	49
20	106	21
21	106	31
22	106	31
23	106	0
0	107	5
1	107	6
2	107	2
3	107	6
4	107	17
5	107	12
6	107	10
7	107	29
8	107	17
9	107	24
10	107	23
11	107	10
12	107	42
13	107	49
14	107	25
15	107	17
16	107	38
17	107	43
18	107	34
19	107	28
20	107	28
21	107	19
22	107	9
23	107	3
0	108	1
1	108	3
2	108	1
3	108	15
4	108	18
5	108	16
6	108	24
7	108	31
8	108	21
9	108	31
10	108	26
11	108	34
12	108	17
13	108	24
14	108	32
15	108	36
16	108	30
17	108	29
18	108	35
19	108	32
20	108	22
21	108	7
22	108	12
23	108	7
0	109	8
1	109	4
2	109	0
3	109	4
4	109	16
5	109	31
6	109	20
7	109	12
8	109	16
9	109	34
10	109	23
11	109	20
12	109	20
13	109	4
14	109	0
15	109	12
16	109	8
17	109	12
18	109	12
19	109	31
20	109	23
21	109	23
22	109	51
23	109	4
0	110	3
1	110	4
2	110	5
3	110	15
4	110	22
5	110	20
6	110	24
7	110	25
8	110	22
9	110	22
10	110	23
11	110	23
12	110	24
13	110	24
14	110	25
15	110	26
16	110	27
17	110	33
18	110	32
19	110	26
20	110	18
21	110	13
22	110	14
23	110	5
0	111	0
1	111	0
2	111	0
3	111	0
4	111	0
5	111	0
6	111	0
7	111	0
8	111	82
9	111	0
10	111	0
11	111	0
12	111	0
13	111	0
14	111	0
15	111	0
16	111	0
17	111	0
18	111	0
19	111	0
20	111	0
21	111	0
22	111	0
23	111	0
0	112	0
1	112	25
2	112	0
3	112	0
4	112	0
5	112	58
6	112	47
7	112	25
8	112	0
9	112	25
10	112	25
11	112	36
12	112	47
13	112	13
14	112	25
15	112	25
16	112	25
17	112	25
18	112	13
19	112	47
20	112	47
21	112	13
22	112	13
23	112	0
0	113	0
1	113	0
2	113	0
3	113	0
4	113	0
5	113	9
6	113	45
7	113	16
8	113	31
9	113	0
10	113	0
11	113	0
12	113	16
13	113	16
14	113	31
15	113	16
16	113	0
17	113	24
18	113	16
19	113	9
20	113	9
21	113	9
22	113	9
23	113	0
0	114	0
1	114	0
2	114	0
3	114	0
4	114	0
5	114	0
6	114	191
7	114	0
8	114	0
9	114	0
10	114	0
11	114	0
12	114	0
13	114	0
14	114	0
15	114	0
16	114	0
17	114	0
18	114	0
19	114	95
20	114	154
21	114	0
22	114	0
23	114	0
0	115	6
1	115	0
2	115	0
3	115	12
4	115	6
5	115	29
6	115	34
7	115	6
8	115	29
9	115	23
10	115	12
11	115	39
12	115	12
13	115	12
14	115	23
15	115	23
16	115	18
17	115	12
18	115	18
19	115	12
20	115	6
21	115	6
22	115	0
23	115	0
0	116	0
1	116	0
2	116	0
3	116	0
4	116	0
5	116	51
6	116	51
7	116	51
8	116	0
9	116	51
10	116	0
11	116	0
12	116	0
13	116	91
14	116	91
15	116	51
16	116	0
17	116	0
18	116	51
19	116	0
20	116	91
21	116	0
22	116	0
23	116	0
0	117	0
1	117	0
2	117	0
3	117	0
4	117	0
5	117	139
6	117	0
7	117	52
8	117	0
9	117	0
10	117	0
11	117	28
12	117	0
13	117	52
14	117	28
15	117	0
16	117	0
17	117	0
18	117	52
19	117	52
20	117	0
21	117	28
22	117	0
23	117	0
0	118	0
1	118	0
2	118	0
3	118	0
4	118	0
5	118	0
6	118	0
7	118	39
8	118	39
9	118	0
10	118	72
11	118	39
12	118	0
13	118	39
14	118	0
15	118	0
16	118	0
17	118	0
18	118	0
19	118	0
20	118	0
21	118	0
22	118	0
23	118	0
0	119	0
1	119	0
2	119	0
3	119	0
4	119	72
5	119	0
6	119	0
7	119	72
8	119	123
9	119	0
10	119	0
11	119	0
12	119	72
13	119	0
14	119	0
15	119	0
16	119	0
17	119	0
18	119	0
19	119	0
20	119	0
21	119	0
22	119	0
23	119	0
0	120	1
1	120	5
2	120	7
3	120	11
4	120	19
5	120	23
6	120	17
7	120	25
8	120	24
9	120	41
10	120	24
11	120	27
12	120	32
13	120	30
14	120	28
15	120	30
16	120	35
17	120	19
18	120	22
19	120	27
20	120	22
21	120	7
22	120	7
23	120	4
0	121	9
1	121	0
2	121	0
3	121	0
4	121	16
5	121	38
6	121	9
7	121	16
8	121	38
9	121	38
10	121	0
11	121	9
12	121	0
13	121	52
14	121	24
15	121	9
16	121	0
17	121	9
18	121	16
19	121	65
20	121	65
21	121	16
22	121	9
23	121	9
0	122	0
1	122	0
2	122	0
3	122	0
4	122	0
5	122	0
6	122	0
7	122	0
8	122	0
9	122	0
10	122	0
11	122	0
12	122	0
13	122	0
14	122	0
15	122	0
16	122	0
17	122	0
18	122	0
19	122	0
20	122	0
21	122	0
22	122	0
23	122	0
0	123	0
1	123	0
2	123	0
3	123	0
4	123	34
5	123	18
6	123	0
7	123	18
8	123	0
9	123	18
10	123	18
11	123	18
12	123	0
13	123	18
14	123	34
15	123	0
16	123	34
17	123	63
18	123	18
19	123	63
20	123	0
21	123	0
22	123	0
23	123	34
0	124	3
1	124	2
2	124	3
3	124	5
4	124	10
5	124	14
6	124	16
7	124	16
8	124	17
9	124	17
10	124	17
11	124	17
12	124	17
13	124	16
14	124	16
15	124	16
16	124	16
17	124	18
18	124	18
19	124	18
20	124	14
21	124	9
22	124	5
23	124	4
0	125	0
1	125	0
2	125	0
3	125	0
4	125	12
5	125	0
6	125	12
7	125	34
8	125	23
9	125	12
10	125	54
11	125	12
12	125	0
13	125	54
14	125	54
15	125	34
16	125	12
17	125	12
18	125	23
19	125	0
20	125	88
21	125	12
22	125	0
23	125	0
0	126	24
1	126	0
2	126	0
3	126	0
4	126	0
5	126	65
6	126	0
7	126	0
8	126	0
9	126	46
10	126	24
11	126	24
12	126	0
13	126	83
14	126	0
15	126	0
16	126	0
17	126	24
18	126	0
19	126	0
20	126	0
21	126	0
22	126	24
23	126	0
0	127	4
1	127	2
2	127	2
3	127	10
4	127	19
5	127	31
6	127	37
7	127	29
8	127	23
9	127	14
10	127	14
11	127	24
12	127	24
13	127	29
14	127	54
15	127	11
16	127	20
17	127	38
18	127	27
19	127	49
20	127	47
21	127	19
22	127	2
23	127	2
0	128	0
1	128	0
2	128	0
3	128	0
4	128	15
5	128	0
6	128	15
7	128	29
8	128	15
9	128	41
10	128	0
11	128	41
12	128	15
13	128	54
14	128	0
15	128	15
16	128	15
17	128	29
18	128	29
19	128	29
20	128	29
21	128	0
22	128	0
23	128	0
0	129	5
1	129	0
2	129	5
3	129	0
4	129	9
5	129	37
6	129	30
7	129	9
8	129	18
9	129	26
10	129	22
11	129	13
12	129	5
13	129	34
14	129	34
15	129	37
16	129	34
17	129	13
18	129	34
19	129	37
20	129	41
21	129	9
22	129	0
23	129	0
0	130	3
1	130	3
2	130	6
3	130	8
4	130	16
5	130	70
6	130	32
7	130	28
8	130	11
9	130	30
10	130	11
11	130	25
12	130	34
13	130	18
14	130	13
15	130	34
16	130	6
17	130	45
18	130	18
19	130	50
20	130	18
21	130	16
22	130	11
23	130	3
0	131	0
1	131	0
2	131	0
3	131	0
4	131	0
5	131	51
6	131	91
7	131	0
8	131	123
9	131	51
10	131	51
11	131	51
12	131	0
13	131	0
14	131	0
15	131	0
16	131	0
17	131	0
18	131	0
19	131	51
20	131	0
21	131	0
22	131	0
23	131	0
0	132	0
1	132	0
2	132	0
3	132	17
4	132	0
5	132	23
6	132	28
7	132	17
8	132	23
9	132	28
10	132	17
11	132	6
12	132	12
13	132	23
14	132	17
15	132	43
16	132	6
17	132	57
18	132	38
19	132	12
20	132	17
21	132	17
22	132	0
23	132	6
0	133	0
1	133	0
2	133	0
3	133	5
4	133	0
5	133	17
6	133	21
7	133	54
8	133	21
9	133	25
10	133	58
11	133	29
12	133	37
13	133	13
14	133	13
15	133	13
16	133	25
17	133	29
18	133	17
19	133	25
20	133	58
21	133	25
22	133	0
23	133	0
0	134	0
1	134	0
2	134	5
3	134	9
4	134	9
5	134	17
6	134	5
7	134	21
8	134	37
9	134	21
10	134	47
11	134	33
12	134	29
13	134	47
14	134	25
15	134	67
16	134	33
17	134	47
18	134	77
19	134	40
20	134	44
21	134	9
22	134	0
23	134	5
0	135	0
1	135	0
2	135	17
3	135	0
4	135	33
5	135	48
6	135	62
7	135	17
8	135	0
9	135	48
10	135	0
11	135	17
12	135	17
13	135	0
14	135	17
15	135	0
16	135	0
17	135	48
18	135	0
19	135	33
20	135	17
21	135	0
22	135	33
23	135	0
0	136	0
1	136	0
2	136	0
3	136	0
4	136	0
5	136	28
6	136	0
7	136	0
8	136	52
9	136	0
10	136	0
11	136	0
12	136	0
13	136	28
14	136	0
15	136	0
16	136	93
17	136	0
18	136	0
19	136	0
20	136	0
21	136	0
22	136	0
23	136	0
0	137	0
1	137	0
2	137	0
3	137	0
4	137	0
5	137	0
6	137	0
7	137	0
8	137	0
9	137	123
10	137	72
11	137	0
12	137	0
13	137	72
14	137	0
15	137	0
16	137	0
17	137	72
18	137	0
19	137	72
20	137	0
21	137	0
22	137	0
23	137	0
0	138	14
1	138	0
2	138	0
3	138	20
4	138	32
5	138	20
6	138	38
7	138	7
8	138	14
9	138	38
10	138	14
11	138	26
12	138	0
13	138	20
14	138	14
15	138	38
16	138	79
17	138	7
18	138	14
19	138	32
20	138	26
21	138	0
22	138	0
23	138	0
0	139	12
1	139	12
2	139	12
3	139	23
4	139	23
5	139	12
6	139	52
7	139	0
8	139	33
9	139	52
10	139	52
11	139	0
12	139	33
13	139	33
14	139	33
15	139	12
16	139	12
17	139	23
18	139	23
19	139	12
20	139	23
21	139	52
22	139	12
23	139	12
0	140	0
1	140	0
2	140	0
3	140	0
4	140	0
5	140	0
6	140	0
7	140	0
8	140	0
9	140	0
10	140	0
11	140	0
12	140	0
13	140	0
14	140	137
15	140	0
16	140	0
17	140	0
18	140	0
19	140	0
20	140	0
21	140	0
22	140	0
23	140	0
0	141	8
1	141	0
2	141	8
3	141	0
4	141	0
5	141	8
6	141	8
7	141	15
8	141	41
9	141	54
10	141	48
11	141	65
12	141	15
13	141	8
14	141	15
15	141	15
16	141	15
17	141	15
18	141	29
19	141	48
20	141	29
21	141	76
22	141	15
23	141	8
0	142	0
1	142	0
2	142	0
3	142	6
4	142	21
5	142	16
6	142	16
7	142	31
8	142	31
9	142	16
10	142	45
11	142	21
12	142	36
13	142	36
14	142	16
15	142	21
16	142	49
17	142	49
18	142	49
19	142	53
20	142	21
21	142	21
22	142	21
23	142	0
0	143	0
1	143	0
2	143	0
3	143	27
4	143	0
5	143	51
6	143	0
7	143	0
8	143	0
9	143	0
10	143	0
11	143	0
12	143	0
13	143	0
14	143	91
15	143	51
16	143	0
17	143	0
18	143	27
19	143	0
20	143	0
21	143	27
22	143	0
23	143	0
0	144	0
1	144	0
2	144	0
3	144	0
4	144	0
5	144	37
6	144	37
7	144	0
8	144	0
9	144	0
10	144	0
11	144	0
12	144	19
13	144	19
14	144	53
15	144	19
16	144	37
17	144	0
18	144	19
19	144	19
20	144	53
21	144	19
22	144	0
23	144	0
0	145	3
1	145	3
2	145	0
3	145	0
4	145	14
5	145	12
6	145	36
7	145	44
8	145	28
9	145	5
10	145	28
11	145	14
12	145	10
13	145	32
14	145	38
15	145	23
16	145	21
17	145	10
18	145	32
19	145	25
20	145	30
21	145	12
22	145	3
23	145	0
0	146	0
1	146	0
2	146	0
3	146	0
4	146	21
5	146	0
6	146	33
7	146	27
8	146	0
9	146	14
10	146	27
11	146	14
12	146	7
13	146	7
14	146	7
15	146	45
16	146	14
17	146	7
18	146	27
19	146	39
20	146	56
21	146	7
22	146	7
23	146	0
0	147	0
1	147	0
2	147	5
3	147	0
4	147	40
5	147	13
6	147	44
7	147	9
8	147	5
9	147	21
10	147	9
11	147	5
12	147	13
13	147	17
14	147	17
15	147	51
16	147	25
17	147	17
18	147	37
19	147	51
20	147	21
21	147	33
22	147	21
23	147	17
0	148	0
1	148	0
2	148	0
3	148	0
4	148	0
5	148	0
6	148	48
7	148	0
8	148	0
9	148	0
10	148	25
11	148	25
12	148	48
13	148	86
14	148	0
15	148	0
16	148	0
17	148	25
18	148	48
19	148	25
20	148	0
21	148	0
22	148	0
23	148	25
0	149	0
1	149	25
2	149	0
3	149	0
4	149	25
5	149	25
6	149	25
7	149	25
8	149	0
9	149	0
10	149	48
11	149	0
12	149	25
13	149	25
14	149	25
15	149	25
16	149	25
17	149	25
18	149	0
19	149	68
20	149	0
21	149	0
22	149	0
23	149	25
0	150	0
1	150	0
2	150	3
3	150	9
4	150	0
5	150	9
6	150	9
7	150	24
8	150	14
9	150	20
10	150	16
11	150	36
12	150	36
13	150	18
14	150	22
15	150	28
16	150	20
17	150	22
18	150	18
19	150	38
20	150	56
21	150	24
22	150	3
23	150	0
0	151	0
1	151	0
2	151	0
3	151	0
4	151	0
5	151	0
6	151	0
7	151	137
8	151	0
9	151	82
10	151	0
11	151	82
12	151	0
13	151	82
14	151	0
15	151	0
16	151	0
17	151	0
18	151	0
19	151	0
20	151	0
21	151	0
22	151	0
23	151	0
0	152	0
1	152	0
2	152	0
3	152	0
4	152	0
5	152	26
6	152	26
7	152	26
8	152	14
9	152	59
10	152	0
11	152	14
12	152	0
13	152	49
14	152	0
15	152	14
16	152	0
17	152	38
18	152	0
19	152	38
20	152	26
21	152	14
22	152	0
23	152	0
0	153	0
1	153	0
2	153	0
3	153	0
4	153	0
5	153	19
6	153	0
7	153	52
8	153	0
9	153	19
10	153	36
11	153	36
12	153	36
13	153	19
14	153	0
15	153	19
16	153	36
17	153	36
18	153	0
19	153	19
20	153	36
21	153	0
22	153	0
23	153	19
0	154	13
1	154	0
2	154	13
3	154	0
4	154	13
5	154	26
6	154	37
7	154	13
8	154	0
9	154	37
10	154	0
11	154	37
12	154	78
13	154	13
14	154	13
15	154	37
16	154	48
17	154	37
18	154	13
19	154	13
20	154	26
21	154	0
22	154	26
23	154	0
0	155	0
1	155	0
2	155	0
3	155	0
4	155	82
5	155	82
6	155	0
7	155	82
8	155	0
9	155	0
10	155	0
11	155	0
12	155	82
13	155	137
14	155	0
15	155	0
16	155	0
17	155	0
18	155	0
19	155	0
20	155	0
21	155	0
22	155	0
23	155	0
0	156	0
1	156	0
2	156	15
3	156	0
4	156	28
5	156	15
6	156	15
7	156	0
8	156	64
9	156	28
10	156	0
11	156	15
12	156	15
13	156	75
14	156	53
15	156	15
16	156	64
17	156	28
18	156	15
19	156	15
20	156	28
21	156	0
22	156	0
23	156	0
0	157	6
1	157	7
2	157	3
3	157	14
4	157	22
5	157	25
6	157	24
7	157	21
8	157	18
9	157	19
10	157	24
11	157	29
12	157	28
13	157	30
14	157	36
15	157	27
16	157	37
17	157	43
18	157	39
19	157	34
20	157	25
21	157	13
22	157	5
23	157	8
0	158	7
1	158	0
2	158	0
3	158	7
4	158	20
5	158	14
6	158	33
7	158	27
8	158	7
9	158	0
10	158	20
11	158	7
12	158	27
13	158	7
14	158	27
15	158	0
16	158	14
17	158	20
18	158	14
19	158	14
20	158	27
21	158	20
22	158	7
23	158	0
0	159	0
1	159	0
2	159	0
3	159	0
4	159	0
5	159	0
6	159	0
7	159	0
8	159	0
9	159	0
10	159	0
11	159	0
12	159	0
13	159	0
14	159	0
15	159	0
16	159	0
17	159	0
18	159	0
19	159	0
20	159	0
21	159	0
22	159	0
23	159	0
0	160	0
1	160	0
2	160	0
3	160	0
4	160	7
5	160	38
6	160	43
7	160	20
8	160	14
9	160	14
10	160	20
11	160	14
12	160	14
13	160	49
14	160	32
15	160	7
16	160	32
17	160	26
18	160	14
19	160	74
20	160	32
21	160	49
22	160	0
23	160	0
0	161	0
1	161	0
2	161	0
3	161	0
4	161	44
5	161	34
6	161	12
7	161	0
8	161	23
9	161	0
10	161	0
11	161	23
12	161	23
13	161	23
14	161	0
15	161	12
16	161	12
17	161	0
18	161	23
19	161	23
20	161	54
21	161	23
22	161	0
23	161	0
0	162	10
1	162	0
2	162	62
3	162	0
4	162	10
5	162	29
6	162	20
7	162	10
8	162	38
9	162	10
10	162	29
11	162	10
12	162	10
13	162	0
14	162	10
15	162	10
16	162	29
17	162	0
18	162	38
19	162	29
20	162	38
21	162	20
22	162	20
23	162	0
0	163	0
1	163	0
2	163	24
3	163	9
4	163	17
5	163	9
6	163	24
7	163	49
8	163	20
9	163	20
10	163	24
11	163	5
12	163	68
13	163	71
14	163	71
15	163	24
16	163	46
17	163	35
18	163	46
19	163	20
20	163	9
21	163	24
22	163	13
23	163	5
0	164	0
1	164	0
2	164	0
3	164	0
4	164	0
5	164	71
6	164	0
7	164	0
8	164	0
9	164	14
10	164	0
11	164	71
12	164	14
13	164	26
14	164	50
15	164	26
16	164	71
17	164	60
18	164	38
19	164	80
20	164	14
21	164	0
22	164	14
23	164	0
0	165	3
1	165	6
2	165	0
3	165	0
4	165	0
5	165	3
6	165	8
7	165	0
8	165	8
9	165	8
10	165	22
11	165	11
12	165	3
13	165	8
14	165	8
15	165	29
16	165	13
17	165	6
18	165	13
19	165	3
20	165	20
21	165	3
22	165	6
23	165	8
0	166	2
1	166	3
2	166	4
3	166	9
4	166	16
5	166	23
6	166	24
7	166	22
8	166	24
9	166	26
10	166	29
11	166	27
12	166	30
13	166	27
14	166	30
15	166	33
16	166	31
17	166	33
18	166	35
19	166	31
20	166	24
21	166	13
22	166	7
23	166	6
0	167	11
1	167	0
2	167	0
3	167	0
4	167	0
5	167	0
6	167	39
7	167	0
8	167	39
9	167	21
10	167	11
11	167	0
12	167	11
13	167	0
14	167	11
15	167	21
16	167	0
17	167	93
18	167	64
19	167	21
20	167	112
21	167	112
22	167	0
23	167	0
0	168	0
1	168	0
2	168	6
3	168	0
4	168	45
5	168	12
6	168	45
7	168	12
8	168	18
9	168	12
10	168	12
11	168	40
12	168	18
13	168	6
14	168	24
15	168	45
16	168	24
17	168	29
18	168	34
19	168	24
20	168	12
21	168	0
22	168	0
23	168	0
0	169	0
1	169	0
2	169	0
3	169	15
4	169	15
5	169	0
6	169	29
7	169	0
8	169	29
9	169	29
10	169	15
11	169	29
12	169	42
13	169	0
14	169	15
15	169	29
16	169	15
17	169	15
18	169	29
19	169	15
20	169	0
21	169	29
22	169	0
23	169	0
0	170	0
1	170	0
2	170	0
3	170	0
4	170	12
5	170	12
6	170	0
7	170	44
8	170	44
9	170	23
10	170	34
11	170	0
12	170	88
13	170	23
14	170	0
15	170	12
16	170	0
17	170	23
18	170	23
19	170	44
20	170	12
21	170	34
22	170	12
23	170	0
0	171	0
1	171	0
2	171	0
3	171	11
4	171	49
5	171	31
6	171	21
7	171	49
8	171	40
9	171	11
10	171	74
11	171	11
12	171	40
13	171	21
14	171	49
15	171	21
16	171	11
17	171	31
18	171	0
19	171	81
20	171	21
21	171	11
22	171	0
23	171	0
0	172	0
1	172	0
2	172	0
3	172	0
4	172	0
5	172	0
6	172	0
7	172	0
8	172	0
9	172	0
10	172	32
11	172	140
12	172	0
13	172	0
14	172	0
15	172	32
16	172	32
17	172	0
18	172	0
19	172	32
20	172	0
21	172	32
22	172	0
23	172	0
0	173	5
1	173	4
2	173	3
3	173	3
4	173	7
5	173	15
6	173	14
7	173	27
8	173	26
9	173	24
10	173	26
11	173	25
12	173	24
13	173	24
14	173	14
15	173	13
16	173	18
17	173	16
18	173	8
19	173	16
20	173	14
21	173	6
22	173	10
23	173	8
0	174	0
1	174	0
2	174	6
3	174	17
4	174	28
5	174	38
6	174	23
7	174	17
8	174	12
9	174	6
10	174	28
11	174	48
12	174	12
13	174	12
14	174	12
15	174	17
16	174	28
17	174	38
18	174	12
19	174	52
20	174	43
21	174	17
22	174	12
23	174	0
0	175	0
1	175	0
2	175	0
3	175	26
4	175	0
5	175	0
6	175	50
7	175	0
8	175	0
9	175	50
10	175	0
11	175	0
12	175	26
13	175	26
14	175	0
15	175	0
16	175	0
17	175	50
18	175	0
19	175	89
20	175	0
21	175	26
22	175	0
23	175	0
0	176	0
1	176	0
2	176	0
3	176	14
4	176	20
5	176	14
6	176	10
7	176	26
8	176	26
9	176	10
10	176	14
11	176	29
12	176	10
13	176	52
14	176	49
15	176	10
16	176	26
17	176	7
18	176	10
19	176	17
20	176	10
21	176	23
22	176	0
23	176	0
0	177	26
1	177	11
2	177	0
3	177	6
4	177	11
5	177	16
6	177	119
7	177	44
8	177	16
9	177	16
10	177	16
11	177	16
12	177	21
13	177	6
14	177	16
15	177	6
16	177	11
17	177	57
18	177	44
19	177	26
20	177	26
21	177	6
22	177	6
23	177	0
0	178	4
1	178	7
2	178	4
3	178	18
4	178	22
5	178	38
6	178	23
7	178	28
8	178	23
9	178	19
10	178	32
11	178	23
12	178	29
13	178	32
14	178	28
15	178	30
16	178	22
17	178	36
18	178	31
19	178	29
20	178	39
21	178	21
22	178	2
23	178	2
0	179	7
1	179	7
2	179	0
3	179	14
4	179	32
5	179	26
6	179	26
7	179	14
8	179	7
9	179	0
10	179	14
11	179	0
12	179	20
13	179	7
14	179	70
15	179	26
16	179	14
17	179	7
18	179	0
19	179	26
20	179	26
21	179	7
22	179	0
23	179	0
0	180	0
1	180	0
2	180	0
3	180	15
4	180	0
5	180	15
6	180	15
7	180	0
8	180	29
9	180	15
10	180	15
11	180	0
12	180	29
13	180	15
14	180	15
15	180	15
16	180	42
17	180	15
18	180	15
19	180	42
20	180	0
21	180	0
22	180	0
23	180	0
0	181	0
1	181	0
2	181	0
3	181	0
4	181	0
5	181	0
6	181	0
7	181	0
8	181	49
9	181	49
10	181	0
11	181	49
12	181	0
13	181	0
14	181	0
15	181	49
16	181	0
17	181	183
18	181	49
19	181	0
20	181	49
21	181	0
22	181	0
23	181	0
0	182	0
1	182	0
2	182	0
3	182	7
4	182	13
5	182	7
6	182	25
7	182	25
8	182	19
9	182	19
10	182	37
11	182	19
12	182	25
13	182	25
14	182	13
15	182	37
16	182	48
17	182	25
18	182	25
19	182	37
20	182	7
21	182	19
22	182	7
23	182	13
0	183	5
1	183	4
2	183	5
3	183	15
4	183	27
5	183	35
6	183	34
7	183	23
8	183	27
9	183	26
10	183	30
11	183	27
12	183	24
13	183	27
14	183	23
15	183	24
16	183	26
17	183	31
18	183	35
19	183	27
20	183	37
21	183	17
22	183	12
23	183	3
0	184	0
1	184	0
2	184	0
3	184	0
4	184	0
5	184	0
6	184	0
7	184	0
8	184	0
9	184	0
10	184	0
11	184	0
12	184	51
13	184	0
14	184	0
15	184	91
16	184	0
17	184	0
18	184	0
19	184	0
20	184	51
21	184	0
22	184	0
23	184	0
0	185	0
1	185	0
2	185	0
3	185	0
4	185	0
5	185	91
6	185	51
7	185	51
8	185	51
9	185	51
10	185	91
11	185	51
12	185	0
13	185	51
14	185	0
15	185	51
16	185	0
17	185	0
18	185	91
19	185	0
20	185	0
21	185	0
22	185	91
23	185	0
0	186	5
1	186	0
2	186	0
3	186	5
4	186	16
5	186	20
6	186	16
7	186	35
8	186	11
9	186	24
10	186	16
11	186	31
12	186	40
13	186	22
14	186	20
15	186	22
16	186	35
17	186	26
18	186	22
19	186	20
20	186	22
21	186	18
22	186	22
23	186	5
0	187	9
1	187	4
2	187	4
3	187	5
4	187	11
5	187	20
6	187	26
7	187	21
8	187	24
9	187	21
10	187	34
11	187	27
12	187	9
13	187	22
14	187	22
15	187	31
16	187	27
17	187	26
18	187	38
19	187	30
20	187	29
21	187	10
22	187	11
23	187	4
0	188	4
1	188	4
2	188	7
3	188	7
4	188	13
5	188	29
6	188	35
7	188	25
8	188	17
9	188	25
10	188	15
11	188	17
12	188	20
13	188	17
14	188	26
15	188	16
16	188	55
17	188	33
18	188	32
19	188	45
20	188	26
21	188	21
22	188	6
23	188	5
0	189	0
1	189	0
2	189	0
3	189	0
4	189	24
5	189	18
6	189	7
7	189	0
8	189	7
9	189	24
10	189	13
11	189	24
12	189	18
13	189	45
14	189	60
15	189	24
16	189	13
17	189	55
18	189	24
19	189	7
20	189	24
21	189	7
22	189	13
23	189	7
0	190	0
1	190	0
2	190	0
3	190	0
4	190	116
5	190	0
6	190	47
7	190	25
8	190	0
9	190	0
10	190	25
11	190	0
12	190	0
13	190	25
14	190	47
15	190	0
16	190	25
17	190	25
18	190	67
19	190	0
20	190	101
21	190	0
22	190	0
23	190	0
0	191	7
1	191	6
2	191	4
3	191	6
4	191	11
5	191	23
6	191	21
7	191	20
8	191	23
9	191	25
10	191	28
11	191	20
12	191	22
13	191	29
14	191	27
15	191	27
16	191	24
17	191	26
18	191	31
19	191	37
20	191	23
21	191	16
22	191	10
23	191	6
0	192	26
1	192	0
2	192	0
3	192	0
4	192	79
5	192	49
6	192	26
7	192	14
8	192	0
9	192	0
10	192	14
11	192	26
12	192	26
13	192	59
14	192	14
15	192	0
16	192	14
17	192	26
18	192	14
19	192	0
20	192	38
21	192	0
22	192	14
23	192	38
0	193	0
1	193	0
2	193	2
3	193	4
4	193	17
5	193	21
6	193	19
7	193	36
8	193	21
9	193	15
10	193	36
11	193	31
12	193	33
13	193	28
14	193	15
15	193	21
16	193	23
17	193	50
18	193	38
19	193	38
20	193	23
21	193	8
22	193	19
23	193	8
0	194	0
1	194	0
2	194	0
3	194	0
4	194	0
5	194	0
6	194	0
7	194	112
8	194	0
9	194	0
10	194	0
11	194	0
12	194	0
13	194	0
14	194	0
15	194	0
16	194	0
17	194	0
18	194	0
19	194	0
20	194	0
21	194	0
22	194	0
23	194	0
0	195	0
1	195	0
2	195	0
3	195	0
4	195	0
5	195	30
6	195	0
7	195	0
8	195	78
9	195	55
10	195	30
11	195	30
12	195	30
13	195	55
14	195	0
15	195	0
16	195	0
17	195	0
18	195	0
19	195	0
20	195	30
21	195	0
22	195	0
23	195	0
0	196	0
1	196	0
2	196	0
3	196	0
4	196	0
5	196	0
6	196	201
7	196	0
8	196	0
9	196	0
10	196	0
11	196	201
12	196	201
13	196	0
14	196	0
15	196	0
16	196	0
17	196	0
18	196	0
19	196	0
20	196	0
21	196	0
22	196	0
23	196	0
0	197	2
1	197	0
2	197	0
3	197	7
4	197	25
5	197	29
6	197	20
7	197	14
8	197	26
9	197	21
10	197	25
11	197	18
12	197	31
13	197	25
14	197	12
15	197	33
16	197	26
17	197	26
18	197	23
19	197	31
20	197	33
21	197	38
22	197	21
23	197	2
0	198	0
1	198	0
2	198	0
3	198	0
4	198	77
5	198	0
6	198	0
7	198	77
8	198	0
9	198	0
10	198	0
11	198	0
12	198	0
13	198	0
14	198	0
15	198	0
16	198	0
17	198	0
18	198	0
19	198	0
20	198	0
21	198	0
22	198	0
23	198	0
0	199	0
1	199	0
2	199	95
3	199	0
4	199	0
5	199	53
6	199	0
7	199	0
8	199	0
9	199	0
10	199	0
11	199	0
12	199	0
13	199	0
14	199	0
15	199	95
16	199	0
17	199	0
18	199	0
19	199	95
20	199	0
21	199	0
22	199	0
23	199	0
0	200	2
1	200	0
2	200	3
3	200	6
4	200	16
5	200	30
6	200	36
7	200	16
8	200	28
9	200	24
10	200	24
11	200	25
12	200	25
13	200	23
14	200	24
15	200	26
16	200	33
17	200	35
18	200	23
19	200	28
20	200	28
21	200	10
22	200	5
23	200	3
0	201	0
1	201	0
2	201	0
3	201	6
4	201	34
5	201	9
6	201	37
7	201	19
8	201	19
9	201	34
10	201	17
11	201	17
12	201	51
13	201	39
14	201	19
15	201	19
16	201	22
17	201	17
18	201	14
19	201	32
20	201	55
21	201	34
22	201	6
23	201	0
0	202	0
1	202	0
2	202	0
3	202	12
4	202	12
5	202	23
6	202	63
7	202	23
8	202	49
9	202	0
10	202	23
11	202	6
12	202	29
13	202	29
14	202	23
15	202	12
16	202	59
17	202	23
18	202	34
19	202	12
20	202	34
21	202	6
22	202	6
23	202	6
0	203	0
1	203	0
2	203	0
3	203	0
4	203	0
5	203	0
6	203	91
7	203	123
8	203	51
9	203	51
10	203	51
11	203	51
12	203	51
13	203	0
14	203	51
15	203	0
16	203	0
17	203	0
18	203	0
19	203	0
20	203	0
21	203	0
22	203	0
23	203	0
0	204	0
1	204	0
2	204	0
3	204	0
4	204	0
5	204	0
6	204	0
7	204	0
8	204	0
9	204	0
10	204	0
11	204	0
12	204	0
13	204	0
14	204	0
15	204	0
16	204	0
17	204	0
18	204	0
19	204	0
20	204	175
21	204	0
22	204	0
23	204	0
0	205	0
1	205	0
2	205	0
3	205	0
4	205	0
5	205	0
6	205	0
7	205	0
8	205	0
9	205	0
10	205	0
11	205	0
12	205	0
13	205	0
14	205	0
15	205	0
16	205	0
17	205	0
18	205	0
19	205	0
20	205	0
21	205	0
22	205	0
23	205	0
0	206	2
1	206	4
2	206	6
3	206	10
4	206	12
5	206	18
6	206	24
7	206	31
8	206	23
9	206	31
10	206	20
11	206	24
12	206	26
13	206	29
14	206	29
15	206	25
16	206	28
17	206	31
18	206	28
19	206	32
20	206	24
21	206	12
22	206	7
23	206	6
0	207	0
1	207	0
2	207	0
3	207	6
4	207	17
5	207	11
6	207	46
7	207	54
8	207	32
9	207	22
10	207	36
11	207	32
12	207	27
13	207	36
14	207	36
15	207	17
16	207	22
17	207	54
18	207	46
19	207	27
20	207	41
21	207	17
22	207	11
23	207	0
0	208	0
1	208	3
2	208	0
3	208	12
4	208	19
5	208	23
6	208	32
7	208	17
8	208	30
9	208	14
10	208	19
11	208	17
12	208	10
13	208	23
14	208	10
15	208	25
16	208	44
17	208	17
18	208	28
19	208	48
20	208	50
21	208	30
22	208	14
23	208	17
0	209	11
1	209	0
2	209	0
3	209	0
4	209	81
5	209	21
6	209	31
7	209	40
8	209	0
9	209	11
10	209	11
11	209	11
12	209	11
13	209	31
14	209	21
15	209	40
16	209	21
17	209	11
18	209	66
19	209	11
20	209	21
21	209	0
22	209	0
23	209	0
0	210	4
1	210	2
2	210	3
3	210	6
4	210	17
5	210	24
6	210	26
7	210	22
8	210	23
9	210	23
10	210	19
11	210	21
12	210	25
13	210	20
14	210	21
15	210	25
16	210	22
17	210	35
18	210	30
19	210	32
20	210	24
21	210	15
22	210	10
23	210	6
0	211	0
1	211	0
2	211	0
3	211	0
4	211	0
5	211	0
6	211	0
7	211	0
8	211	0
9	211	0
10	211	0
11	211	0
12	211	0
13	211	0
14	211	0
15	211	0
16	211	0
17	211	0
18	211	0
19	211	0
20	211	0
21	211	0
22	211	0
23	211	0
0	212	0
1	212	0
2	212	0
3	212	0
4	212	0
5	212	0
6	212	34
7	212	34
8	212	0
9	212	0
10	212	0
11	212	110
12	212	34
13	212	0
14	212	0
15	212	0
16	212	0
17	212	34
18	212	34
19	212	0
20	212	0
21	212	0
22	212	0
23	212	0
0	213	2
1	213	6
2	213	3
3	213	9
4	213	17
5	213	21
6	213	20
7	213	21
8	213	26
9	213	22
10	213	22
11	213	24
12	213	33
13	213	25
14	213	25
15	213	29
16	213	34
17	213	35
18	213	42
19	213	37
20	213	32
21	213	25
22	213	14
23	213	4
0	214	0
1	214	0
2	214	0
3	214	0
4	214	0
5	214	0
6	214	0
7	214	0
8	214	0
9	214	0
10	214	0
11	214	253
12	214	0
13	214	0
14	214	0
15	214	0
16	214	0
17	214	0
18	214	0
19	214	0
20	214	0
21	214	0
22	214	0
23	214	0
0	215	2
1	215	11
2	215	0
3	215	10
4	215	18
5	215	14
6	215	18
7	215	23
8	215	44
9	215	24
10	215	31
11	215	15
12	215	23
13	215	20
14	215	20
15	215	30
16	215	18
17	215	32
18	215	27
19	215	24
20	215	21
21	215	15
22	215	10
23	215	6
0	216	0
1	216	0
2	216	0
3	216	0
4	216	0
5	216	34
6	216	34
7	216	49
8	216	18
9	216	49
10	216	89
11	216	18
12	216	49
13	216	34
14	216	18
15	216	63
16	216	100
17	216	49
18	216	63
19	216	0
20	216	0
21	216	0
22	216	18
23	216	0
0	217	0
1	217	0
2	217	0
3	217	0
4	217	38
5	217	14
6	217	26
7	217	80
8	217	14
9	217	26
10	217	14
11	217	60
12	217	14
13	217	26
14	217	14
15	217	0
16	217	26
17	217	38
18	217	14
19	217	26
20	217	26
21	217	0
22	217	0
23	217	0
0	218	0
1	218	8
2	218	0
3	218	5
4	218	23
5	218	16
6	218	25
7	218	34
8	218	22
9	218	16
10	218	25
11	218	22
12	218	36
13	218	20
14	218	34
15	218	27
16	218	19
17	218	27
18	218	27
19	218	35
20	218	39
21	218	21
22	218	10
23	218	2
0	219	0
1	219	0
2	219	0
3	219	26
4	219	0
5	219	14
6	219	14
7	219	14
8	219	26
9	219	38
10	219	38
11	219	26
12	219	50
13	219	50
14	219	26
15	219	38
16	219	0
17	219	71
18	219	38
19	219	26
20	219	26
21	219	26
22	219	0
23	219	0
0	220	4
1	220	4
2	220	4
3	220	9
4	220	15
5	220	28
6	220	26
7	220	16
8	220	25
9	220	23
10	220	31
11	220	29
12	220	27
13	220	34
14	220	29
15	220	29
16	220	30
17	220	31
18	220	32
19	220	38
20	220	38
21	220	29
22	220	11
23	220	10
0	221	23
1	221	0
2	221	0
3	221	0
4	221	0
5	221	0
6	221	93
7	221	61
8	221	0
9	221	0
10	221	0
11	221	0
12	221	23
13	221	0
14	221	23
15	221	0
16	221	0
17	221	61
18	221	23
19	221	0
20	221	23
21	221	0
22	221	61
23	221	0
0	222	0
1	222	0
2	222	0
3	222	0
4	222	0
5	222	0
6	222	32
7	222	9
8	222	0
9	222	9
10	222	24
11	222	17
12	222	24
13	222	32
14	222	39
15	222	9
16	222	9
17	222	32
18	222	9
19	222	17
20	222	65
21	222	0
22	222	0
23	222	0
0	223	0
1	223	0
2	223	0
3	223	0
4	223	0
5	223	0
6	223	0
7	223	0
8	223	26
9	223	0
10	223	0
11	223	26
12	223	26
13	223	0
14	223	0
15	223	26
16	223	26
17	223	26
18	223	88
19	223	26
20	223	69
21	223	0
22	223	26
23	223	0
0	224	0
1	224	0
2	224	0
3	224	0
4	224	0
5	224	0
6	224	0
7	224	0
8	224	0
9	224	0
10	224	0
11	224	0
12	224	0
13	224	201
14	224	0
15	224	0
16	224	0
17	224	0
18	224	201
19	224	0
20	224	0
21	224	0
22	224	0
23	224	0
0	225	0
1	225	0
2	225	0
3	225	0
4	225	0
5	225	0
6	225	137
7	225	0
8	225	0
9	225	0
10	225	0
11	225	0
12	225	0
13	225	0
14	225	0
15	225	0
16	225	0
17	225	0
18	225	0
19	225	0
20	225	0
21	225	0
22	225	0
23	225	0
0	226	5
1	226	5
2	226	0
3	226	40
4	226	9
5	226	9
6	226	33
7	226	29
8	226	9
9	226	9
10	226	29
11	226	36
12	226	17
13	226	29
14	226	36
15	226	17
16	226	9
17	226	17
18	226	47
19	226	13
20	226	5
21	226	5
22	226	5
23	226	0
0	227	0
1	227	0
2	227	0
3	227	0
4	227	132
5	227	98
6	227	0
7	227	0
8	227	0
9	227	0
10	227	0
11	227	0
12	227	0
13	227	98
14	227	0
15	227	0
16	227	0
17	227	0
18	227	0
19	227	0
20	227	0
21	227	0
22	227	0
23	227	0
0	228	0
1	228	0
2	228	0
3	228	69
4	228	16
5	228	102
6	228	31
7	228	31
8	228	69
9	228	0
10	228	16
11	228	16
12	228	0
13	228	44
14	228	31
15	228	0
16	228	111
17	228	57
18	228	57
19	228	16
20	228	44
21	228	0
22	228	16
23	228	0
0	229	0
1	229	0
2	229	0
3	229	42
4	229	22
5	229	0
6	229	22
7	229	0
8	229	22
9	229	0
10	229	0
11	229	22
12	229	0
13	229	42
14	229	22
15	229	22
16	229	42
17	229	42
18	229	77
19	229	0
20	229	92
21	229	22
22	229	22
23	229	22
0	230	0
1	230	0
2	230	0
3	230	0
4	230	0
5	230	0
6	230	0
7	230	78
8	230	43
9	230	61
10	230	43
11	230	23
12	230	0
13	230	93
14	230	23
15	230	23
16	230	61
17	230	0
18	230	23
19	230	43
20	230	0
21	230	23
22	230	0
23	230	0
0	231	0
1	231	0
2	231	0
3	231	0
4	231	0
5	231	0
6	231	0
7	231	0
8	231	0
9	231	42
10	231	0
11	231	42
12	231	77
13	231	0
14	231	0
15	231	0
16	231	42
17	231	42
18	231	77
19	231	0
20	231	0
21	231	42
22	231	0
23	231	0
0	232	3
1	232	3
2	232	4
3	232	8
4	232	16
5	232	21
6	232	24
7	232	25
8	232	26
9	232	27
10	232	28
11	232	28
12	232	26
13	232	26
14	232	26
15	232	27
16	232	29
17	232	31
18	232	31
19	232	29
20	232	22
21	232	13
22	232	6
23	232	5
0	233	4
1	233	2
2	233	4
3	233	2
4	233	19
5	233	17
6	233	24
7	233	29
8	233	15
9	233	20
10	233	19
11	233	26
12	233	31
13	233	19
14	233	26
15	233	42
16	233	20
17	233	24
18	233	39
19	233	26
20	233	20
21	233	24
22	233	10
23	233	0
0	234	0
1	234	0
2	234	0
3	234	0
4	234	0
5	234	0
6	234	0
7	234	0
8	234	0
9	234	0
10	234	0
11	234	0
12	234	0
13	234	0
14	234	0
15	234	0
16	234	0
17	234	0
18	234	0
19	234	0
20	234	0
21	234	0
22	234	0
23	234	0
0	235	0
1	235	11
2	235	11
3	235	11
4	235	20
5	235	0
6	235	0
7	235	11
8	235	38
9	235	0
10	235	29
11	235	29
12	235	20
13	235	0
14	235	20
15	235	29
16	235	29
17	235	11
18	235	29
19	235	20
20	235	20
21	235	0
22	235	0
23	235	0
0	236	112
1	236	0
2	236	0
3	236	0
4	236	0
5	236	0
6	236	0
7	236	0
8	236	0
9	236	0
10	236	0
11	236	0
12	236	0
13	236	0
14	236	0
15	236	0
16	236	0
17	236	0
18	236	112
19	236	0
20	236	0
21	236	0
22	236	210
23	236	0
0	237	0
1	237	0
2	237	0
3	237	201
4	237	0
5	237	0
6	237	0
7	237	0
8	237	0
9	237	0
10	237	0
11	237	137
12	237	0
13	237	0
14	237	137
15	237	0
16	237	0
17	237	0
18	237	0
19	237	0
20	237	0
21	237	0
22	237	0
23	237	0
0	238	0
1	238	0
2	238	0
3	238	0
4	238	0
5	238	0
6	238	0
7	238	0
8	238	0
9	238	0
10	238	0
11	238	154
12	238	0
13	238	0
14	238	95
15	238	0
16	238	0
17	238	0
18	238	95
19	238	0
20	238	95
21	238	95
22	238	0
23	238	0
0	239	7
1	239	5
2	239	4
3	239	10
4	239	17
5	239	20
6	239	23
7	239	26
8	239	28
9	239	34
10	239	29
11	239	23
12	239	28
13	239	28
14	239	29
15	239	22
16	239	29
17	239	32
18	239	31
19	239	33
20	239	25
21	239	17
22	239	8
23	239	5
0	240	2
1	240	1
2	240	8
3	240	19
4	240	15
5	240	22
6	240	25
7	240	23
8	240	21
9	240	20
10	240	19
11	240	22
12	240	13
13	240	26
14	240	30
15	240	36
16	240	80
17	240	37
18	240	24
19	240	29
20	240	19
21	240	17
22	240	8
23	240	2
0	241	0
1	241	0
2	241	0
3	241	0
4	241	19
5	241	51
6	241	51
7	241	27
8	241	27
9	241	66
10	241	27
11	241	10
12	241	27
13	241	0
14	241	36
15	241	0
16	241	27
17	241	27
18	241	10
19	241	51
20	241	36
21	241	10
22	241	0
23	241	0
0	242	0
1	242	0
2	242	0
3	242	0
4	242	22
5	242	9
6	242	9
7	242	30
8	242	9
9	242	34
10	242	18
11	242	5
12	242	30
13	242	9
14	242	26
15	242	22
16	242	18
17	242	9
18	242	38
19	242	18
20	242	5
21	242	14
22	242	0
23	242	0
0	243	0
1	243	0
2	243	0
3	243	0
4	243	0
5	243	0
6	243	0
7	243	0
8	243	0
9	243	0
10	243	244
11	243	0
12	243	0
13	243	0
14	243	0
15	243	0
16	243	0
17	243	0
18	243	0
19	243	0
20	243	0
21	243	0
22	243	0
23	243	0
0	244	0
1	244	2
2	244	3
3	244	32
4	244	26
5	244	23
6	244	28
7	244	30
8	244	17
9	244	17
10	244	27
11	244	16
12	244	26
13	244	36
14	244	30
15	244	32
16	244	39
17	244	35
18	244	45
19	244	28
20	244	30
21	244	18
22	244	10
23	244	6
0	245	0
1	245	0
2	245	0
3	245	0
4	245	0
5	245	36
6	245	0
7	245	36
8	245	0
9	245	36
10	245	36
11	245	66
12	245	36
13	245	0
14	245	0
15	245	0
16	245	36
17	245	36
18	245	0
19	245	66
20	245	115
21	245	0
22	245	0
23	245	0
0	246	2
1	246	2
2	246	4
3	246	3
4	246	28
5	246	18
6	246	27
7	246	13
8	246	17
9	246	17
10	246	22
11	246	30
12	246	40
13	246	21
14	246	24
15	246	32
16	246	46
17	246	21
18	246	26
19	246	25
20	246	11
21	246	9
22	246	7
23	246	3
0	247	2
1	247	2
2	247	0
3	247	13
4	247	16
5	247	14
6	247	20
7	247	30
8	247	19
9	247	18
10	247	20
11	247	38
12	247	16
13	247	13
14	247	19
15	247	22
16	247	20
17	247	39
18	247	34
19	247	29
20	247	16
21	247	12
22	247	7
23	247	3
0	248	0
1	248	0
2	248	12
3	248	0
4	248	0
5	248	22
6	248	68
7	248	22
8	248	22
9	248	77
10	248	22
11	248	22
12	248	0
13	248	22
14	248	42
15	248	32
16	248	32
17	248	0
18	248	12
19	248	68
20	248	32
21	248	12
22	248	0
23	248	0
0	249	0
1	249	0
2	249	0
3	249	0
4	249	0
5	249	37
6	249	37
7	249	118
8	249	0
9	249	37
10	249	0
11	249	0
12	249	68
13	249	0
14	249	0
15	249	0
16	249	37
17	249	68
18	249	37
19	249	0
20	249	0
21	249	0
22	249	37
23	249	37
0	250	0
1	250	0
2	250	0
3	250	29
4	250	29
5	250	0
6	250	15
7	250	15
8	250	0
9	250	0
10	250	0
11	250	0
12	250	15
13	250	0
14	250	29
15	250	0
16	250	15
17	250	15
18	250	15
19	250	55
20	250	15
21	250	15
22	250	0
23	250	29
0	251	95
1	251	0
2	251	0
3	251	0
4	251	95
5	251	0
6	251	0
7	251	0
8	251	0
9	251	95
10	251	95
11	251	154
12	251	0
13	251	0
14	251	0
15	251	0
16	251	95
17	251	0
18	251	0
19	251	95
20	251	0
21	251	0
22	251	0
23	251	0
0	252	4
1	252	4
2	252	10
3	252	4
4	252	16
5	252	13
6	252	30
7	252	13
8	252	25
9	252	22
10	252	54
11	252	25
12	252	22
13	252	25
14	252	19
15	252	27
16	252	25
17	252	41
18	252	36
19	252	39
20	252	39
21	252	30
22	252	7
23	252	7
0	253	0
1	253	0
2	253	0
3	253	6
4	253	0
5	253	6
6	253	16
7	253	31
8	253	49
9	253	26
10	253	11
11	253	40
12	253	45
13	253	21
14	253	21
15	253	21
16	253	31
17	253	11
18	253	21
19	253	26
20	253	11
21	253	11
22	253	11
23	253	6
0	254	0
1	254	12
2	254	0
3	254	0
4	254	0
5	254	60
6	254	22
7	254	22
8	254	42
9	254	0
10	254	0
11	254	12
12	254	0
13	254	42
14	254	0
15	254	42
16	254	22
17	254	32
18	254	60
19	254	12
20	254	51
21	254	32
22	254	32
23	254	0
0	255	0
1	255	0
2	255	0
3	255	0
4	255	18
5	255	0
6	255	0
7	255	0
8	255	0
9	255	0
10	255	35
11	255	0
12	255	51
13	255	0
14	255	0
15	255	35
16	255	65
17	255	18
18	255	0
19	255	0
20	255	18
21	255	0
22	255	0
23	255	0
0	256	0
1	256	0
2	256	0
3	256	0
4	256	0
5	256	0
6	256	0
7	256	112
8	256	0
9	256	0
10	256	0
11	256	64
12	256	0
13	256	0
14	256	0
15	256	0
16	256	0
17	256	0
18	256	0
19	256	0
20	256	0
21	256	0
22	256	0
23	256	0
0	257	7
1	257	11
2	257	6
3	257	16
4	257	31
5	257	42
6	257	30
7	257	16
8	257	16
9	257	18
10	257	20
11	257	35
12	257	19
13	257	34
14	257	26
15	257	25
16	257	28
17	257	36
18	257	44
19	257	36
20	257	32
21	257	24
22	257	19
23	257	13
0	258	17
1	258	37
2	258	0
3	258	13
4	258	48
5	258	33
6	258	33
7	258	5
8	258	33
9	258	21
10	258	25
11	258	44
12	258	33
13	258	21
14	258	25
15	258	29
16	258	37
17	258	48
18	258	40
19	258	13
20	258	40
21	258	5
22	258	21
23	258	0
0	259	3
1	259	5
2	259	6
3	259	11
4	259	23
5	259	23
6	259	28
7	259	19
8	259	28
9	259	21
10	259	17
11	259	27
12	259	16
13	259	18
14	259	28
15	259	17
16	259	27
17	259	27
18	259	32
19	259	33
20	259	16
21	259	6
22	259	3
23	259	2
0	260	0
1	260	0
2	260	0
3	260	0
4	260	0
5	260	89
6	260	0
7	260	50
8	260	0
9	260	26
10	260	0
11	260	26
12	260	26
13	260	0
14	260	50
15	260	26
16	260	26
17	260	26
18	260	106
19	260	0
20	260	0
21	260	26
22	260	0
23	260	0
0	261	20
1	261	0
2	261	0
3	261	0
4	261	54
5	261	69
6	261	54
7	261	0
8	261	0
9	261	0
10	261	0
11	261	0
12	261	20
13	261	0
14	261	20
15	261	0
16	261	37
17	261	20
18	261	20
19	261	0
20	261	0
21	261	20
22	261	37
23	261	0
0	262	0
1	262	0
2	262	0
3	262	11
4	262	21
5	262	21
6	262	11
7	262	11
8	262	11
9	262	11
10	262	39
11	262	100
12	262	0
13	262	48
14	262	0
15	262	21
16	262	21
17	262	11
18	262	11
19	262	0
20	262	11
21	262	0
22	262	11
23	262	0
0	263	0
1	263	0
2	263	0
3	263	19
4	263	10
5	263	10
6	263	53
7	263	10
8	263	0
9	263	37
10	263	0
11	263	10
12	263	45
13	263	67
14	263	37
15	263	28
16	263	28
17	263	10
18	263	88
19	263	53
20	263	37
21	263	67
22	263	45
23	263	0
0	264	0
1	264	0
2	264	0
3	264	0
4	264	0
5	264	0
6	264	0
7	264	0
8	264	215
9	264	0
10	264	0
11	264	0
12	264	0
13	264	0
14	264	0
15	264	0
16	264	0
17	264	0
18	264	0
19	264	0
20	264	0
21	264	0
22	264	0
23	264	0
0	265	0
1	265	0
2	265	0
3	265	12
4	265	12
5	265	12
6	265	72
7	265	0
8	265	44
9	265	34
10	265	12
11	265	44
12	265	12
13	265	12
14	265	54
15	265	12
16	265	54
17	265	0
18	265	44
19	265	80
20	265	63
21	265	0
22	265	0
23	265	23
0	266	0
1	266	0
2	266	18
3	266	0
4	266	0
5	266	63
6	266	63
7	266	18
8	266	0
9	266	34
10	266	18
11	266	18
12	266	18
13	266	34
14	266	0
15	266	34
16	266	34
17	266	18
18	266	63
19	266	178
20	266	18
21	266	0
22	266	34
23	266	0
0	267	4
1	267	6
2	267	4
3	267	7
4	267	17
5	267	22
6	267	24
7	267	24
8	267	31
9	267	21
10	267	30
11	267	35
12	267	19
13	267	32
14	267	18
15	267	28
16	267	29
17	267	20
18	267	30
19	267	31
20	267	25
21	267	30
22	267	16
23	267	10
0	268	5
1	268	0
2	268	10
3	268	0
4	268	15
5	268	15
6	268	10
7	268	20
8	268	20
9	268	0
10	268	10
11	268	46
12	268	5
13	268	10
14	268	38
15	268	42
16	268	33
17	268	46
18	268	62
19	268	0
20	268	46
21	268	33
22	268	15
23	268	10
0	269	0
1	269	0
2	269	0
3	269	17
4	269	21
5	269	33
6	269	22
7	269	17
8	269	17
9	269	19
10	269	22
11	269	29
12	269	21
13	269	22
14	269	22
15	269	29
16	269	33
17	269	36
18	269	46
19	269	43
20	269	22
21	269	17
22	269	8
23	269	6
0	270	0
1	270	0
2	270	0
3	270	0
4	270	0
5	270	0
6	270	0
7	270	0
8	270	0
9	270	0
10	270	0
11	270	123
12	270	0
13	270	123
14	270	0
15	270	0
16	270	0
17	270	0
18	270	0
19	270	0
20	270	0
21	270	0
22	270	0
23	270	0
0	271	6
1	271	3
2	271	3
3	271	8
4	271	24
5	271	20
6	271	22
7	271	34
8	271	29
9	271	43
10	271	20
11	271	31
12	271	29
13	271	46
14	271	20
15	271	38
16	271	46
17	271	57
18	271	33
19	271	46
20	271	31
21	271	10
22	271	14
23	271	10
0	272	0
1	272	0
2	272	0
3	272	0
4	272	0
5	272	0
6	272	0
7	272	0
8	272	133
9	272	0
10	272	0
11	272	0
12	272	0
13	272	0
14	272	79
15	272	0
16	272	43
17	272	0
18	272	43
19	272	0
20	272	0
21	272	0
22	272	0
23	272	0
0	273	12
1	273	0
2	273	0
3	273	0
4	273	12
5	273	24
6	273	12
7	273	12
8	273	12
9	273	12
10	273	0
11	273	24
12	273	24
13	273	29
14	273	50
15	273	0
16	273	105
17	273	94
18	273	24
19	273	24
20	273	7
21	273	29
22	273	12
23	273	7
0	274	0
1	274	0
2	274	0
3	274	0
4	274	35
5	274	0
6	274	0
7	274	24
8	274	13
9	274	13
10	274	24
11	274	0
12	274	82
13	274	0
14	274	0
15	274	24
16	274	45
17	274	82
18	274	74
19	274	35
20	274	0
21	274	13
22	274	0
23	274	0
0	275	0
1	275	0
2	275	0
3	275	51
4	275	51
5	275	27
6	275	0
7	275	27
8	275	10
9	275	18
10	275	0
11	275	72
12	275	27
13	275	10
14	275	0
15	275	35
16	275	10
17	275	27
18	275	18
19	275	51
20	275	10
21	275	27
22	275	0
23	275	10
0	276	0
1	276	0
2	276	0
3	276	0
4	276	0
5	276	27
6	276	27
7	276	0
8	276	62
9	276	0
10	276	14
11	276	0
12	276	83
13	276	51
14	276	51
15	276	27
16	276	0
17	276	14
18	276	27
19	276	27
20	276	0
21	276	14
22	276	14
23	276	0
0	277	0
1	277	0
2	277	0
3	277	0
4	277	0
5	277	19
6	277	19
7	277	68
8	277	19
9	277	37
10	277	82
11	277	0
12	277	68
13	277	19
14	277	68
15	277	19
16	277	53
17	277	19
18	277	0
19	277	19
20	277	37
21	277	0
22	277	0
23	277	0
0	278	4
1	278	0
2	278	12
3	278	4
4	278	20
5	278	20
6	278	50
7	278	77
8	278	27
9	278	72
10	278	69
11	278	41
12	278	60
13	278	47
14	278	44
15	278	50
16	278	54
17	278	74
18	278	80
19	278	80
20	278	60
21	278	30
22	278	4
23	278	0
0	279	0
1	279	0
2	279	0
3	279	0
4	279	38
5	279	0
6	279	0
7	279	0
8	279	0
9	279	0
10	279	0
11	279	0
12	279	38
13	279	38
14	279	0
15	279	0
16	279	0
17	279	38
18	279	0
19	279	0
20	279	0
21	279	0
22	279	0
23	279	0
0	280	114
1	280	35
2	280	0
3	280	3
4	280	3
5	280	13
6	280	16
7	280	25
8	280	16
9	280	11
10	280	21
11	280	28
12	280	28
13	280	35
14	280	18
15	280	16
16	280	32
17	280	25
18	280	16
19	280	30
20	280	18
21	280	28
22	280	35
23	280	118
0	281	0
1	281	0
2	281	5
3	281	14
4	281	14
5	281	30
6	281	22
7	281	9
8	281	42
9	281	34
10	281	18
11	281	30
12	281	30
13	281	49
14	281	14
15	281	45
16	281	14
17	281	22
18	281	22
19	281	30
20	281	14
21	281	18
22	281	9
23	281	0
0	282	2
1	282	4
2	282	0
3	282	6
4	282	21
5	282	16
6	282	25
7	282	23
8	282	30
9	282	23
10	282	29
11	282	27
12	282	18
13	282	36
14	282	24
15	282	36
16	282	35
17	282	28
18	282	28
19	282	47
20	282	28
21	282	16
22	282	8
23	282	3
0	283	0
1	283	0
2	283	0
3	283	0
4	283	16
5	283	0
6	283	0
7	283	0
8	283	16
9	283	16
10	283	16
11	283	16
12	283	0
13	283	0
14	283	31
15	283	0
16	283	16
17	283	0
18	283	45
19	283	0
20	283	0
21	283	16
22	283	0
23	283	0
0	284	0
1	284	0
2	284	0
3	284	25
4	284	33
5	284	33
6	284	55
7	284	17
8	284	25
9	284	9
10	284	33
11	284	17
12	284	0
13	284	9
14	284	17
15	284	33
16	284	17
17	284	25
18	284	0
19	284	55
20	284	40
21	284	9
22	284	17
23	284	0
0	285	0
1	285	0
2	285	0
3	285	0
4	285	0
5	285	29
6	285	0
7	285	0
8	285	54
9	285	0
10	285	42
11	285	0
12	285	15
13	285	0
14	285	0
15	285	0
16	285	0
17	285	29
18	285	0
19	285	29
20	285	15
21	285	0
22	285	0
23	285	0
0	286	0
1	286	0
2	286	0
3	286	27
4	286	17
5	286	20
6	286	17
7	286	24
8	286	39
9	286	11
10	286	135
11	286	24
12	286	14
13	286	11
14	286	30
15	286	33
16	286	30
17	286	20
18	286	36
19	286	64
20	286	11
21	286	7
22	286	4
23	286	0
0	287	4
1	287	3
2	287	3
3	287	10
4	287	13
5	287	17
6	287	21
7	287	26
8	287	24
9	287	21
10	287	32
11	287	23
12	287	32
13	287	25
14	287	24
15	287	28
16	287	25
17	287	43
18	287	31
19	287	31
20	287	18
21	287	13
22	287	13
23	287	3
0	288	0
1	288	0
2	288	9
3	288	0
4	288	9
5	288	25
6	288	0
7	288	17
8	288	25
9	288	17
10	288	0
11	288	41
12	288	17
13	288	17
14	288	17
15	288	33
16	288	0
17	288	25
18	288	17
19	288	68
20	288	41
21	288	144
22	288	9
23	288	0
0	289	3
1	289	2
2	289	3
3	289	17
4	289	21
5	289	30
6	289	21
7	289	34
8	289	25
9	289	32
10	289	19
11	289	45
12	289	27
13	289	22
14	289	18
15	289	29
16	289	37
17	289	36
18	289	24
19	289	28
20	289	22
21	289	11
22	289	14
23	289	2
0	290	0
1	290	0
2	290	0
3	290	0
4	290	0
5	290	0
6	290	0
7	290	0
8	290	0
9	290	0
10	290	0
11	290	0
12	290	0
13	290	0
14	290	0
15	290	0
16	290	0
17	290	0
18	290	0
19	290	0
20	290	0
21	290	0
22	290	0
23	290	0
0	291	0
1	291	0
2	291	0
3	291	0
4	291	71
5	291	17
6	291	17
7	291	0
8	291	17
9	291	32
10	291	0
11	291	17
12	291	71
13	291	32
14	291	83
15	291	32
16	291	32
17	291	32
18	291	17
19	291	165
20	291	17
21	291	32
22	291	0
23	291	0
0	292	0
1	292	0
2	292	0
3	292	0
4	292	0
5	292	0
6	292	0
7	292	0
8	292	103
9	292	0
10	292	103
11	292	164
12	292	58
13	292	103
14	292	0
15	292	0
16	292	0
17	292	0
18	292	0
19	292	0
20	292	0
21	292	0
22	292	0
23	292	0
0	293	0
1	293	0
2	293	0
3	293	0
4	293	0
5	293	0
6	293	0
7	293	0
8	293	0
9	293	0
10	293	0
11	293	0
12	293	0
13	293	0
14	293	0
15	293	64
16	293	0
17	293	0
18	293	0
19	293	0
20	293	0
21	293	0
22	293	0
23	293	0
0	294	0
1	294	0
2	294	0
3	294	34
4	294	57
5	294	42
6	294	18
7	294	0
8	294	42
9	294	42
10	294	9
11	294	9
12	294	50
13	294	26
14	294	18
15	294	26
16	294	18
17	294	0
18	294	18
19	294	26
20	294	9
21	294	0
22	294	26
23	294	34
0	295	19
1	295	0
2	295	0
3	295	35
4	295	51
5	295	35
6	295	10
7	295	35
8	295	19
9	295	0
10	295	27
11	295	0
12	295	10
13	295	0
14	295	10
15	295	43
16	295	19
17	295	27
18	295	35
19	295	35
20	295	19
21	295	0
22	295	0
23	295	10
0	296	4
1	296	3
2	296	3
3	296	13
4	296	21
5	296	24
6	296	28
7	296	29
8	296	32
9	296	29
10	296	27
11	296	27
12	296	33
13	296	30
14	296	27
15	296	26
16	296	25
17	296	32
18	296	35
19	296	32
20	296	29
21	296	11
22	296	8
23	296	6
0	297	0
1	297	0
2	297	0
3	297	0
4	297	0
5	297	0
6	297	45
7	297	0
8	297	0
9	297	45
10	297	24
11	297	45
12	297	24
13	297	45
14	297	64
15	297	0
16	297	0
17	297	0
18	297	24
19	297	24
20	297	24
21	297	0
22	297	0
23	297	0
0	298	2
1	298	2
2	298	4
3	298	9
4	298	9
5	298	11
6	298	47
7	298	24
8	298	23
9	298	30
10	298	40
11	298	13
12	298	30
13	298	23
14	298	22
15	298	33
16	298	17
17	298	42
18	298	31
19	298	36
20	298	25
21	298	9
22	298	8
23	298	5
0	299	0
1	299	0
2	299	0
3	299	0
4	299	0
5	299	0
6	299	0
7	299	0
8	299	0
9	299	0
10	299	0
11	299	0
12	299	64
13	299	64
14	299	0
15	299	0
16	299	0
17	299	64
18	299	64
19	299	0
20	299	0
21	299	0
22	299	0
23	299	0
0	300	2
1	300	2
2	300	1
3	300	1
4	300	16
5	300	18
6	300	26
7	300	20
8	300	19
9	300	26
10	300	33
11	300	25
12	300	17
13	300	30
14	300	25
15	300	20
16	300	24
17	300	26
18	300	28
19	300	19
20	300	17
21	300	19
22	300	11
23	300	4
0	301	0
1	301	5
2	301	4
3	301	6
4	301	20
5	301	19
6	301	22
7	301	28
8	301	23
9	301	27
10	301	34
11	301	20
12	301	9
13	301	21
14	301	39
15	301	24
16	301	32
17	301	36
18	301	32
19	301	34
20	301	22
21	301	8
22	301	4
23	301	4
0	302	13
1	302	2
2	302	2
3	302	8
4	302	42
5	302	21
6	302	26
7	302	40
8	302	32
9	302	26
10	302	26
11	302	23
12	302	16
13	302	28
14	302	26
15	302	8
16	302	36
17	302	32
18	302	45
19	302	60
20	302	23
21	302	18
22	302	8
23	302	4
0	303	4
1	303	2
2	303	1
3	303	12
4	303	17
5	303	20
6	303	20
7	303	18
8	303	28
9	303	27
10	303	16
11	303	23
12	303	25
13	303	22
14	303	20
15	303	21
16	303	22
17	303	31
18	303	26
19	303	21
20	303	17
21	303	11
22	303	10
23	303	6
0	304	0
1	304	0
2	304	10
3	304	0
4	304	18
5	304	27
6	304	27
7	304	18
8	304	58
9	304	35
10	304	27
11	304	27
12	304	10
13	304	10
14	304	10
15	304	10
16	304	18
17	304	18
18	304	10
19	304	35
20	304	65
21	304	27
22	304	0
23	304	0
0	305	0
1	305	0
2	305	0
3	305	0
4	305	0
5	305	0
6	305	0
7	305	37
8	305	0
9	305	13
10	305	0
11	305	13
12	305	164
13	305	0
14	305	0
15	305	13
16	305	13
17	305	0
18	305	0
19	305	0
20	305	37
21	305	25
22	305	0
23	305	0
0	306	0
1	306	0
2	306	0
3	306	7
4	306	27
5	306	7
6	306	14
7	306	39
8	306	0
9	306	20
10	306	20
11	306	27
12	306	39
13	306	27
14	306	55
15	306	20
16	306	39
17	306	44
18	306	50
19	306	27
20	306	20
21	306	20
22	306	7
23	306	7
0	307	0
1	307	0
2	307	0
3	307	0
4	307	9
5	307	41
6	307	18
7	307	22
8	307	9
9	307	26
10	307	5
11	307	34
12	307	22
13	307	59
14	307	49
15	307	26
16	307	38
17	307	14
18	307	41
19	307	41
20	307	52
21	307	18
22	307	22
23	307	5
0	308	19
1	308	0
2	308	0
3	308	0
4	308	35
5	308	27
6	308	43
7	308	27
8	308	27
9	308	0
10	308	19
11	308	27
12	308	43
13	308	19
14	308	0
15	308	72
16	308	35
17	308	72
18	308	10
19	308	35
20	308	0
21	308	10
22	308	0
23	308	0
0	309	14
1	309	14
2	309	14
3	309	27
4	309	50
5	309	27
6	309	0
7	309	27
8	309	50
9	309	14
10	309	81
11	309	14
12	309	0
13	309	14
14	309	0
15	309	27
16	309	90
17	309	0
18	309	0
19	309	50
20	309	71
21	309	0
22	309	0
23	309	14
0	310	0
1	310	0
2	310	0
3	310	17
4	310	0
5	310	33
6	310	33
7	310	40
8	310	25
9	310	17
10	310	25
11	310	0
12	310	0
13	310	17
14	310	17
15	310	61
16	310	17
17	310	0
18	310	33
19	310	0
20	310	25
21	310	9
22	310	17
23	310	0
0	311	0
1	311	0
2	311	0
3	311	30
4	311	14
5	311	5
6	311	46
7	311	26
8	311	9
9	311	5
10	311	14
11	311	71
12	311	38
13	311	38
14	311	26
15	311	22
16	311	80
17	311	53
18	311	38
19	311	71
20	311	42
21	311	9
22	311	9
23	311	0
0	312	0
1	312	0
2	312	0
3	312	5
4	312	5
5	312	10
6	312	19
7	312	5
8	312	19
9	312	28
10	312	37
11	312	28
12	312	5
13	312	5
14	312	15
15	312	19
16	312	5
17	312	15
18	312	75
19	312	45
20	312	41
21	312	19
22	312	5
23	312	0
0	313	3
1	313	3
2	313	2
3	313	5
4	313	18
5	313	15
6	313	20
7	313	16
8	313	13
9	313	20
10	313	24
11	313	17
12	313	18
13	313	19
14	313	21
15	313	15
16	313	27
17	313	20
18	313	23
19	313	30
20	313	15
21	313	15
22	313	9
23	313	1
0	314	3
1	314	0
2	314	0
3	314	0
4	314	15
5	314	28
6	314	24
7	314	33
8	314	11
9	314	32
10	314	15
11	314	24
12	314	17
13	314	20
14	314	30
15	314	24
16	314	11
17	314	22
18	314	32
19	314	46
20	314	35
21	314	11
22	314	22
23	314	7
0	315	0
1	315	0
2	315	0
3	315	0
4	315	73
5	315	101
6	315	21
7	315	40
8	315	21
9	315	31
10	315	31
11	315	21
12	315	11
13	315	0
14	315	21
15	315	11
16	315	21
17	315	21
18	315	81
19	315	21
20	315	0
21	315	11
22	315	0
23	315	0
0	316	0
1	316	0
2	316	22
3	316	0
4	316	31
5	316	11
6	316	31
7	316	41
8	316	22
9	316	11
10	316	0
11	316	50
12	316	31
13	316	0
14	316	31
15	316	31
16	316	82
17	316	11
18	316	67
19	316	41
20	316	22
21	316	0
22	316	11
23	316	0
0	317	0
1	317	0
2	317	0
3	317	0
4	317	0
5	317	0
6	317	0
7	317	0
8	317	0
9	317	0
10	317	137
11	317	0
12	317	0
13	317	0
14	317	0
15	317	0
16	317	0
17	317	0
18	317	0
19	317	0
20	317	0
21	317	0
22	317	0
23	317	0
0	318	0
1	318	0
2	318	0
3	318	0
4	318	27
5	318	21
6	318	21
7	318	21
8	318	27
9	318	62
10	318	33
11	318	14
12	318	39
13	318	21
14	318	14
15	318	7
16	318	7
17	318	7
18	318	62
19	318	7
20	318	21
21	318	0
22	318	0
23	318	0
0	319	0
1	319	0
2	319	0
3	319	31
4	319	31
5	319	16
6	319	16
7	319	0
8	319	31
9	319	0
10	319	0
11	319	16
12	319	16
13	319	0
14	319	16
15	319	16
16	319	31
17	319	31
18	319	58
19	319	45
20	319	0
21	319	0
22	319	0
23	319	0
0	320	0
1	320	0
2	320	24
3	320	0
4	320	0
5	320	0
6	320	0
7	320	0
8	320	0
9	320	0
10	320	0
11	320	0
12	320	83
13	320	0
14	320	24
15	320	0
16	320	24
17	320	24
18	320	46
19	320	83
20	320	46
21	320	0
22	320	0
23	320	0
0	321	0
1	321	0
2	321	0
3	321	0
4	321	0
5	321	0
6	321	0
7	321	137
8	321	0
9	321	0
10	321	0
11	321	0
12	321	0
13	321	0
14	321	0
15	321	0
16	321	0
17	321	0
18	321	137
19	321	0
20	321	0
21	321	0
22	321	0
23	321	0
0	322	0
1	322	0
2	322	0
3	322	0
4	322	0
5	322	0
6	322	49
7	322	49
8	322	49
9	322	49
10	322	0
11	322	0
12	322	166
13	322	0
14	322	0
15	322	0
16	322	0
17	322	88
18	322	0
19	322	0
20	322	0
21	322	0
22	322	0
23	322	0
0	323	3
1	323	2
2	323	2
3	323	6
4	323	13
5	323	15
6	323	20
7	323	16
8	323	21
9	323	22
10	323	18
11	323	15
12	323	23
13	323	18
14	323	18
15	323	13
16	323	22
17	323	25
18	323	21
19	323	27
20	323	19
21	323	15
22	323	9
23	323	5
0	324	0
1	324	0
2	324	0
3	324	0
4	324	0
5	324	114
6	324	0
7	324	0
8	324	144
9	324	0
10	324	29
11	324	29
12	324	0
13	324	54
14	324	54
15	324	0
16	324	0
17	324	54
18	324	29
19	324	29
20	324	0
21	324	29
22	324	0
23	324	0
0	325	5
1	325	5
2	325	0
3	325	9
4	325	40
5	325	32
6	325	17
7	325	13
8	325	17
9	325	5
10	325	17
11	325	5
12	325	13
13	325	13
14	325	5
15	325	9
16	325	21
17	325	17
18	325	21
19	325	9
20	325	47
21	325	21
22	325	9
23	325	0
0	326	22
1	326	0
2	326	0
3	326	0
4	326	22
5	326	0
6	326	8
7	326	29
8	326	36
9	326	0
10	326	36
11	326	36
12	326	15
13	326	29
14	326	15
15	326	22
16	326	15
17	326	15
18	326	15
19	326	8
20	326	8
21	326	8
22	326	22
23	326	15
0	327	0
1	327	0
2	327	0
3	327	0
4	327	0
5	327	0
6	327	0
7	327	0
8	327	0
9	327	0
10	327	0
11	327	0
12	327	0
13	327	0
14	327	0
15	327	0
16	327	0
17	327	45
18	327	0
19	327	0
20	327	0
21	327	0
22	327	0
23	327	0
0	328	0
1	328	0
2	328	0
3	328	0
4	328	0
5	328	0
6	328	0
7	328	51
8	328	0
9	328	0
10	328	91
11	328	51
12	328	0
13	328	0
14	328	0
15	328	91
16	328	0
17	328	51
18	328	0
19	328	51
20	328	0
21	328	0
22	328	0
23	328	0
0	329	0
1	329	0
2	329	0
3	329	0
4	329	0
5	329	0
6	329	0
7	329	0
8	329	69
9	329	20
10	329	108
11	329	69
12	329	37
13	329	20
14	329	0
15	329	0
16	329	0
17	329	0
18	329	0
19	329	0
20	329	0
21	329	0
22	329	0
23	329	0
0	330	0
1	330	0
2	330	0
3	330	18
4	330	35
5	330	35
6	330	0
7	330	79
8	330	35
9	330	35
10	330	91
11	330	0
12	330	0
13	330	0
14	330	51
15	330	18
16	330	79
17	330	18
18	330	18
19	330	35
20	330	65
21	330	65
22	330	0
23	330	0
0	331	0
1	331	0
2	331	0
3	331	0
4	331	0
5	331	0
6	331	137
7	331	0
8	331	0
9	331	0
10	331	0
11	331	201
12	331	0
13	331	0
14	331	0
15	331	0
16	331	0
17	331	0
18	331	0
19	331	0
20	331	0
21	331	0
22	331	0
23	331	0
0	332	4
1	332	12
2	332	2
3	332	5
4	332	12
5	332	28
6	332	33
7	332	37
8	332	37
9	332	26
10	332	33
11	332	18
12	332	35
13	332	33
14	332	38
15	332	23
16	332	30
17	332	36
18	332	44
19	332	32
20	332	22
21	332	26
22	332	19
23	332	7
0	333	0
1	333	0
2	333	0
3	333	0
4	333	31
5	333	0
6	333	58
7	333	0
8	333	0
9	333	31
10	333	0
11	333	31
12	333	31
13	333	31
14	333	0
15	333	31
16	333	0
17	333	0
18	333	0
19	333	31
20	333	0
21	333	31
22	333	0
23	333	0
0	334	0
1	334	0
2	334	0
3	334	0
4	334	0
5	334	18
6	334	35
7	334	18
8	334	0
9	334	78
10	334	112
11	334	50
12	334	35
13	334	18
14	334	0
15	334	0
16	334	18
17	334	35
18	334	64
19	334	50
20	334	50
21	334	35
22	334	18
23	334	18
0	335	0
1	335	0
2	335	0
3	335	0
4	335	45
5	335	0
6	335	45
7	335	0
8	335	45
9	335	0
10	335	0
11	335	45
12	335	0
13	335	0
14	335	0
15	335	0
16	335	82
17	335	0
18	335	0
19	335	45
20	335	0
21	335	0
22	335	0
23	335	0
0	336	0
1	336	0
2	336	0
3	336	0
4	336	0
5	336	68
6	336	68
7	336	0
8	336	118
9	336	0
10	336	0
11	336	154
12	336	0
13	336	0
14	336	0
15	336	0
16	336	68
17	336	0
18	336	0
19	336	0
20	336	0
21	336	68
22	336	0
23	336	0
0	337	0
1	337	0
2	337	0
3	337	0
4	337	0
5	337	0
6	337	0
7	337	0
8	337	39
9	337	39
10	337	123
11	337	0
12	337	0
13	337	72
14	337	0
15	337	72
16	337	0
17	337	0
18	337	72
19	337	0
20	337	0
21	337	0
22	337	0
23	337	0
0	338	0
1	338	0
2	338	0
3	338	0
4	338	0
5	338	51
6	338	0
7	338	0
8	338	0
9	338	51
10	338	51
11	338	51
12	338	0
13	338	0
14	338	27
15	338	108
16	338	0
17	338	27
18	338	27
19	338	27
20	338	51
21	338	0
22	338	0
23	338	0
0	339	0
1	339	0
2	339	0
3	339	0
4	339	44
5	339	0
6	339	44
7	339	23
8	339	44
9	339	0
10	339	23
11	339	23
12	339	0
13	339	44
14	339	0
15	339	0
16	339	23
17	339	0
18	339	0
19	339	0
20	339	0
21	339	0
22	339	0
23	339	0
0	340	0
1	340	0
2	340	14
3	340	14
4	340	14
5	340	14
6	340	0
7	340	14
8	340	0
9	340	14
10	340	26
11	340	50
12	340	38
13	340	38
14	340	14
15	340	14
16	340	26
17	340	26
18	340	14
19	340	38
20	340	0
21	340	14
22	340	0
23	340	14
0	341	0
1	341	4
2	341	8
3	341	8
4	341	23
5	341	8
6	341	23
7	341	12
8	341	8
9	341	46
10	341	4
11	341	19
12	341	8
13	341	23
14	341	15
15	341	29
16	341	33
17	341	8
18	341	26
19	341	12
20	341	23
21	341	15
22	341	0
23	341	0
0	342	0
1	342	0
2	342	0
3	342	0
4	342	67
5	342	30
6	342	30
7	342	30
8	342	30
9	342	55
10	342	0
11	342	0
12	342	30
13	342	30
14	342	0
15	342	15
16	342	0
17	342	55
18	342	30
19	342	55
20	342	78
21	342	0
22	342	15
23	342	0
0	343	5
1	343	3
2	343	6
3	343	8
4	343	22
5	343	24
6	343	24
7	343	27
8	343	24
9	343	24
10	343	27
11	343	27
12	343	24
13	343	21
14	343	19
15	343	23
16	343	26
17	343	29
18	343	33
19	343	32
20	343	27
21	343	15
22	343	7
23	343	4
0	344	0
1	344	0
2	344	0
3	344	0
4	344	0
5	344	0
6	344	0
7	344	0
8	344	0
9	344	0
10	344	0
11	344	175
12	344	0
13	344	0
14	344	0
15	344	0
16	344	0
17	344	0
18	344	0
19	344	0
20	344	0
21	344	0
22	344	0
23	344	0
0	345	0
1	345	0
2	345	11
3	345	25
4	345	23
5	345	31
6	345	25
7	345	22
8	345	34
9	345	25
10	345	25
11	345	19
12	345	19
13	345	25
14	345	26
15	345	29
16	345	38
17	345	43
18	345	44
19	345	23
20	345	28
21	345	6
22	345	12
23	345	7
0	346	3
1	346	1
2	346	3
3	346	10
4	346	20
5	346	24
6	346	30
7	346	20
8	346	36
9	346	26
10	346	24
11	346	26
12	346	32
13	346	32
14	346	34
15	346	29
16	346	29
17	346	41
18	346	34
19	346	39
20	346	25
21	346	11
22	346	9
23	346	3
0	347	4
1	347	0
2	347	0
3	347	16
4	347	34
5	347	59
6	347	50
7	347	19
8	347	16
9	347	30
10	347	16
11	347	40
12	347	40
13	347	16
14	347	16
15	347	23
16	347	23
17	347	27
18	347	30
19	347	47
20	347	34
21	347	12
22	347	16
23	347	4
0	348	4
1	348	2
2	348	4
3	348	8
4	348	17
5	348	26
6	348	24
7	348	22
8	348	29
9	348	23
10	348	22
11	348	24
12	348	30
13	348	19
14	348	26
15	348	25
16	348	29
17	348	31
18	348	36
19	348	38
20	348	26
21	348	12
22	348	12
23	348	3
0	349	0
1	349	0
2	349	0
3	349	0
4	349	0
5	349	0
6	349	0
7	349	0
8	349	0
9	349	0
10	349	0
11	349	0
12	349	0
13	349	0
14	349	0
15	349	0
16	349	0
17	349	0
18	349	0
19	349	0
20	349	0
21	349	0
22	349	0
23	349	0
0	350	0
1	350	0
2	350	0
3	350	0
4	350	14
5	350	28
6	350	28
7	350	93
8	350	0
9	350	0
10	350	14
11	350	28
12	350	28
13	350	0
14	350	0
15	350	0
16	350	40
17	350	14
18	350	40
19	350	28
20	350	0
21	350	0
22	350	14
23	350	0
0	351	11
1	351	0
2	351	3
3	351	0
4	351	14
5	351	24
6	351	17
7	351	32
8	351	37
9	351	29
10	351	11
11	351	29
12	351	37
13	351	22
14	351	24
15	351	22
16	351	48
17	351	32
18	351	29
19	351	116
20	351	37
21	351	17
22	351	17
23	351	0
0	352	0
1	352	0
2	352	0
3	352	0
4	352	0
5	352	0
6	352	0
7	352	0
8	352	0
9	352	0
10	352	0
11	352	0
12	352	0
13	352	103
14	352	0
15	352	0
16	352	0
17	352	103
18	352	0
19	352	0
20	352	0
21	352	0
22	352	0
23	352	0
0	353	0
1	353	28
2	353	10
3	353	19
4	353	45
5	353	0
6	353	10
7	353	0
8	353	0
9	353	10
10	353	10
11	353	10
12	353	0
13	353	19
14	353	37
15	353	53
16	353	28
17	353	19
18	353	0
19	353	68
20	353	28
21	353	19
22	353	118
23	353	19
0	354	0
1	354	0
2	354	0
3	354	0
4	354	23
5	354	23
6	354	0
7	354	0
8	354	79
9	354	0
10	354	23
11	354	23
12	354	23
13	354	43
14	354	43
15	354	0
16	354	62
17	354	43
18	354	0
19	354	23
20	354	23
21	354	23
22	354	0
23	354	0
0	355	5
1	355	0
2	355	0
3	355	11
4	355	22
5	355	14
6	355	21
7	355	19
8	355	16
9	355	30
10	355	29
11	355	16
12	355	25
13	355	31
14	355	12
15	355	16
16	355	31
17	355	22
18	355	33
19	355	29
20	355	36
21	355	18
22	355	6
23	355	6
0	356	0
1	356	0
2	356	0
3	356	0
4	356	0
5	356	0
6	356	0
7	356	0
8	356	0
9	356	0
10	356	0
11	356	0
12	356	0
13	356	0
14	356	0
15	356	0
16	356	0
17	356	0
18	356	0
19	356	0
20	356	0
21	356	0
22	356	0
23	356	0
0	357	0
1	357	0
2	357	0
3	357	0
4	357	0
5	357	17
6	357	17
7	357	17
8	357	0
9	357	17
10	357	0
11	357	0
12	357	0
13	357	0
14	357	0
15	357	0
16	357	0
17	357	17
18	357	17
19	357	17
20	357	0
21	357	0
22	357	0
23	357	0
0	358	0
1	358	0
2	358	0
3	358	0
4	358	9
5	358	48
6	358	9
7	358	0
8	358	33
9	358	0
10	358	17
11	358	17
12	358	17
13	358	17
14	358	17
15	358	25
16	358	17
17	358	17
18	358	17
19	358	25
20	358	9
21	358	0
22	358	0
23	358	0
0	359	0
1	359	0
2	359	0
3	359	49
4	359	145
5	359	0
6	359	0
7	359	88
8	359	0
9	359	0
10	359	0
11	359	0
12	359	0
13	359	0
14	359	49
15	359	49
16	359	0
17	359	0
18	359	49
19	359	0
20	359	88
21	359	0
22	359	0
23	359	0
0	360	1
1	360	6
2	360	3
3	360	9
4	360	16
5	360	27
6	360	13
7	360	17
8	360	21
9	360	22
10	360	26
11	360	37
12	360	33
13	360	16
14	360	25
15	360	15
16	360	27
17	360	32
18	360	21
19	360	32
20	360	22
21	360	13
22	360	3
23	360	8
0	361	0
1	361	0
2	361	0
3	361	0
4	361	29
5	361	0
6	361	15
7	361	29
8	361	15
9	361	29
10	361	0
11	361	0
12	361	15
13	361	0
14	361	29
15	361	15
16	361	15
17	361	42
18	361	0
19	361	66
20	361	0
21	361	0
22	361	0
23	361	0
0	362	9
1	362	0
2	362	0
3	362	9
4	362	9
5	362	18
6	362	26
7	362	18
8	362	49
9	362	34
10	362	9
11	362	9
12	362	42
13	362	18
14	362	9
15	362	34
16	362	0
17	362	26
18	362	42
19	362	42
20	362	34
21	362	26
22	362	9
23	362	34
0	363	19
1	363	0
2	363	0
3	363	0
4	363	0
5	363	0
6	363	10
7	363	59
8	363	59
9	363	10
10	363	10
11	363	59
12	363	10
13	363	19
14	363	0
15	363	44
16	363	10
17	363	52
18	363	52
19	363	59
20	363	59
21	363	59
22	363	10
23	363	0
0	364	0
1	364	3
2	364	5
3	364	21
4	364	16
5	364	33
6	364	28
7	364	22
8	364	27
9	364	33
10	364	26
11	364	28
12	364	26
13	364	22
14	364	30
15	364	33
16	364	25
17	364	25
18	364	37
19	364	25
20	364	26
21	364	12
22	364	5
23	364	3
0	365	8
1	365	5
2	365	17
3	365	3
4	365	12
5	365	12
6	365	37
7	365	32
8	365	21
9	365	32
10	365	37
11	365	12
12	365	24
13	365	37
14	365	8
15	365	12
16	365	17
17	365	26
18	365	34
19	365	12
20	365	12
21	365	10
22	365	3
23	365	3
0	366	0
1	366	0
2	366	0
3	366	0
4	366	45
5	366	0
6	366	0
7	366	45
8	366	0
9	366	45
10	366	45
11	366	0
12	366	82
13	366	0
14	366	0
15	366	82
16	366	0
17	366	0
18	366	0
19	366	45
20	366	0
21	366	45
22	366	0
23	366	0
0	367	0
1	367	0
2	367	0
3	367	0
4	367	38
5	367	38
6	367	70
7	367	38
8	367	0
9	367	0
10	367	38
11	367	38
12	367	0
13	367	0
14	367	38
15	367	0
16	367	0
17	367	0
18	367	0
19	367	38
20	367	0
21	367	0
22	367	0
23	367	0
0	368	0
1	368	0
2	368	24
3	368	20
4	368	10
5	368	33
6	368	20
7	368	24
8	368	38
9	368	38
10	368	24
11	368	20
12	368	33
13	368	38
14	368	29
15	368	0
16	368	42
17	368	42
18	368	24
19	368	58
20	368	42
21	368	15
22	368	10
23	368	5
0	369	4
1	369	3
2	369	2
3	369	13
4	369	23
5	369	24
6	369	21
7	369	23
8	369	27
9	369	22
10	369	35
11	369	23
12	369	25
13	369	25
14	369	15
15	369	32
16	369	30
17	369	36
18	369	32
19	369	45
20	369	31
21	369	18
22	369	9
23	369	8
0	370	3
1	370	0
2	370	0
3	370	12
4	370	17
5	370	26
6	370	15
7	370	17
8	370	33
9	370	20
10	370	26
11	370	41
12	370	20
13	370	31
14	370	28
15	370	60
16	370	55
17	370	36
18	370	28
19	370	26
20	370	41
21	370	3
22	370	6
23	370	6
0	371	0
1	371	0
2	371	0
3	371	24
4	371	52
5	371	36
6	371	32
7	371	15
8	371	28
9	371	5
10	371	19
11	371	24
12	371	5
13	371	19
14	371	52
15	371	60
16	371	56
17	371	40
18	371	52
19	371	40
20	371	19
21	371	0
22	371	19
23	371	5
0	372	0
1	372	0
2	372	3
3	372	13
4	372	19
5	372	12
6	372	42
7	372	24
8	372	30
9	372	26
10	372	19
11	372	28
12	372	27
13	372	30
14	372	16
15	372	23
16	372	22
17	372	28
18	372	32
19	372	28
20	372	15
21	372	11
22	372	6
23	372	11
0	373	2
1	373	3
2	373	4
3	373	10
4	373	18
5	373	24
6	373	24
7	373	26
8	373	23
9	373	22
10	373	24
11	373	26
12	373	29
13	373	23
14	373	19
15	373	20
16	373	26
17	373	23
18	373	27
19	373	29
20	373	21
21	373	13
22	373	4
23	373	4
0	374	0
1	374	0
2	374	0
3	374	0
4	374	0
5	374	0
6	374	22
7	374	12
8	374	33
9	374	12
10	374	0
11	374	12
12	374	12
13	374	0
14	374	0
15	374	0
16	374	52
17	374	42
18	374	52
19	374	60
20	374	69
21	374	22
22	374	0
23	374	12
0	375	11
1	375	11
2	375	0
3	375	0
4	375	30
5	375	11
6	375	47
7	375	34
8	375	6
9	375	25
10	375	30
11	375	6
12	375	11
13	375	11
14	375	59
15	375	15
16	375	15
17	375	55
18	375	39
19	375	43
20	375	47
21	375	30
22	375	0
23	375	0
0	376	0
1	376	64
2	376	0
3	376	0
4	376	0
5	376	0
6	376	35
7	376	64
8	376	0
9	376	35
10	376	0
11	376	64
12	376	35
13	376	0
14	376	0
15	376	0
16	376	35
17	376	0
18	376	0
19	376	64
20	376	35
21	376	0
22	376	0
23	376	0
0	377	0
1	377	0
2	377	0
3	377	0
4	377	68
5	377	68
6	377	118
7	377	0
8	377	0
9	377	0
10	377	118
11	377	0
12	377	68
13	377	0
14	377	0
15	377	0
16	377	0
17	377	68
18	377	68
19	377	68
20	377	0
21	377	0
22	377	0
23	377	0
0	378	0
1	378	0
2	378	0
3	378	30
4	378	0
5	378	57
6	378	57
7	378	0
8	378	0
9	378	0
10	378	101
11	378	30
12	378	30
13	378	0
14	378	0
15	378	0
16	378	0
17	378	0
18	378	0
19	378	57
20	378	30
21	378	0
22	378	0
23	378	0
0	379	2
1	379	2
2	379	9
3	379	6
4	379	16
5	379	26
6	379	31
7	379	29
8	379	26
9	379	8
10	379	18
11	379	18
12	379	39
13	379	22
14	379	27
15	379	35
16	379	29
17	379	34
18	379	30
19	379	45
20	379	31
21	379	18
22	379	9
23	379	3
0	380	3
1	380	4
2	380	5
3	380	12
4	380	17
5	380	22
6	380	21
7	380	29
8	380	21
9	380	20
10	380	29
11	380	15
12	380	19
13	380	30
14	380	26
15	380	21
16	380	33
17	380	55
18	380	46
19	380	44
20	380	34
21	380	17
22	380	6
23	380	4
0	381	0
1	381	6
2	381	0
3	381	0
4	381	0
5	381	20
6	381	15
7	381	6
8	381	10
9	381	6
10	381	38
11	381	6
12	381	42
13	381	34
14	381	6
15	381	20
16	381	6
17	381	20
18	381	29
19	381	15
20	381	25
21	381	15
22	381	0
23	381	6
0	382	3
1	382	4
2	382	2
3	382	10
4	382	20
5	382	29
6	382	26
7	382	25
8	382	20
9	382	20
10	382	23
11	382	26
12	382	27
13	382	21
14	382	21
15	382	27
16	382	36
17	382	35
18	382	29
19	382	35
20	382	17
21	382	19
22	382	8
23	382	6
0	383	10
1	383	13
2	383	2
3	383	4
4	383	0
5	383	0
6	383	22
7	383	18
8	383	20
9	383	25
10	383	30
11	383	18
12	383	43
13	383	20
14	383	20
15	383	28
16	383	17
17	383	8
18	383	17
19	383	27
20	383	22
21	383	15
22	383	10
23	383	18
0	384	5
1	384	3
2	384	3
3	384	7
4	384	19
5	384	27
6	384	25
7	384	25
8	384	20
9	384	24
10	384	23
11	384	23
12	384	23
13	384	24
14	384	28
15	384	25
16	384	28
17	384	29
18	384	34
19	384	37
20	384	29
21	384	18
22	384	10
23	384	4
0	385	0
1	385	0
2	385	0
3	385	0
4	385	0
5	385	0
6	385	0
7	385	64
8	385	0
9	385	0
10	385	0
11	385	0
12	385	64
13	385	0
14	385	64
15	385	0
16	385	0
17	385	0
18	385	175
19	385	0
20	385	64
21	385	0
22	385	0
23	385	0
0	386	0
1	386	0
2	386	0
3	386	0
4	386	82
5	386	137
6	386	82
7	386	0
8	386	0
9	386	0
10	386	0
11	386	175
12	386	0
13	386	0
14	386	0
15	386	0
16	386	82
17	386	0
18	386	0
19	386	0
20	386	0
21	386	0
22	386	0
23	386	0
0	387	0
1	387	0
2	387	0
3	387	0
4	387	0
5	387	44
6	387	12
7	387	12
8	387	44
9	387	44
10	387	23
11	387	34
12	387	12
13	387	23
14	387	0
15	387	23
16	387	63
17	387	34
18	387	23
19	387	12
20	387	23
21	387	0
22	387	12
23	387	12
0	388	8
1	388	0
2	388	0
3	388	0
4	388	47
5	388	28
6	388	28
7	388	22
8	388	22
9	388	0
10	388	0
11	388	22
12	388	22
13	388	15
14	388	41
15	388	8
16	388	22
17	388	22
18	388	8
19	388	22
20	388	15
21	388	0
22	388	0
23	388	0
0	389	0
1	389	3
2	389	3
3	389	5
4	389	3
5	389	14
6	389	36
7	389	18
8	389	29
9	389	16
10	389	36
11	389	18
12	389	51
13	389	20
14	389	33
15	389	10
16	389	29
17	389	31
18	389	18
19	389	38
20	389	24
21	389	27
22	389	5
23	389	7
0	390	5
1	390	4
2	390	1
3	390	4
4	390	13
5	390	29
6	390	30
7	390	31
8	390	32
9	390	24
10	390	25
11	390	26
12	390	23
13	390	25
14	390	29
15	390	36
16	390	33
17	390	41
18	390	42
19	390	40
20	390	33
21	390	24
22	390	12
23	390	3
0	391	0
1	391	0
2	391	4
3	391	15
4	391	8
5	391	15
6	391	22
7	391	35
8	391	46
9	391	32
10	391	24
11	391	11
12	391	27
13	391	22
14	391	27
15	391	18
16	391	17
17	391	17
18	391	15
19	391	10
20	391	6
21	391	8
22	391	2
23	391	0
0	392	0
1	392	0
2	392	0
3	392	7
4	392	14
5	392	57
6	392	14
7	392	40
8	392	27
9	392	7
10	392	34
11	392	21
12	392	46
13	392	21
14	392	27
15	392	0
16	392	40
17	392	27
18	392	34
19	392	0
20	392	21
21	392	27
22	392	21
23	392	0
0	393	0
1	393	0
2	393	18
3	393	18
4	393	0
5	393	35
6	393	0
7	393	0
8	393	35
9	393	18
10	393	18
11	393	64
12	393	90
13	393	18
14	393	18
15	393	18
16	393	35
17	393	18
18	393	0
19	393	0
20	393	35
21	393	18
22	393	18
23	393	18
0	394	2
1	394	1
2	394	4
3	394	0
4	394	13
5	394	21
6	394	21
7	394	17
8	394	17
9	394	26
10	394	21
11	394	24
12	394	16
13	394	26
14	394	20
15	394	23
16	394	24
17	394	28
18	394	27
19	394	20
20	394	32
21	394	14
22	394	10
23	394	4
0	395	0
1	395	0
2	395	0
3	395	0
4	395	77
5	395	54
6	395	77
7	395	29
8	395	0
9	395	0
10	395	54
11	395	0
12	395	29
13	395	29
14	395	29
15	395	0
16	395	0
17	395	0
18	395	54
19	395	0
20	395	0
21	395	0
22	395	0
23	395	0
0	396	0
1	396	0
2	396	0
3	396	0
4	396	0
5	396	0
6	396	0
7	396	0
8	396	0
9	396	0
10	396	0
11	396	0
12	396	0
13	396	0
14	396	0
15	396	0
16	396	0
17	396	0
18	396	0
19	396	0
20	396	0
21	396	0
22	396	0
23	396	0
0	397	0
1	397	0
2	397	7
3	397	0
4	397	18
5	397	35
6	397	35
7	397	18
8	397	24
9	397	50
10	397	18
11	397	29
12	397	29
13	397	24
14	397	18
15	397	29
16	397	24
17	397	40
18	397	59
19	397	45
20	397	0
21	397	18
22	397	12
23	397	0
0	398	7
1	398	4
2	398	2
3	398	5
4	398	4
5	398	18
6	398	13
7	398	23
8	398	13
9	398	18
10	398	29
11	398	24
12	398	23
13	398	27
14	398	34
15	398	30
16	398	29
17	398	33
18	398	20
19	398	52
20	398	23
21	398	10
22	398	10
23	398	7
0	399	0
1	399	0
2	399	0
3	399	0
4	399	0
5	399	14
6	399	70
7	399	49
8	399	0
9	399	26
10	399	26
11	399	38
12	399	14
13	399	38
14	399	26
15	399	49
16	399	0
17	399	14
18	399	14
19	399	70
20	399	38
21	399	0
22	399	0
23	399	26
0	400	3
1	400	3
2	400	4
3	400	7
4	400	16
5	400	22
6	400	25
7	400	25
8	400	26
9	400	25
10	400	24
11	400	26
12	400	25
13	400	25
14	400	24
15	400	26
16	400	26
17	400	28
18	400	30
19	400	30
20	400	24
21	400	16
22	400	10
23	400	5
0	401	3
1	401	0
2	401	0
3	401	48
4	401	31
5	401	17
6	401	22
7	401	29
8	401	26
9	401	26
10	401	24
11	401	37
12	401	13
13	401	31
14	401	22
15	401	22
16	401	10
17	401	20
18	401	52
19	401	29
20	401	37
21	401	22
22	401	13
23	401	3
0	402	0
1	402	0
2	402	0
3	402	21
4	402	45
5	402	45
6	402	27
7	402	56
8	402	39
9	402	27
10	402	0
11	402	0
12	402	39
13	402	39
14	402	27
15	402	33
16	402	7
17	402	56
18	402	14
19	402	14
20	402	21
21	402	33
22	402	14
23	402	0
0	403	0
1	403	0
2	403	0
3	403	0
4	403	56
5	403	34
6	403	34
7	403	63
8	403	26
9	403	42
10	403	0
11	403	18
12	403	9
13	403	26
14	403	9
15	403	9
16	403	63
17	403	56
18	403	56
19	403	49
20	403	26
21	403	125
22	403	0
23	403	0
0	404	4
1	404	0
2	404	0
3	404	3
4	404	13
5	404	16
6	404	29
7	404	21
8	404	25
9	404	27
10	404	23
11	404	28
12	404	24
13	404	19
14	404	19
15	404	7
16	404	16
17	404	7
18	404	25
19	404	15
20	404	10
21	404	3
22	404	3
23	404	2
0	405	0
1	405	0
2	405	0
3	405	37
4	405	0
5	405	0
6	405	37
7	405	19
8	405	95
9	405	19
10	405	0
11	405	82
12	405	37
13	405	0
14	405	19
15	405	19
16	405	0
17	405	37
18	405	0
19	405	0
20	405	19
21	405	0
22	405	0
23	405	0
0	406	0
1	406	0
2	406	0
3	406	0
4	406	12
5	406	15
6	406	32
7	406	32
8	406	32
9	406	19
10	406	22
11	406	15
12	406	12
13	406	26
14	406	19
15	406	0
16	406	15
17	406	12
18	406	15
19	406	15
20	406	0
21	406	4
22	406	8
23	406	0
0	407	0
1	407	0
2	407	0
3	407	0
4	407	0
5	407	71
6	407	0
7	407	20
8	407	39
9	407	20
10	407	0
11	407	20
12	407	55
13	407	20
14	407	0
15	407	0
16	407	20
17	407	20
18	407	20
19	407	20
20	407	0
21	407	0
22	407	20
23	407	0
0	408	0
1	408	0
2	408	0
3	408	0
4	408	0
5	408	0
6	408	0
7	408	0
8	408	38
9	408	0
10	408	0
11	408	0
12	408	38
13	408	38
14	408	120
15	408	0
16	408	0
17	408	0
18	408	38
19	408	0
20	408	38
21	408	0
22	408	0
23	408	0
0	409	0
1	409	0
2	409	4
3	409	12
4	409	41
5	409	54
6	409	20
7	409	20
8	409	20
9	409	23
10	409	16
11	409	30
12	409	34
13	409	20
14	409	34
15	409	60
16	409	54
17	409	66
18	409	74
19	409	60
20	409	20
21	409	8
22	409	4
23	409	0
