Counts for Apple(2) in South Africa(40):
Hour	Location Index	Count
0	0	0
1	0	11
2	0	0
3	0	0
4	0	11
5	0	0
6	0	0
7	0	39
8	0	0
9	0	20
10	0	11
11	0	39
12	0	20
13	0	20
14	0	47
15	0	47
16	0	11
17	0	39
18	0	47
19	0	30
20	0	0
21	0	30
22	0	20
23	0	0
0	1	0
1	1	0
2	1	10
3	1	0
4	1	38
5	1	15
6	1	5
7	1	20
8	1	20
9	1	15
10	1	15
11	1	42
12	1	29
13	1	24
14	1	20
15	1	20
16	1	33
17	1	20
18	1	20
19	1	29
20	1	38
21	1	10
22	1	20
23	1	15
0	2	6
1	2	0
2	2	6
3	2	34
4	2	39
5	2	6
6	2	39
7	2	34
8	2	23
9	2	39
10	2	18
11	2	34
12	2	28
13	2	18
14	2	18
15	2	44
16	2	53
17	2	6
18	2	76
19	2	34
20	2	58
21	2	12
22	2	18
23	2	12
0	3	3
1	3	2
2	3	3
3	3	12
4	3	20
5	3	21
6	3	12
7	3	8
8	3	11
9	3	18
10	3	13
11	3	9
12	3	26
13	3	26
14	3	23
15	3	24
16	3	25
17	3	27
18	3	30
19	3	28
20	3	25
21	3	17
22	3	9
23	3	7
0	4	3
1	4	3
2	4	3
3	4	9
4	4	14
5	4	24
6	4	36
7	4	27
8	4	24
9	4	22
10	4	17
11	4	22
12	4	36
13	4	14
14	4	43
15	4	34
16	4	29
17	4	27
18	4	41
19	4	27
20	4	29
21	4	19
22	4	9
23	4	3
0	5	2
1	5	0
2	5	1
3	5	1
4	5	6
5	5	9
6	5	11
7	5	11
8	5	8
9	5	6
10	5	10
11	5	9
12	5	6
13	5	11
14	5	10
15	5	6
16	5	9
17	5	13
18	5	11
19	5	18
20	5	14
21	5	9
22	5	4
23	5	2
0	6	0
1	6	0
2	6	0
3	6	0
4	6	0
5	6	0
6	6	0
7	6	0
8	6	0
9	6	0
10	6	0
11	6	58
12	6	0
13	6	0
14	6	0
15	6	0
16	6	0
17	6	0
18	6	0
19	6	0
20	6	0
21	6	0
22	6	0
23	6	0
0	7	7
1	7	0
2	7	6
3	7	10
4	7	6
5	7	20
6	7	12
7	7	17
8	7	26
9	7	17
10	7	20
11	7	7
12	7	18
13	7	16
14	7	10
15	7	28
16	7	29
17	7	23
18	7	28
19	7	41
20	7	28
21	7	32
22	7	4
23	7	16
0	8	0
1	8	0
2	8	0
3	8	14
4	8	7
5	8	0
6	8	20
7	8	14
8	8	7
9	8	26
10	8	7
11	8	20
12	8	20
13	8	14
14	8	32
15	8	7
16	8	26
17	8	20
18	8	14
19	8	14
20	8	7
21	8	0
22	8	0
23	8	0
0	9	0
1	9	0
2	9	0
3	9	0
4	9	0
5	9	0
6	9	0
7	9	0
8	9	0
9	9	0
10	9	0
11	9	253
12	9	0
13	9	0
14	9	0
15	9	0
16	9	0
17	9	0
18	9	0
19	9	0
20	9	0
21	9	0
22	9	0
23	9	0
0	10	0
1	10	0
2	10	0
3	10	0
4	10	0
5	10	0
6	10	0
7	10	0
8	10	0
9	10	0
10	10	0
11	10	0
12	10	0
13	10	0
14	10	0
15	10	0
16	10	0
17	10	0
18	10	0
19	10	0
20	10	0
21	10	0
22	10	0
23	10	0
0	11	0
1	11	0
2	11	0
3	11	0
4	11	0
5	11	0
6	11	0
7	11	0
8	11	0
9	11	72
10	11	0
11	11	0
12	11	0
13	11	0
14	11	0
15	11	0
16	11	0
17	11	0
18	11	0
19	11	0
20	11	0
21	11	0
22	11	0
23	11	0
0	12	28
1	12	28
2	12	38
3	12	28
4	12	18
5	12	18
6	12	11
7	12	21
8	12	25
9	12	18
10	12	25
11	12	31
12	12	25
13	12	21
14	12	34
15	12	28
16	12	31
17	12	44
18	12	61
19	12	31
20	12	28
21	12	15
22	12	15
23	12	21
0	13	0
1	13	0
2	13	0
3	13	0
4	13	0
5	13	0
6	13	0
7	13	0
8	13	0
9	13	57
10	13	0
11	13	0
12	13	0
13	13	0
14	13	0
15	13	0
16	13	0
17	13	0
18	13	0
19	13	0
20	13	0
21	13	0
22	13	0
23	13	0
0	14	0
1	14	0
2	14	0
3	14	0
4	14	0
5	14	0
6	14	20
7	14	0
8	14	70
9	14	38
10	14	0
11	14	0
12	14	20
13	14	0
14	14	0
15	14	0
16	14	0
17	14	38
18	14	55
19	14	38
20	14	55
21	14	0
22	14	0
23	14	20
0	15	0
1	15	0
2	15	17
3	15	0
4	15	0
5	15	32
6	15	9
7	15	39
8	15	9
9	15	59
10	15	0
11	15	39
12	15	24
13	15	24
14	15	9
15	15	24
16	15	46
17	15	32
18	15	24
19	15	65
20	15	9
21	15	24
22	15	17
23	15	0
0	16	0
1	16	0
2	16	0
3	16	0
4	16	0
5	16	72
6	16	39
7	16	39
8	16	100
9	16	0
10	16	39
11	16	0
12	16	39
13	16	0
14	16	0
15	16	0
16	16	0
17	16	0
18	16	39
19	16	39
20	16	0
21	16	0
22	16	0
23	16	0
0	17	0
1	17	3
2	17	2
3	17	4
4	17	7
5	17	5
6	17	10
7	17	18
8	17	9
9	17	12
10	17	9
11	17	15
12	17	19
13	17	7
14	17	8
15	17	8
16	17	6
17	17	8
18	17	8
19	17	10
20	17	7
21	17	3
22	17	3
23	17	0
0	18	0
1	18	0
2	18	0
3	18	0
4	18	0
5	18	0
6	18	0
7	18	0
8	18	0
9	18	0
10	18	34
11	18	0
12	18	0
13	18	0
14	18	0
15	18	49
16	18	49
17	18	0
18	18	0
19	18	18
20	18	18
21	18	63
22	18	0
23	18	0
0	19	0
1	19	0
2	19	0
3	19	0
4	19	0
5	19	0
6	19	0
7	19	40
8	19	40
9	19	0
10	19	0
11	19	0
12	19	0
13	19	0
14	19	0
15	19	0
16	19	0
17	19	0
18	19	0
19	19	0
20	19	0
21	19	0
22	19	0
23	19	0
0	20	0
1	20	10
2	20	0
3	20	27
4	20	23
5	20	14
6	20	31
7	20	14
8	20	43
9	20	51
10	20	27
11	20	23
12	20	27
13	20	47
14	20	0
15	20	27
16	20	23
17	20	10
18	20	0
19	20	27
20	20	10
21	20	10
22	20	0
23	20	5
0	21	8
1	21	9
2	21	5
3	21	8
4	21	16
5	21	11
6	21	14
7	21	17
8	21	24
9	21	18
10	21	20
11	21	23
12	21	35
13	21	23
14	21	29
15	21	26
16	21	16
17	21	29
18	21	41
19	21	34
20	21	22
21	21	23
22	21	5
23	21	7
0	22	0
1	22	9
2	22	0
3	22	0
4	22	9
5	22	9
6	22	0
7	22	17
8	22	33
9	22	9
10	22	9
11	22	9
12	22	33
13	22	9
14	22	17
15	22	17
16	22	9
17	22	9
18	22	17
19	22	25
20	22	9
21	22	0
22	22	0
23	22	0
0	23	0
1	23	0
2	23	0
3	23	0
4	23	0
5	23	66
6	23	158
7	23	104
8	23	125
9	23	36
10	23	51
11	23	143
12	23	0
13	23	51
14	23	0
15	23	19
16	23	19
17	23	19
18	23	0
19	23	19
20	23	0
21	23	0
22	23	0
23	23	0
0	24	4
1	24	4
2	24	2
3	24	0
4	24	12
5	24	17
6	24	22
7	24	12
8	24	27
9	24	17
10	24	17
11	24	11
12	24	14
13	24	27
14	24	42
15	24	32
16	24	33
17	24	16
18	24	33
19	24	17
20	24	17
21	24	6
22	24	7
23	24	0
0	25	0
1	25	0
2	25	8
3	25	8
4	25	11
5	25	15
6	25	11
7	25	11
8	25	15
9	25	8
10	25	21
11	25	44
12	25	8
13	25	15
14	25	11
15	25	8
16	25	25
17	25	28
18	25	41
19	25	18
20	25	25
21	25	15
22	25	0
23	25	0
0	26	0
1	26	0
2	26	0
3	26	0
4	26	34
5	26	172
6	26	0
7	26	63
8	26	34
9	26	0
10	26	0
11	26	0
12	26	34
13	26	0
14	26	0
15	26	0
16	26	34
17	26	34
18	26	88
19	26	34
20	26	0
21	26	0
22	26	0
23	26	0
0	27	15
1	27	0
2	27	0
3	27	0
4	27	0
5	27	29
6	27	0
7	27	0
8	27	0
9	27	15
10	27	15
11	27	15
12	27	15
13	27	0
14	27	15
15	27	0
16	27	29
17	27	42
18	27	15
19	27	29
20	27	0
21	27	0
22	27	15
23	27	0
0	28	0
1	28	0
2	28	34
3	28	0
4	28	63
5	28	34
6	28	0
7	28	34
8	28	63
9	28	34
10	28	34
11	28	0
12	28	0
13	28	0
14	28	0
15	28	88
16	28	0
17	28	0
18	28	88
19	28	63
20	28	0
21	28	0
22	28	34
23	28	0
0	29	0
1	29	0
2	29	0
3	29	7
4	29	20
5	29	7
6	29	27
7	29	0
8	29	14
9	29	20
10	29	7
11	29	14
12	29	7
13	29	0
14	29	14
15	29	7
16	29	7
17	29	27
18	29	14
19	29	27
20	29	14
21	29	14
22	29	0
23	29	14
0	30	3
1	30	2
2	30	3
3	30	2
4	30	30
5	30	32
6	30	30
7	30	21
8	30	19
9	30	17
10	30	16
11	30	24
12	30	18
13	30	19
14	30	17
15	30	22
16	30	30
17	30	36
18	30	28
19	30	30
20	30	23
21	30	20
22	30	7
23	30	5
0	31	12
1	31	0
2	31	12
3	31	12
4	31	12
5	31	33
6	31	0
7	31	0
8	31	53
9	31	0
10	31	0
11	31	12
12	31	23
13	31	33
14	31	33
15	31	53
16	31	62
17	31	53
18	31	87
19	31	71
20	31	23
21	31	23
22	31	12
23	31	0
0	32	0
1	32	0
2	32	0
3	32	0
4	32	0
5	32	0
6	32	0
7	32	0
8	32	0
9	32	0
10	32	0
11	32	0
12	32	0
13	32	0
14	32	0
15	32	0
16	32	0
17	32	0
18	32	0
19	32	0
20	32	0
21	32	0
22	32	0
23	32	0
0	33	0
1	33	0
2	33	0
3	33	14
4	33	42
5	33	16
6	33	16
7	33	37
8	33	10
9	33	32
10	33	23
11	33	6
12	33	29
13	33	18
14	33	34
15	33	12
16	33	25
17	33	37
18	33	30
19	33	42
20	33	22
21	33	8
22	33	8
23	33	4
0	34	0
1	34	0
2	34	0
3	34	0
4	34	0
5	34	35
6	34	35
7	34	0
8	34	0
9	34	18
10	34	0
11	34	35
12	34	0
13	34	0
14	34	0
15	34	0
16	34	0
17	34	0
18	34	0
19	34	0
20	34	35
21	34	0
22	34	18
23	34	0
0	35	0
1	35	0
2	35	11
3	35	11
4	35	0
5	35	16
6	35	11
7	35	11
8	35	16
9	35	57
10	35	16
11	35	6
12	35	26
13	35	26
14	35	11
15	35	16
16	35	30
17	35	11
18	35	44
19	35	26
20	35	30
21	35	44
22	35	0
23	35	6
0	36	3
1	36	4
2	36	4
3	36	7
4	36	18
5	36	21
6	36	31
7	36	21
8	36	21
9	36	14
10	36	22
11	36	28
12	36	27
13	36	25
14	36	23
15	36	13
16	36	25
17	36	24
18	36	30
19	36	33
20	36	32
21	36	10
22	36	6
23	36	7
0	37	0
1	37	0
2	37	0
3	37	6
4	37	15
5	37	13
6	37	23
7	37	23
8	37	25
9	37	36
10	37	27
11	37	25
12	37	32
13	37	13
14	37	20
15	37	23
16	37	27
17	37	23
18	37	27
19	37	6
20	37	23
21	37	15
22	37	8
23	37	0
0	38	0
1	38	0
2	38	0
3	38	0
4	38	0
5	38	0
6	38	0
7	38	45
8	38	0
9	38	0
10	38	0
11	38	0
12	38	0
13	38	0
14	38	0
15	38	0
16	38	0
17	38	0
18	38	45
19	38	82
20	38	0
21	38	0
22	38	0
23	38	0
0	39	0
1	39	20
2	39	7
3	39	7
4	39	20
5	39	14
6	39	43
7	39	26
8	39	20
9	39	26
10	39	20
11	39	0
12	39	20
13	39	20
14	39	14
15	39	20
16	39	32
17	39	14
18	39	14
19	39	26
20	39	20
21	39	0
22	39	0
23	39	0
0	40	4
1	40	0
2	40	2
3	40	11
4	40	18
5	40	21
6	40	26
7	40	21
8	40	25
9	40	13
10	40	21
11	40	48
12	40	20
13	40	23
14	40	20
15	40	23
16	40	31
17	40	30
18	40	33
19	40	13
20	40	30
21	40	9
22	40	2
23	40	2
0	41	23
1	41	0
2	41	23
3	41	0
4	41	12
5	41	44
6	41	23
7	41	0
8	41	23
9	41	0
10	41	0
11	41	53
12	41	44
13	41	53
14	41	44
15	41	34
16	41	123
17	41	12
18	41	53
19	41	23
20	41	12
21	41	23
22	41	53
23	41	0
0	42	0
1	42	0
2	42	0
3	42	0
4	42	0
5	42	0
6	42	135
7	42	0
8	42	50
9	42	26
10	42	26
11	42	50
12	42	26
13	42	0
14	42	26
15	42	26
16	42	0
17	42	26
18	42	0
19	42	50
20	42	0
21	42	26
22	42	0
23	42	0
0	43	0
1	43	0
2	43	3
3	43	3
4	43	9
5	43	6
6	43	14
7	43	12
8	43	14
9	43	22
10	43	3
11	43	9
12	43	12
13	43	38
14	43	12
15	43	20
16	43	17
17	43	35
18	43	28
19	43	30
20	43	12
21	43	20
22	43	0
23	43	6
0	44	0
1	44	0
2	44	0
3	44	0
4	44	0
5	44	72
6	44	0
7	44	0
8	44	0
9	44	0
10	44	0
11	44	0
12	44	0
13	44	0
14	44	0
15	44	0
16	44	72
17	44	0
18	44	123
19	44	0
20	44	0
21	44	0
22	44	0
23	44	0
0	45	2
1	45	2
2	45	2
3	45	4
4	45	9
5	45	11
6	45	13
7	45	13
8	45	13
9	45	13
10	45	12
11	45	13
12	45	13
13	45	12
14	45	12
15	45	12
16	45	13
17	45	14
18	45	16
19	45	15
20	45	11
21	45	7
22	45	4
23	45	2
0	46	0
1	46	0
2	46	0
3	46	0
4	46	0
5	46	0
6	46	0
7	46	0
8	46	28
9	46	0
10	46	0
11	46	0
12	46	0
13	46	0
14	46	0
15	46	10
16	46	36
17	46	44
18	46	19
19	46	28
20	46	44
21	46	0
22	46	10
23	46	0
0	47	0
1	47	0
2	47	0
3	47	0
4	47	0
5	47	0
6	47	0
7	47	0
8	47	0
9	47	0
10	47	0
11	47	0
12	47	0
13	47	0
14	47	0
15	47	0
16	47	0
17	47	0
18	47	0
19	47	0
20	47	0
21	47	0
22	47	0
23	47	0
0	48	0
1	48	0
2	48	0
3	48	9
4	48	41
5	48	18
6	48	0
7	48	26
8	48	18
9	48	26
10	48	33
11	48	18
12	48	9
13	48	33
14	48	33
15	48	9
16	48	55
17	48	9
18	48	41
19	48	0
20	48	9
21	48	9
22	48	33
23	48	0
0	49	0
1	49	0
2	49	0
3	49	0
4	49	46
5	49	0
6	49	0
7	49	46
8	49	0
9	49	24
10	49	0
11	49	0
12	49	24
13	49	0
14	49	24
15	49	0
16	49	46
17	49	99
18	49	46
19	49	0
20	49	65
21	49	24
22	49	0
23	49	0
0	50	0
1	50	0
2	50	0
3	50	0
4	50	12
5	50	23
6	50	12
7	50	0
8	50	23
9	50	0
10	50	0
11	50	0
12	50	23
13	50	12
14	50	0
15	50	0
16	50	0
17	50	12
18	50	44
19	50	34
20	50	23
21	50	0
22	50	12
23	50	0
0	51	3
1	51	4
2	51	4
3	51	8
4	51	14
5	51	32
6	51	19
7	51	27
8	51	15
9	51	15
10	51	14
11	51	22
12	51	22
13	51	19
14	51	22
15	51	31
16	51	23
17	51	33
18	51	31
19	51	39
20	51	36
21	51	16
22	51	15
23	51	5
0	52	0
1	52	0
2	52	0
3	52	0
4	52	47
5	52	47
6	52	0
7	52	0
8	52	47
9	52	0
10	52	0
11	52	47
12	52	0
13	52	0
14	52	0
15	52	0
16	52	0
17	52	0
18	52	0
19	52	0
20	52	0
21	52	0
22	52	0
23	52	0
0	53	37
1	53	95
2	53	0
3	53	154
4	53	118
5	53	0
6	53	0
7	53	0
8	53	37
9	53	37
10	53	0
11	53	0
12	53	0
13	53	0
14	53	68
15	53	37
16	53	68
17	53	68
18	53	37
19	53	0
20	53	0
21	53	0
22	53	0
23	53	0
0	54	2
1	54	1
2	54	1
3	54	4
4	54	9
5	54	12
6	54	14
7	54	19
8	54	8
9	54	13
10	54	11
11	54	11
12	54	12
13	54	18
14	54	9
15	54	14
16	54	13
17	54	14
18	54	16
19	54	18
20	54	12
21	54	4
22	54	4
23	54	2
0	55	0
1	55	0
2	55	34
3	55	0
4	55	18
5	55	63
6	55	49
7	55	0
8	55	34
9	55	34
10	55	0
11	55	49
12	55	0
13	55	34
14	55	34
15	55	34
16	55	63
17	55	0
18	55	49
19	55	49
20	55	63
21	55	49
22	55	49
23	55	0
0	56	4
1	56	0
2	56	4
3	56	7
4	56	18
5	56	28
6	56	29
7	56	19
8	56	31
9	56	25
10	56	16
11	56	37
12	56	31
13	56	35
14	56	25
15	56	22
16	56	26
17	56	25
18	56	24
19	56	41
20	56	19
21	56	11
22	56	11
23	56	0
0	57	3
1	57	2
2	57	3
3	57	6
4	57	12
5	57	16
6	57	17
7	57	16
8	57	17
9	57	17
10	57	17
11	57	17
12	57	17
13	57	16
14	57	16
15	57	16
16	57	18
17	57	19
18	57	20
19	57	20
20	57	16
21	57	9
22	57	5
23	57	3
0	58	0
1	58	0
2	58	0
3	58	0
4	58	12
5	58	27
6	58	12
7	58	47
8	58	168
9	58	12
10	58	27
11	58	6
12	58	6
13	58	17
14	58	0
15	58	12
16	58	22
17	58	0
18	58	42
19	58	37
20	58	27
21	58	0
22	58	0
23	58	0
0	59	2
1	59	1
2	59	2
3	59	3
4	59	6
5	59	9
6	59	11
7	59	12
8	59	15
9	59	16
10	59	13
11	59	8
12	59	13
13	59	10
14	59	13
15	59	13
16	59	13
17	59	12
18	59	15
19	59	16
20	59	10
21	59	7
22	59	5
23	59	1
0	60	0
1	60	0
2	60	21
3	60	16
4	60	26
5	60	31
6	60	74
7	60	11
8	60	16
9	60	45
10	60	16
11	60	11
12	60	21
13	60	31
14	60	21
15	60	40
16	60	31
17	60	62
18	60	21
19	60	58
20	60	49
21	60	21
22	60	6
23	60	6
0	61	0
1	61	0
2	61	0
3	61	0
4	61	0
5	61	0
6	61	0
7	61	0
8	61	0
9	61	14
10	61	0
11	61	26
12	61	26
13	61	26
14	61	26
15	61	0
16	61	0
17	61	0
18	61	14
19	61	0
20	61	49
21	61	14
22	61	0
23	61	14
0	62	0
1	62	0
2	62	0
3	62	0
4	62	0
5	62	0
6	62	0
7	62	0
8	62	0
9	62	0
10	62	0
11	62	0
12	62	0
13	62	0
14	62	253
15	62	0
16	62	0
17	62	0
18	62	0
19	62	0
20	62	0
21	62	0
22	62	0
23	62	0
0	63	0
1	63	0
2	63	0
3	63	5
4	63	21
5	63	0
6	63	9
7	63	9
8	63	21
9	63	0
10	63	9
11	63	21
12	63	9
13	63	9
14	63	0
15	63	13
16	63	33
17	63	5
18	63	13
19	63	17
20	63	33
21	63	17
22	63	5
23	63	0
0	64	0
1	64	0
2	64	0
3	64	8
4	64	27
5	64	12
6	64	20
7	64	16
8	64	29
9	64	27
10	64	16
11	64	20
12	64	12
13	64	26
14	64	7
15	64	12
16	64	22
17	64	50
18	64	14
19	64	53
20	64	29
21	64	12
22	64	7
23	64	5
0	65	5
1	65	5
2	65	9
3	65	2
4	65	3
5	65	9
6	65	13
7	65	14
8	65	24
9	65	31
10	65	23
11	65	20
12	65	19
13	65	26
14	65	29
15	65	30
16	65	22
17	65	45
18	65	36
19	65	25
20	65	19
21	65	14
22	65	13
23	65	2
0	66	0
1	66	16
2	66	0
3	66	0
4	66	8
5	66	8
6	66	16
7	66	0
8	66	0
9	66	16
10	66	16
11	66	0
12	66	8
13	66	37
14	66	16
15	66	37
16	66	44
17	66	16
18	66	30
19	66	8
20	66	8
21	66	0
22	66	0
23	66	0
0	67	0
1	67	0
2	67	0
3	67	0
4	67	0
5	67	0
6	67	0
7	67	0
8	67	0
9	67	0
10	67	0
11	67	0
12	67	0
13	67	38
14	67	38
15	67	38
16	67	38
17	67	38
18	67	0
19	67	120
20	67	0
21	67	0
22	67	0
23	67	0
0	68	0
1	68	0
2	68	0
3	68	0
4	68	0
5	68	0
6	68	0
7	68	0
8	68	0
9	68	0
10	68	0
11	68	0
12	68	0
13	68	253
14	68	0
15	68	0
16	68	0
17	68	0
18	68	0
19	68	0
20	68	0
21	68	0
22	68	0
23	68	0
0	69	0
1	69	0
2	69	22
3	69	12
4	69	12
5	69	12
6	69	33
7	69	33
8	69	6
9	69	33
10	69	12
11	69	6
12	69	12
13	69	17
14	69	12
15	69	0
16	69	22
17	69	22
18	69	37
19	69	12
20	69	0
21	69	17
22	69	22
23	69	6
0	70	0
1	70	2
2	70	3
3	70	7
4	70	22
5	70	32
6	70	19
7	70	18
8	70	19
9	70	26
10	70	16
11	70	31
12	70	12
13	70	24
14	70	15
15	70	15
16	70	16
17	70	30
18	70	20
19	70	20
20	70	18
21	70	8
22	70	5
23	70	0
0	71	3
1	71	0
2	71	0
3	71	0
4	71	6
5	71	11
6	71	19
7	71	17
8	71	9
9	71	22
10	71	17
11	71	25
12	71	11
13	71	25
14	71	27
15	71	11
16	71	14
17	71	9
18	71	27
19	71	32
20	71	17
21	71	11
22	71	6
23	71	0
0	72	0
1	72	0
2	72	0
3	72	0
4	72	35
5	72	24
6	72	0
7	72	13
8	72	13
9	72	13
10	72	0
11	72	0
12	72	0
13	72	24
14	72	13
15	72	13
16	72	0
17	72	13
18	72	13
19	72	13
20	72	13
21	72	0
22	72	0
23	72	0
0	73	0
1	73	0
2	73	0
3	73	0
4	73	0
5	73	50
6	73	0
7	73	0
8	73	71
9	73	0
10	73	0
11	73	26
12	73	89
13	73	26
14	73	26
15	73	0
16	73	89
17	73	0
18	73	26
19	73	0
20	73	0
21	73	26
22	73	0
23	73	0
0	74	0
1	74	3
2	74	12
3	74	6
4	74	22
5	74	14
6	74	9
7	74	22
8	74	14
9	74	17
10	74	3
11	74	27
12	74	27
13	74	12
14	74	17
15	74	22
16	74	12
17	74	9
18	74	22
19	74	25
20	74	12
21	74	6
22	74	6
23	74	3
0	75	0
1	75	0
2	75	0
3	75	0
4	75	0
5	75	0
6	75	0
7	75	0
8	75	41
9	75	22
10	75	0
11	75	0
12	75	22
13	75	22
14	75	0
15	75	0
16	75	59
17	75	22
18	75	90
19	75	0
20	75	0
21	75	0
22	75	0
23	75	0
0	76	2
1	76	0
2	76	0
3	76	2
4	76	9
5	76	13
6	76	13
7	76	16
8	76	11
9	76	18
10	76	14
11	76	16
12	76	14
13	76	17
14	76	18
15	76	13
16	76	16
17	76	16
18	76	22
19	76	17
20	76	17
21	76	7
22	76	2
23	76	1
0	77	7
1	77	10
2	77	10
3	77	10
4	77	42
5	77	48
6	77	34
7	77	25
8	77	14
9	77	20
10	77	17
11	77	18
12	77	26
13	77	19
14	77	26
15	77	29
16	77	41
17	77	43
18	77	44
19	77	28
20	77	61
21	77	17
22	77	8
23	77	8
0	78	9
1	78	3
2	78	3
3	78	0
4	78	9
5	78	23
6	78	20
7	78	33
8	78	17
9	78	28
10	78	23
11	78	15
12	78	43
13	78	41
14	78	28
15	78	17
16	78	15
17	78	31
18	78	36
19	78	17
20	78	20
21	78	12
22	78	0
23	78	3
0	79	0
1	79	0
2	79	0
3	79	0
4	79	0
5	79	0
6	79	47
7	79	0
8	79	0
9	79	0
10	79	0
11	79	0
12	79	0
13	79	0
14	79	0
15	79	0
16	79	0
17	79	0
18	79	47
19	79	0
20	79	0
21	79	0
22	79	0
23	79	47
0	80	2
1	80	2
2	80	1
3	80	4
4	80	6
5	80	7
6	80	8
7	80	9
8	80	9
9	80	10
10	80	11
11	80	7
12	80	10
13	80	9
14	80	8
15	80	10
16	80	9
17	80	8
18	80	11
19	80	10
20	80	9
21	80	5
22	80	2
23	80	1
0	81	0
1	81	0
2	81	0
3	81	0
4	81	0
5	81	0
6	81	0
7	81	0
8	81	0
9	81	0
10	81	0
11	81	0
12	81	0
13	81	29
14	81	0
15	81	29
16	81	29
17	81	0
18	81	77
19	81	77
20	81	0
21	81	0
22	81	0
23	81	0
0	82	0
1	82	0
2	82	0
3	82	35
4	82	55
5	82	98
6	82	13
7	82	35
8	82	13
9	82	35
10	82	24
11	82	0
12	82	0
13	82	13
14	82	45
15	82	24
16	82	24
17	82	65
18	82	13
19	82	24
20	82	55
21	82	0
22	82	0
23	82	35
0	83	0
1	83	0
2	83	0
3	83	11
4	83	11
5	83	30
6	83	65
7	83	21
8	83	21
9	83	0
10	83	11
11	83	11
12	83	57
13	83	0
14	83	30
15	83	11
16	83	21
17	83	48
18	83	30
19	83	48
20	83	11
21	83	30
22	83	57
23	83	11
0	84	5
1	84	5
2	84	0
3	84	0
4	84	0
5	84	5
6	84	28
7	84	15
8	84	32
9	84	48
10	84	23
11	84	23
12	84	19
13	84	0
14	84	19
15	84	40
16	84	5
17	84	15
18	84	23
19	84	19
20	84	0
21	84	15
22	84	0
23	84	0
0	85	3
1	85	1
2	85	2
3	85	5
4	85	12
5	85	16
6	85	14
7	85	14
8	85	15
9	85	14
10	85	15
11	85	14
12	85	15
13	85	14
14	85	17
15	85	15
16	85	17
17	85	20
18	85	19
19	85	20
20	85	14
21	85	8
22	85	4
23	85	3
0	86	2
1	86	1
2	86	2
3	86	6
4	86	13
5	86	15
6	86	19
7	86	14
8	86	15
9	86	16
10	86	17
11	86	19
12	86	16
13	86	11
14	86	14
15	86	13
16	86	14
17	86	20
18	86	21
19	86	30
20	86	16
21	86	8
22	86	5
23	86	3
0	87	6
1	87	6
2	87	6
3	87	6
4	87	34
5	87	29
6	87	11
7	87	0
8	87	11
9	87	6
10	87	0
11	87	11
12	87	29
13	87	6
14	87	15
15	87	29
16	87	51
17	87	15
18	87	29
19	87	29
20	87	6
21	87	25
22	87	20
23	87	20
0	88	0
1	88	0
2	88	0
3	88	0
4	88	0
5	88	0
6	88	0
7	88	0
8	88	0
9	88	0
10	88	0
11	88	95
12	88	0
13	88	0
14	88	95
15	88	0
16	88	0
17	88	0
18	88	0
19	88	0
20	88	0
21	88	0
22	88	0
23	88	0
0	89	0
1	89	0
2	89	0
3	89	9
4	89	5
5	89	0
6	89	24
7	89	5
8	89	16
9	89	20
10	89	28
11	89	16
12	89	9
13	89	9
14	89	16
15	89	20
16	89	28
17	89	20
18	89	24
19	89	38
20	89	28
21	89	16
22	89	0
23	89	9
0	90	0
1	90	15
2	90	0
3	90	0
4	90	15
5	90	22
6	90	22
7	90	8
8	90	8
9	90	0
10	90	22
11	90	8
12	90	8
13	90	36
14	90	22
15	90	8
16	90	15
17	90	15
18	90	42
19	90	36
20	90	8
21	90	8
22	90	8
23	90	0
0	91	0
1	91	2
2	91	4
3	91	7
4	91	28
5	91	14
6	91	15
7	91	22
8	91	19
9	91	22
10	91	11
11	91	26
12	91	41
13	91	26
14	91	29
15	91	26
16	91	14
17	91	31
18	91	50
19	91	32
20	91	34
21	91	19
22	91	19
23	91	6
0	92	0
1	92	0
2	92	0
3	92	30
4	92	30
5	92	30
6	92	0
7	92	30
8	92	98
9	92	0
10	92	0
11	92	30
12	92	0
13	92	30
14	92	78
15	92	55
16	92	78
17	92	30
18	92	55
19	92	55
20	92	0
21	92	0
22	92	0
23	92	0
0	93	0
1	93	0
2	93	0
3	93	0
4	93	6
5	93	6
6	93	12
7	93	17
8	93	33
9	93	6
10	93	33
11	93	6
12	93	38
13	93	17
14	93	6
15	93	28
16	93	23
17	93	12
18	93	43
19	93	12
20	93	43
21	93	23
22	93	6
23	93	0
0	94	0
1	94	0
2	94	0
3	94	0
4	94	26
5	94	26
6	94	40
7	94	11
8	94	62
9	94	26
10	94	26
11	94	36
12	94	36
13	94	54
14	94	11
15	94	11
16	94	36
17	94	45
18	94	49
19	94	62
20	94	16
21	94	26
22	94	11
23	94	6
0	95	2
1	95	1
2	95	2
3	95	6
4	95	12
5	95	17
6	95	20
7	95	22
8	95	21
9	95	16
10	95	19
11	95	21
12	95	21
13	95	19
14	95	19
15	95	22
16	95	30
17	95	29
18	95	26
19	95	38
20	95	26
21	95	7
22	95	5
23	95	2
0	96	8
1	96	0
2	96	0
3	96	8
4	96	19
5	96	12
6	96	0
7	96	16
8	96	19
9	96	30
10	96	19
11	96	4
12	96	12
13	96	23
14	96	34
15	96	16
16	96	34
17	96	16
18	96	27
19	96	37
20	96	19
21	96	23
22	96	16
23	96	0
0	97	0
1	97	0
2	97	0
3	97	0
4	97	0
5	97	0
6	97	0
7	97	0
8	97	0
9	97	0
10	97	0
11	97	0
12	97	0
13	97	0
14	97	0
15	97	0
16	97	0
17	97	0
18	97	0
19	97	0
20	97	0
21	97	0
22	97	0
23	97	0
0	98	0
1	98	0
2	98	0
3	98	0
4	98	0
5	98	0
6	98	0
7	98	0
8	98	0
9	98	0
10	98	0
11	98	0
12	98	0
13	98	0
14	98	0
15	98	0
16	98	0
17	98	0
18	98	0
19	98	0
20	98	0
21	98	0
22	98	0
23	98	0
0	99	0
1	99	0
2	99	13
3	99	13
4	99	25
5	99	25
6	99	13
7	99	0
8	99	47
9	99	13
10	99	0
11	99	0
12	99	36
13	99	25
14	99	13
15	99	25
16	99	36
17	99	25
18	99	67
19	99	47
20	99	36
21	99	0
22	99	0
23	99	0
0	100	0
1	100	0
2	100	0
3	100	12
4	100	12
5	100	55
6	100	12
7	100	12
8	100	12
9	100	45
10	100	12
11	100	45
12	100	45
13	100	24
14	100	45
15	100	35
16	100	24
17	100	24
18	100	35
19	100	35
20	100	24
21	100	12
22	100	0
23	100	0
0	101	0
1	101	10
2	101	0
3	101	0
4	101	10
5	101	27
6	101	0
7	101	10
8	101	18
9	101	18
10	101	18
11	101	10
12	101	0
13	101	18
14	101	35
15	101	0
16	101	10
17	101	18
18	101	18
19	101	27
20	101	43
21	101	10
22	101	0
23	101	0
0	102	3
1	102	1
2	102	7
3	102	6
4	102	13
5	102	14
6	102	22
7	102	15
8	102	21
9	102	17
10	102	18
11	102	17
12	102	16
13	102	13
14	102	13
15	102	22
16	102	23
17	102	26
18	102	33
19	102	33
20	102	17
21	102	12
22	102	6
23	102	3
0	103	0
1	103	0
2	103	0
3	103	9
4	103	16
5	103	14
6	103	23
7	103	23
8	103	15
9	103	18
10	103	17
11	103	20
12	103	24
13	103	23
14	103	22
15	103	17
16	103	19
17	103	25
18	103	23
19	103	18
20	103	17
21	103	6
22	103	7
23	103	3
0	104	0
1	104	0
2	104	0
3	104	9
4	104	55
5	104	9
6	104	18
7	104	26
8	104	18
9	104	33
10	104	48
11	104	0
12	104	48
13	104	62
14	104	26
15	104	26
16	104	26
17	104	26
18	104	41
19	104	48
20	104	18
21	104	9
22	104	0
23	104	0
0	105	0
1	105	0
2	105	0
3	105	0
4	105	39
5	105	20
6	105	20
7	105	85
8	105	0
9	105	0
10	105	98
11	105	20
12	105	0
13	105	0
14	105	0
15	105	20
16	105	20
17	105	39
18	105	0
19	105	39
20	105	39
21	105	0
22	105	0
23	105	0
0	106	0
1	106	0
2	106	11
3	106	0
4	106	0
5	106	31
6	106	11
7	106	0
8	106	0
9	106	40
10	106	31
11	106	40
12	106	11
13	106	0
14	106	31
15	106	11
16	106	11
17	106	31
18	106	31
19	106	31
20	106	40
21	106	11
22	106	21
23	106	0
0	107	0
1	107	5
2	107	6
3	107	5
4	107	20
5	107	42
6	107	23
7	107	16
8	107	30
9	107	19
10	107	20
11	107	10
12	107	21
13	107	38
14	107	30
15	107	21
16	107	21
17	107	34
18	107	39
19	107	29
20	107	12
21	107	21
22	107	6
23	107	3
0	108	4
1	108	5
2	108	3
3	108	12
4	108	25
5	108	17
6	108	17
7	108	23
8	108	28
9	108	27
10	108	21
11	108	23
12	108	15
13	108	13
14	108	19
15	108	18
16	108	29
17	108	31
18	108	29
19	108	38
20	108	28
21	108	12
22	108	5
23	108	4
0	109	0
1	109	4
2	109	0
3	109	4
4	109	27
5	109	34
6	109	23
7	109	34
8	109	27
9	109	27
10	109	16
11	109	20
12	109	60
13	109	37
14	109	31
15	109	31
16	109	31
17	109	12
18	109	44
19	109	31
20	109	8
21	109	34
22	109	23
23	109	0
0	110	3
1	110	2
2	110	3
3	110	5
4	110	11
5	110	12
6	110	14
7	110	11
8	110	13
9	110	15
10	110	12
11	110	13
12	110	11
13	110	13
14	110	13
15	110	12
16	110	14
17	110	17
18	110	16
19	110	15
20	110	12
21	110	7
22	110	5
23	110	4
0	111	0
1	111	82
2	111	137
3	111	0
4	111	0
5	111	0
6	111	0
7	111	0
8	111	0
9	111	0
10	111	0
11	111	82
12	111	0
13	111	82
14	111	175
15	111	0
16	111	0
17	111	0
18	111	82
19	111	0
20	111	0
21	111	0
22	111	0
23	111	0
0	112	0
1	112	0
2	112	0
3	112	0
4	112	36
5	112	13
6	112	13
7	112	25
8	112	13
9	112	25
10	112	0
11	112	0
12	112	36
13	112	25
14	112	13
15	112	0
16	112	25
17	112	47
18	112	36
19	112	13
20	112	13
21	112	13
22	112	13
23	112	13
0	113	16
1	113	9
2	113	0
3	113	0
4	113	9
5	113	24
6	113	24
7	113	9
8	113	9
9	113	31
10	113	16
11	113	31
12	113	52
13	113	38
14	113	52
15	113	45
16	113	58
17	113	38
18	113	38
19	113	31
20	113	52
21	113	71
22	113	31
23	113	0
0	114	0
1	114	0
2	114	0
3	114	0
4	114	0
5	114	0
6	114	0
7	114	0
8	114	0
9	114	0
10	114	0
11	114	0
12	114	0
13	114	0
14	114	0
15	114	0
16	114	0
17	114	0
18	114	95
19	114	0
20	114	95
21	114	95
22	114	95
23	114	0
0	115	0
1	115	12
2	115	6
3	115	6
4	115	12
5	115	34
6	115	23
7	115	6
8	115	12
9	115	29
10	115	12
11	115	29
12	115	49
13	115	34
14	115	49
15	115	23
16	115	34
17	115	49
18	115	39
19	115	54
20	115	44
21	115	29
22	115	0
23	115	0
0	116	0
1	116	0
2	116	0
3	116	0
4	116	0
5	116	51
6	116	0
7	116	0
8	116	51
9	116	0
10	116	51
11	116	0
12	116	0
13	116	0
14	116	0
15	116	0
16	116	51
17	116	0
18	116	0
19	116	51
20	116	91
21	116	51
22	116	0
23	116	0
0	117	0
1	117	0
2	117	0
3	117	0
4	117	28
5	117	0
6	117	52
7	117	0
8	117	52
9	117	28
10	117	0
11	117	0
12	117	0
13	117	0
14	117	0
15	117	73
16	117	93
17	117	52
18	117	73
19	117	73
20	117	52
21	117	0
22	117	0
23	117	0
0	118	0
1	118	0
2	118	0
3	118	0
4	118	0
5	118	72
6	118	72
7	118	39
8	118	0
9	118	0
10	118	0
11	118	0
12	118	0
13	118	0
14	118	0
15	118	72
16	118	0
17	118	0
18	118	0
19	118	72
20	118	100
21	118	0
22	118	0
23	118	39
0	119	0
1	119	0
2	119	0
3	119	0
4	119	0
5	119	0
6	119	0
7	119	0
8	119	0
9	119	0
10	119	0
11	119	0
12	119	0
13	119	123
14	119	160
15	119	0
16	119	0
17	119	0
18	119	187
19	119	0
20	119	0
21	119	0
22	119	0
23	119	0
0	120	0
1	120	0
2	120	1
3	120	9
4	120	8
5	120	12
6	120	7
7	120	8
8	120	6
9	120	9
10	120	7
11	120	2
12	120	4
13	120	10
14	120	6
15	120	8
16	120	11
17	120	7
18	120	11
19	120	11
20	120	6
21	120	4
22	120	4
23	120	4
0	121	0
1	121	0
2	121	0
3	121	38
4	121	24
5	121	9
6	121	38
7	121	24
8	121	24
9	121	24
10	121	45
11	121	0
12	121	16
13	121	9
14	121	38
15	121	58
16	121	9
17	121	16
18	121	16
19	121	24
20	121	24
21	121	24
22	121	31
23	121	0
0	122	0
1	122	0
2	122	0
3	122	0
4	122	0
5	122	0
6	122	0
7	122	0
8	122	0
9	122	0
10	122	0
11	122	0
12	122	0
13	122	253
14	122	0
15	122	0
16	122	0
17	122	0
18	122	0
19	122	0
20	122	0
21	122	0
22	122	0
23	122	0
0	123	0
1	123	0
2	123	18
3	123	0
4	123	49
5	123	63
6	123	89
7	123	0
8	123	34
9	123	18
10	123	18
11	123	0
12	123	18
13	123	0
14	123	34
15	123	34
16	123	18
17	123	18
18	123	34
19	123	0
20	123	63
21	123	34
22	123	0
23	123	0
0	124	3
1	124	3
2	124	3
3	124	5
4	124	9
5	124	11
6	124	12
7	124	12
8	124	11
9	124	12
10	124	11
11	124	12
12	124	12
13	124	11
14	124	12
15	124	12
16	124	13
17	124	13
18	124	14
19	124	13
20	124	12
21	124	8
22	124	5
23	124	4
0	125	0
1	125	12
2	125	0
3	125	0
4	125	34
5	125	12
6	125	54
7	125	34
8	125	23
9	125	88
10	125	12
11	125	23
12	125	12
13	125	12
14	125	12
15	125	0
16	125	0
17	125	12
18	125	54
19	125	12
20	125	23
21	125	12
22	125	0
23	125	0
0	126	0
1	126	0
2	126	0
3	126	0
4	126	24
5	126	24
6	126	0
7	126	0
8	126	65
9	126	65
10	126	0
11	126	46
12	126	24
13	126	0
14	126	0
15	126	0
16	126	0
17	126	24
18	126	0
19	126	24
20	126	0
21	126	0
22	126	0
23	126	0
0	127	0
1	127	5
2	127	10
3	127	4
4	127	24
5	127	24
6	127	22
7	127	29
8	127	23
9	127	24
10	127	16
11	127	14
12	127	26
13	127	23
14	127	17
15	127	24
16	127	8
17	127	26
18	127	26
19	127	29
20	127	27
21	127	11
22	127	5
23	127	5
0	128	0
1	128	0
2	128	0
3	128	0
4	128	29
5	128	29
6	128	15
7	128	15
8	128	54
9	128	15
10	128	41
11	128	54
12	128	0
13	128	15
14	128	0
15	128	15
16	128	0
17	128	54
18	128	41
19	128	96
20	128	29
21	128	54
22	128	0
23	128	0
0	129	0
1	129	0
2	129	9
3	129	9
4	129	9
5	129	59
6	129	9
7	129	26
8	129	13
9	129	45
10	129	48
11	129	13
12	129	13
13	129	37
14	129	22
15	129	45
16	129	34
17	129	30
18	129	9
19	129	26
20	129	13
21	129	34
22	129	9
23	129	5
0	130	3
1	130	0
2	130	6
3	130	8
4	130	8
5	130	18
6	130	30
7	130	18
8	130	25
9	130	18
10	130	18
11	130	11
12	130	21
13	130	34
14	130	25
15	130	18
16	130	11
17	130	25
18	130	32
19	130	25
20	130	16
21	130	11
22	130	8
23	130	6
0	131	0
1	131	0
2	131	0
3	131	0
4	131	0
5	131	0
6	131	0
7	131	0
8	131	0
9	131	0
10	131	0
11	131	0
12	131	0
13	131	0
14	131	0
15	131	0
16	131	51
17	131	0
18	131	0
19	131	51
20	131	0
21	131	0
22	131	0
23	131	0
0	132	0
1	132	6
2	132	0
3	132	12
4	132	12
5	132	48
6	132	23
7	132	0
8	132	12
9	132	23
10	132	23
11	132	43
12	132	28
13	132	43
14	132	28
15	132	12
16	132	23
17	132	23
18	132	48
19	132	28
20	132	28
21	132	12
22	132	0
23	132	0
0	133	0
1	133	0
2	133	13
3	133	5
4	133	5
5	133	29
6	133	25
7	133	5
8	133	21
9	133	17
10	133	9
11	133	13
12	133	17
13	133	33
14	133	9
15	133	21
16	133	21
17	133	17
18	133	29
19	133	21
20	133	44
21	133	5
22	133	9
23	133	0
0	134	13
1	134	0
2	134	0
3	134	5
4	134	13
5	134	17
6	134	21
7	134	9
8	134	29
9	134	0
10	134	5
11	134	21
12	134	5
13	134	17
14	134	21
15	134	25
16	134	17
17	134	37
18	134	37
19	134	40
20	134	13
21	134	13
22	134	17
23	134	5
0	135	17
1	135	0
2	135	0
3	135	0
4	135	17
5	135	17
6	135	48
7	135	0
8	135	33
9	135	33
10	135	48
11	135	17
12	135	33
13	135	17
14	135	17
15	135	33
16	135	17
17	135	108
18	135	17
19	135	0
20	135	17
21	135	33
22	135	17
23	135	0
0	136	52
1	136	28
2	136	0
3	136	28
4	136	0
5	136	0
6	136	52
7	136	73
8	136	0
9	136	28
10	136	0
11	136	28
12	136	28
13	136	28
14	136	0
15	136	0
16	136	0
17	136	52
18	136	52
19	136	0
20	136	0
21	136	0
22	136	0
23	136	0
0	137	0
1	137	0
2	137	0
3	137	0
4	137	0
5	137	0
6	137	160
7	137	123
8	137	0
9	137	0
10	137	0
11	137	0
12	137	0
13	137	72
14	137	0
15	137	0
16	137	0
17	137	0
18	137	0
19	137	0
20	137	0
21	137	0
22	137	0
23	137	0
0	138	0
1	138	0
2	138	7
3	138	14
4	138	20
5	138	26
6	138	32
7	138	26
8	138	20
9	138	7
10	138	26
11	138	7
12	138	7
13	138	14
14	138	7
15	138	26
16	138	32
17	138	32
18	138	93
19	138	60
20	138	0
21	138	7
22	138	14
23	138	7
0	139	0
1	139	0
2	139	12
3	139	0
4	139	0
5	139	0
6	139	33
7	139	0
8	139	23
9	139	23
10	139	12
11	139	12
12	139	0
13	139	12
14	139	12
15	139	12
16	139	12
17	139	23
18	139	12
19	139	23
20	139	43
21	139	0
22	139	0
23	139	12
0	140	0
1	140	0
2	140	0
3	140	0
4	140	0
5	140	0
6	140	0
7	140	0
8	140	0
9	140	0
10	140	137
11	140	0
12	140	0
13	140	0
14	140	230
15	140	0
16	140	0
17	140	0
18	140	0
19	140	0
20	140	0
21	140	0
22	140	0
23	140	0
0	141	0
1	141	0
2	141	22
3	141	0
4	141	15
5	141	15
6	141	22
7	141	15
8	141	29
9	141	8
10	141	54
11	141	29
12	141	0
13	141	29
14	141	8
15	141	22
16	141	15
17	141	15
18	141	29
19	141	54
20	141	15
21	141	0
22	141	8
23	141	0
0	142	0
1	142	0
2	142	0
3	142	0
4	142	16
5	142	6
6	142	26
7	142	21
8	142	6
9	142	31
10	142	26
11	142	21
12	142	6
13	142	16
14	142	31
15	142	31
16	142	11
17	142	31
18	142	49
19	142	40
20	142	31
21	142	6
22	142	0
23	142	31
0	143	0
1	143	0
2	143	0
3	143	0
4	143	51
5	143	0
6	143	0
7	143	108
8	143	0
9	143	0
10	143	91
11	143	27
12	143	27
13	143	51
14	143	72
15	143	0
16	143	27
17	143	91
18	143	51
19	143	0
20	143	51
21	143	0
22	143	0
23	143	0
0	144	0
1	144	0
2	144	0
3	144	0
4	144	0
5	144	19
6	144	0
7	144	19
8	144	19
9	144	37
10	144	0
11	144	37
12	144	0
13	144	0
14	144	37
15	144	0
16	144	19
17	144	0
18	144	0
19	144	19
20	144	0
21	144	19
22	144	0
23	144	0
0	145	3
1	145	0
2	145	0
3	145	0
4	145	8
5	145	17
6	145	19
7	145	12
8	145	14
9	145	14
10	145	12
11	145	5
12	145	14
13	145	10
14	145	5
15	145	3
16	145	14
17	145	8
18	145	5
19	145	21
20	145	0
21	145	5
22	145	3
23	145	3
0	146	0
1	146	0
2	146	7
3	146	0
4	146	45
5	146	39
6	146	33
7	146	21
8	146	27
9	146	39
10	146	39
11	146	51
12	146	7
13	146	21
14	146	33
15	146	51
16	146	21
17	146	0
18	146	51
19	146	45
20	146	51
21	146	45
22	146	0
23	146	14
0	147	5
1	147	0
2	147	5
3	147	5
4	147	5
5	147	9
6	147	5
7	147	9
8	147	9
9	147	13
10	147	13
11	147	33
12	147	17
13	147	25
14	147	33
15	147	29
16	147	21
17	147	5
18	147	17
19	147	25
20	147	9
21	147	9
22	147	5
23	147	0
0	148	0
1	148	0
2	148	0
3	148	0
4	148	0
5	148	25
6	148	25
7	148	0
8	148	0
9	148	48
10	148	0
11	148	68
12	148	25
13	148	25
14	148	25
15	148	0
16	148	0
17	148	25
18	148	48
19	148	25
20	148	0
21	148	48
22	148	0
23	148	0
0	149	0
1	149	0
2	149	0
3	149	25
4	149	25
5	149	48
6	149	48
7	149	48
8	149	25
9	149	0
10	149	48
11	149	0
12	149	48
13	149	0
14	149	48
15	149	68
16	149	68
17	149	0
18	149	25
19	149	25
20	149	25
21	149	0
22	149	0
23	149	0
0	150	3
1	150	0
2	150	0
3	150	3
4	150	14
5	150	49
6	150	24
7	150	32
8	150	16
9	150	26
10	150	40
11	150	26
12	150	32
13	150	47
14	150	38
15	150	36
16	150	42
17	150	43
18	150	20
19	150	24
20	150	22
21	150	22
22	150	7
23	150	0
0	151	0
1	151	0
2	151	0
3	151	0
4	151	0
5	151	0
6	151	0
7	151	0
8	151	0
9	151	82
10	151	0
11	151	82
12	151	0
13	151	0
14	151	82
15	151	0
16	151	0
17	151	0
18	151	0
19	151	0
20	151	0
21	151	0
22	151	0
23	151	0
0	152	0
1	152	0
2	152	0
3	152	0
4	152	14
5	152	38
6	152	38
7	152	26
8	152	49
9	152	0
10	152	0
11	152	14
12	152	38
13	152	14
14	152	14
15	152	26
16	152	88
17	152	79
18	152	14
19	152	59
20	152	0
21	152	0
22	152	0
23	152	0
0	153	0
1	153	0
2	153	0
3	153	0
4	153	19
5	153	52
6	153	19
7	153	19
8	153	19
9	153	0
10	153	52
11	153	19
12	153	52
13	153	0
14	153	19
15	153	36
16	153	36
17	153	0
18	153	0
19	153	0
20	153	19
21	153	36
22	153	0
23	153	0
0	154	0
1	154	0
2	154	0
3	154	0
4	154	0
5	154	0
6	154	0
7	154	13
8	154	48
9	154	0
10	154	26
11	154	0
12	154	13
13	154	59
14	154	0
15	154	0
16	154	0
17	154	95
18	154	13
19	154	13
20	154	37
21	154	69
22	154	87
23	154	13
0	155	0
1	155	0
2	155	0
3	155	0
4	155	0
5	155	82
6	155	82
7	155	0
8	155	0
9	155	82
10	155	0
11	155	0
12	155	0
13	155	0
14	155	0
15	155	0
16	155	0
17	155	0
18	155	0
19	155	0
20	155	0
21	155	0
22	155	0
23	155	0
0	156	0
1	156	0
2	156	0
3	156	0
4	156	15
5	156	0
6	156	15
7	156	15
8	156	15
9	156	28
10	156	0
11	156	75
12	156	15
13	156	15
14	156	28
15	156	28
16	156	28
17	156	15
18	156	28
19	156	41
20	156	15
21	156	15
22	156	0
23	156	0
0	157	5
1	157	2
2	157	3
3	157	11
4	157	19
5	157	19
6	157	25
7	157	22
8	157	17
9	157	17
10	157	9
11	157	18
12	157	18
13	157	21
14	157	19
15	157	29
16	157	23
17	157	32
18	157	37
19	157	30
20	157	18
21	157	12
22	157	5
23	157	2
0	158	7
1	158	7
2	158	7
3	158	0
4	158	20
5	158	44
6	158	71
7	158	61
8	158	55
9	158	7
10	158	14
11	158	27
12	158	39
13	158	27
14	158	44
15	158	7
16	158	20
17	158	20
18	158	61
19	158	39
20	158	66
21	158	20
22	158	0
23	158	0
0	159	0
1	159	0
2	159	0
3	159	0
4	159	0
5	159	0
6	159	175
7	159	0
8	159	0
9	159	0
10	159	0
11	159	0
12	159	175
13	159	175
14	159	0
15	159	175
16	159	0
17	159	0
18	159	0
19	159	0
20	159	0
21	159	0
22	159	0
23	159	0
0	160	0
1	160	0
2	160	0
3	160	7
4	160	26
5	160	49
6	160	32
7	160	14
8	160	32
9	160	0
10	160	26
11	160	14
12	160	14
13	160	14
14	160	49
15	160	38
16	160	26
17	160	64
18	160	14
19	160	20
20	160	38
21	160	0
22	160	0
23	160	7
0	161	0
1	161	0
2	161	0
3	161	0
4	161	23
5	161	34
6	161	34
7	161	103
8	161	44
9	161	23
10	161	23
11	161	63
12	161	12
13	161	23
14	161	23
15	161	12
16	161	12
17	161	23
18	161	12
19	161	34
20	161	0
21	161	34
22	161	12
23	161	12
0	162	0
1	162	0
2	162	0
3	162	46
4	162	20
5	162	38
6	162	29
7	162	10
8	162	38
9	162	38
10	162	20
11	162	46
12	162	20
13	162	20
14	162	46
15	162	29
16	162	0
17	162	46
18	162	29
19	162	77
20	162	20
21	162	20
22	162	0
23	162	0
0	163	13
1	163	9
2	163	0
3	163	9
4	163	20
5	163	9
6	163	9
7	163	9
8	163	28
9	163	9
10	163	13
11	163	5
12	163	20
13	163	28
14	163	9
15	163	17
16	163	9
17	163	5
18	163	17
19	163	28
20	163	17
21	163	13
22	163	13
23	163	9
0	164	0
1	164	0
2	164	0
3	164	0
4	164	26
5	164	0
6	164	0
7	164	0
8	164	26
9	164	0
10	164	0
11	164	0
12	164	0
13	164	14
14	164	38
15	164	14
16	164	14
17	164	26
18	164	38
19	164	14
20	164	38
21	164	0
22	164	26
23	164	0
0	165	0
1	165	0
2	165	0
3	165	0
4	165	0
5	165	0
6	165	0
7	165	11
8	165	3
9	165	3
10	165	3
11	165	0
12	165	3
13	165	6
14	165	3
15	165	3
16	165	3
17	165	3
18	165	0
19	165	0
20	165	3
21	165	0
22	165	11
23	165	0
0	166	3
1	166	2
2	166	2
3	166	7
4	166	8
5	166	12
6	166	16
7	166	16
8	166	16
9	166	15
10	166	14
11	166	16
12	166	15
13	166	18
14	166	21
15	166	16
16	166	21
17	166	19
18	166	23
19	166	19
20	166	16
21	166	9
22	166	7
23	166	4
0	167	0
1	167	0
2	167	0
3	167	0
4	167	11
5	167	11
6	167	11
7	167	0
8	167	11
9	167	11
10	167	0
11	167	11
12	167	0
13	167	0
14	167	0
15	167	56
16	167	21
17	167	11
18	167	0
19	167	11
20	167	11
21	167	0
22	167	0
23	167	0
0	168	0
1	168	12
2	168	0
3	168	6
4	168	18
5	168	0
6	168	6
7	168	18
8	168	0
9	168	29
10	168	24
11	168	18
12	168	12
13	168	0
14	168	34
15	168	29
16	168	18
17	168	6
18	168	64
19	168	12
20	168	34
21	168	0
22	168	0
23	168	6
0	169	29
1	169	0
2	169	29
3	169	0
4	169	42
5	169	66
6	169	15
7	169	29
8	169	42
9	169	0
10	169	42
11	169	0
12	169	0
13	169	29
14	169	0
15	169	15
16	169	0
17	169	54
18	169	29
19	169	15
20	169	29
21	169	15
22	169	0
23	169	0
0	170	0
1	170	0
2	170	0
3	170	0
4	170	12
5	170	44
6	170	12
7	170	23
8	170	12
9	170	0
10	170	12
11	170	23
12	170	12
13	170	12
14	170	0
15	170	54
16	170	0
17	170	0
18	170	12
19	170	54
20	170	0
21	170	54
22	170	0
23	170	12
0	171	0
1	171	0
2	171	0
3	171	0
4	171	40
5	171	0
6	171	11
7	171	21
8	171	11
9	171	11
10	171	21
11	171	0
12	171	0
13	171	31
14	171	40
15	171	11
16	171	11
17	171	66
18	171	58
19	171	74
20	171	0
21	171	31
22	171	0
23	171	11
0	172	0
1	172	0
2	172	0
3	172	32
4	172	0
5	172	0
6	172	0
7	172	0
8	172	32
9	172	32
10	172	0
11	172	32
12	172	0
13	172	60
14	172	32
15	172	32
16	172	0
17	172	0
18	172	32
19	172	32
20	172	0
21	172	0
22	172	0
23	172	0
0	173	2
1	173	2
2	173	2
3	173	4
4	173	12
5	173	17
6	173	27
7	173	33
8	173	40
9	173	35
10	173	34
11	173	31
12	173	31
13	173	33
14	173	27
15	173	17
16	173	13
17	173	16
18	173	18
19	173	13
20	173	17
21	173	17
22	173	10
23	173	11
0	174	0
1	174	6
2	174	12
3	174	12
4	174	23
5	174	23
6	174	23
7	174	48
8	174	38
9	174	33
10	174	17
11	174	23
12	174	28
13	174	12
14	174	23
15	174	28
16	174	17
17	174	12
18	174	43
19	174	33
20	174	48
21	174	23
22	174	0
23	174	0
0	175	0
1	175	0
2	175	0
3	175	0
4	175	0
5	175	0
6	175	0
7	175	50
8	175	26
9	175	0
10	175	50
11	175	26
12	175	26
13	175	50
14	175	0
15	175	0
16	175	0
17	175	26
18	175	0
19	175	50
20	175	26
21	175	0
22	175	0
23	175	0
0	176	7
1	176	0
2	176	4
3	176	4
4	176	4
5	176	32
6	176	7
7	176	49
8	176	14
9	176	26
10	176	26
11	176	20
12	176	23
13	176	32
14	176	14
15	176	26
16	176	10
17	176	10
18	176	46
19	176	7
20	176	20
21	176	4
22	176	4
23	176	0
0	177	6
1	177	16
2	177	0
3	177	6
4	177	30
5	177	16
6	177	44
7	177	35
8	177	16
9	177	6
10	177	21
11	177	16
12	177	11
13	177	21
14	177	11
15	177	16
16	177	30
17	177	48
18	177	26
19	177	57
20	177	26
21	177	11
22	177	16
23	177	6
0	178	1
1	178	1
2	178	3
3	178	2
4	178	7
5	178	12
6	178	12
7	178	11
8	178	13
9	178	4
10	178	11
11	178	10
12	178	10
13	178	13
14	178	5
15	178	10
16	178	16
17	178	10
18	178	13
19	178	13
20	178	5
21	178	2
22	178	1
23	178	0
0	179	26
1	179	0
2	179	55
3	179	7
4	179	44
5	179	7
6	179	14
7	179	14
8	179	20
9	179	20
10	179	32
11	179	0
12	179	60
13	179	26
14	179	32
15	179	49
16	179	26
17	179	7
18	179	26
19	179	55
20	179	26
21	179	7
22	179	7
23	179	14
0	180	0
1	180	0
2	180	0
3	180	15
4	180	0
5	180	0
6	180	0
7	180	77
8	180	66
9	180	0
10	180	0
11	180	29
12	180	29
13	180	42
14	180	42
15	180	42
16	180	87
17	180	87
18	180	54
19	180	42
20	180	54
21	180	0
22	180	0
23	180	0
0	181	0
1	181	0
2	181	49
3	181	0
4	181	0
5	181	49
6	181	49
7	181	49
8	181	119
9	181	0
10	181	0
11	181	0
12	181	0
13	181	0
14	181	0
15	181	0
16	181	0
17	181	0
18	181	0
19	181	0
20	181	0
21	181	0
22	181	0
23	181	0
0	182	0
1	182	0
2	182	0
3	182	7
4	182	19
5	182	53
6	182	7
7	182	48
8	182	13
9	182	7
10	182	19
11	182	13
12	182	13
13	182	31
14	182	25
15	182	48
16	182	48
17	182	42
18	182	31
19	182	31
20	182	25
21	182	25
22	182	13
23	182	7
0	183	4
1	183	3
2	183	4
3	183	7
4	183	18
5	183	20
6	183	16
7	183	12
8	183	17
9	183	13
10	183	20
11	183	12
12	183	22
13	183	17
14	183	16
15	183	17
16	183	23
17	183	30
18	183	32
19	183	39
20	183	20
21	183	16
22	183	8
23	183	5
0	184	0
1	184	0
2	184	123
3	184	0
4	184	0
5	184	0
6	184	0
7	184	0
8	184	0
9	184	0
10	184	0
11	184	51
12	184	0
13	184	0
14	184	0
15	184	91
16	184	0
17	184	91
18	184	0
19	184	123
20	184	0
21	184	0
22	184	0
23	184	51
0	185	0
1	185	0
2	185	0
3	185	0
4	185	0
5	185	0
6	185	0
7	185	0
8	185	0
9	185	0
10	185	0
11	185	0
12	185	0
13	185	0
14	185	0
15	185	51
16	185	51
17	185	0
18	185	51
19	185	0
20	185	0
21	185	0
22	185	123
23	185	0
0	186	0
1	186	0
2	186	3
3	186	3
4	186	9
5	186	24
6	186	28
7	186	37
8	186	26
9	186	31
10	186	24
11	186	33
12	186	22
13	186	26
14	186	31
15	186	22
16	186	16
17	186	22
18	186	44
19	186	29
20	186	29
21	186	26
22	186	16
23	186	7
0	187	3
1	187	0
2	187	2
3	187	11
4	187	23
5	187	33
6	187	33
7	187	24
8	187	30
9	187	11
10	187	13
11	187	18
12	187	20
13	187	22
14	187	16
15	187	29
16	187	37
17	187	20
18	187	46
19	187	40
20	187	34
21	187	17
22	187	10
23	187	2
0	188	4
1	188	0
2	188	2
3	188	4
4	188	17
5	188	32
6	188	27
7	188	15
8	188	21
9	188	17
10	188	16
11	188	12
12	188	24
13	188	14
14	188	24
15	188	18
16	188	23
17	188	21
18	188	25
19	188	28
20	188	33
21	188	14
22	188	4
23	188	2
0	189	0
1	189	7
2	189	0
3	189	0
4	189	7
5	189	0
6	189	18
7	189	18
8	189	18
9	189	35
10	189	35
11	189	7
12	189	24
13	189	35
14	189	18
15	189	40
16	189	24
17	189	65
18	189	35
19	189	40
20	189	18
21	189	7
22	189	0
23	189	0
0	190	0
1	190	0
2	190	0
3	190	0
4	190	47
5	190	0
6	190	25
7	190	0
8	190	0
9	190	0
10	190	0
11	190	0
12	190	0
13	190	0
14	190	25
15	190	47
16	190	47
17	190	0
18	190	47
19	190	67
20	190	0
21	190	67
22	190	0
23	190	0
0	191	5
1	191	5
2	191	3
3	191	5
4	191	16
5	191	24
6	191	25
7	191	28
8	191	25
9	191	26
10	191	21
11	191	21
12	191	22
13	191	24
14	191	26
15	191	30
16	191	33
17	191	28
18	191	30
19	191	32
20	191	26
21	191	20
22	191	12
23	191	5
0	192	0
1	192	0
2	192	0
3	192	0
4	192	14
5	192	26
6	192	49
7	192	26
8	192	59
9	192	0
10	192	14
11	192	14
12	192	26
13	192	14
14	192	14
15	192	26
16	192	14
17	192	0
18	192	14
19	192	49
20	192	14
21	192	14
22	192	0
23	192	0
0	193	0
1	193	6
2	193	4
3	193	8
4	193	12
5	193	4
6	193	6
7	193	29
8	193	21
9	193	10
10	193	19
11	193	21
12	193	15
13	193	26
14	193	24
15	193	12
16	193	43
17	193	38
18	193	23
19	193	33
20	193	19
21	193	12
22	193	6
23	193	2
0	194	0
1	194	0
2	194	0
3	194	0
4	194	0
5	194	0
6	194	0
7	194	0
8	194	0
9	194	0
10	194	112
11	194	0
12	194	0
13	194	0
14	194	0
15	194	0
16	194	112
17	194	0
18	194	0
19	194	230
20	194	0
21	194	112
22	194	0
23	194	0
0	195	0
1	195	0
2	195	0
3	195	0
4	195	55
5	195	55
6	195	0
7	195	55
8	195	30
9	195	98
10	195	0
11	195	0
12	195	0
13	195	30
14	195	0
15	195	0
16	195	0
17	195	78
18	195	0
19	195	0
20	195	0
21	195	0
22	195	0
23	195	0
0	196	0
1	196	0
2	196	0
3	196	0
4	196	0
5	196	0
6	196	0
7	196	0
8	196	0
9	196	0
10	196	0
11	196	0
12	196	0
13	196	0
14	196	0
15	196	0
16	196	0
17	196	0
18	196	0
19	196	0
20	196	0
21	196	0
22	196	0
23	196	0
0	197	2
1	197	4
2	197	7
3	197	15
4	197	33
5	197	28
6	197	15
7	197	14
8	197	46
9	197	21
10	197	17
11	197	20
12	197	17
13	197	23
14	197	15
15	197	10
16	197	26
17	197	20
18	197	18
19	197	29
20	197	26
21	197	5
22	197	9
23	197	0
0	198	0
1	198	0
2	198	0
3	198	0
4	198	0
5	198	212
6	198	77
7	198	0
8	198	0
9	198	0
10	198	0
11	198	0
12	198	167
13	198	0
14	198	0
15	198	0
16	198	0
17	198	0
18	198	0
19	198	0
20	198	0
21	198	0
22	198	0
23	198	0
0	199	0
1	199	0
2	199	0
3	199	0
4	199	0
5	199	0
6	199	0
7	199	0
8	199	0
9	199	0
10	199	0
11	199	0
12	199	0
13	199	0
14	199	0
15	199	0
16	199	0
17	199	0
18	199	0
19	199	0
20	199	53
21	199	0
22	199	0
23	199	0
0	200	0
1	200	2
2	200	4
3	200	8
4	200	13
5	200	23
6	200	19
7	200	13
8	200	14
9	200	14
10	200	21
11	200	18
12	200	16
13	200	18
14	200	18
15	200	22
16	200	27
17	200	33
18	200	26
19	200	27
20	200	13
21	200	22
22	200	7
23	200	2
0	201	3
1	201	9
2	201	3
3	201	0
4	201	14
5	201	34
6	201	29
7	201	14
8	201	6
9	201	11
10	201	9
11	201	19
12	201	6
13	201	14
14	201	32
15	201	24
16	201	19
17	201	32
18	201	34
19	201	22
20	201	14
21	201	19
22	201	27
23	201	6
0	202	0
1	202	0
2	202	0
3	202	29
4	202	0
5	202	12
6	202	18
7	202	18
8	202	18
9	202	18
10	202	18
11	202	18
12	202	12
13	202	18
14	202	12
15	202	0
16	202	6
17	202	23
18	202	0
19	202	29
20	202	12
21	202	6
22	202	0
23	202	0
0	203	0
1	203	0
2	203	0
3	203	0
4	203	0
5	203	0
6	203	0
7	203	0
8	203	0
9	203	0
10	203	51
11	203	0
12	203	0
13	203	123
14	203	51
15	203	0
16	203	0
17	203	0
18	203	0
19	203	0
20	203	0
21	203	0
22	203	0
23	203	0
0	204	0
1	204	0
2	204	0
3	204	0
4	204	0
5	204	0
6	204	0
7	204	0
8	204	0
9	204	0
10	204	0
11	204	0
12	204	0
13	204	0
14	204	0
15	204	0
16	204	0
17	204	0
18	204	0
19	204	0
20	204	230
21	204	0
22	204	0
23	204	0
0	205	0
1	205	0
2	205	0
3	205	0
4	205	0
5	205	0
6	205	0
7	205	0
8	205	0
9	205	0
10	205	0
11	205	0
12	205	0
13	205	0
14	205	0
15	205	0
16	205	0
17	205	0
18	205	0
19	205	0
20	205	0
21	205	0
22	205	0
23	205	0
0	206	4
1	206	2
2	206	2
3	206	7
4	206	18
5	206	16
6	206	16
7	206	20
8	206	16
9	206	21
10	206	15
11	206	21
12	206	26
13	206	22
14	206	27
15	206	24
16	206	35
17	206	36
18	206	43
19	206	35
20	206	33
21	206	14
22	206	4
23	206	4
0	207	6
1	207	0
2	207	0
3	207	0
4	207	11
5	207	0
6	207	6
7	207	6
8	207	11
9	207	27
10	207	11
11	207	17
12	207	11
13	207	17
14	207	0
15	207	32
16	207	0
17	207	36
18	207	50
19	207	32
20	207	17
21	207	27
22	207	6
23	207	0
0	208	0
1	208	0
2	208	3
3	208	8
4	208	8
5	208	23
6	208	32
7	208	19
8	208	8
9	208	14
10	208	10
11	208	19
12	208	21
13	208	23
14	208	14
15	208	40
16	208	30
17	208	36
18	208	25
19	208	32
20	208	21
21	208	21
22	208	12
23	208	5
0	209	0
1	209	0
2	209	0
3	209	11
4	209	11
5	209	0
6	209	31
7	209	11
8	209	21
9	209	31
10	209	31
11	209	11
12	209	40
13	209	21
14	209	31
15	209	11
16	209	66
17	209	40
18	209	21
19	209	49
20	209	0
21	209	40
22	209	0
23	209	0
0	210	3
1	210	3
2	210	4
3	210	8
4	210	21
5	210	24
6	210	24
7	210	24
8	210	24
9	210	23
10	210	23
11	210	25
12	210	23
13	210	25
14	210	25
15	210	30
16	210	28
17	210	37
18	210	37
19	210	34
20	210	30
21	210	16
22	210	10
23	210	5
0	211	0
1	211	0
2	211	0
3	211	0
4	211	0
5	211	0
6	211	0
7	211	0
8	211	0
9	211	0
10	211	0
11	211	0
12	211	0
13	211	0
14	211	0
15	211	0
16	211	0
17	211	0
18	211	0
19	211	0
20	211	0
21	211	0
22	211	0
23	211	0
0	212	0
1	212	0
2	212	0
3	212	0
4	212	88
5	212	88
6	212	0
7	212	0
8	212	63
9	212	0
10	212	34
11	212	63
12	212	0
13	212	63
14	212	0
15	212	0
16	212	63
17	212	34
18	212	34
19	212	34
20	212	34
21	212	0
22	212	0
23	212	0
0	213	3
1	213	2
2	213	0
3	213	6
4	213	11
5	213	20
6	213	23
7	213	21
8	213	18
9	213	19
10	213	17
11	213	21
12	213	17
13	213	21
14	213	19
15	213	20
16	213	28
17	213	25
18	213	30
19	213	30
20	213	20
21	213	12
22	213	7
23	213	3
0	214	0
1	214	0
2	214	0
3	214	0
4	214	0
5	214	0
6	214	0
7	214	0
8	214	0
9	214	0
10	214	0
11	214	0
12	214	0
13	214	0
14	214	0
15	214	0
16	214	0
17	214	0
18	214	0
19	214	0
20	214	0
21	214	0
22	214	0
23	214	0
0	215	3
1	215	0
2	215	7
3	215	9
4	215	15
5	215	15
6	215	23
7	215	9
8	215	23
9	215	9
10	215	18
11	215	20
12	215	20
13	215	26
14	215	23
15	215	14
16	215	16
17	215	11
18	215	18
19	215	14
20	215	10
21	215	12
22	215	3
23	215	5
0	216	0
1	216	0
2	216	0
3	216	0
4	216	0
5	216	18
6	216	0
7	216	18
8	216	18
9	216	18
10	216	18
11	216	0
12	216	34
13	216	0
14	216	0
15	216	34
16	216	0
17	216	0
18	216	0
19	216	0
20	216	18
21	216	0
22	216	0
23	216	0
0	217	0
1	217	0
2	217	0
3	217	0
4	217	71
5	217	0
6	217	14
7	217	26
8	217	0
9	217	26
10	217	26
11	217	0
12	217	0
13	217	0
14	217	14
15	217	0
16	217	0
17	217	14
18	217	0
19	217	26
20	217	0
21	217	14
22	217	0
23	217	0
0	218	8
1	218	6
2	218	2
3	218	12
4	218	31
5	218	20
6	218	17
7	218	14
8	218	17
9	218	22
10	218	16
11	218	12
12	218	22
13	218	15
14	218	20
15	218	23
16	218	23
17	218	31
18	218	36
19	218	41
20	218	26
21	218	19
22	218	10
23	218	10
0	219	0
1	219	0
2	219	0
3	219	0
4	219	26
5	219	38
6	219	14
7	219	14
8	219	14
9	219	14
10	219	26
11	219	14
12	219	38
13	219	14
14	219	0
15	219	14
16	219	38
17	219	26
18	219	14
19	219	14
20	219	0
21	219	14
22	219	14
23	219	0
0	220	1
1	220	3
2	220	3
3	220	5
4	220	16
5	220	22
6	220	15
7	220	17
8	220	17
9	220	23
10	220	20
11	220	13
12	220	16
13	220	24
14	220	22
15	220	21
16	220	21
17	220	20
18	220	29
19	220	28
20	220	27
21	220	18
22	220	7
23	220	2
0	221	0
1	221	0
2	221	0
3	221	43
4	221	61
5	221	0
6	221	0
7	221	0
8	221	0
9	221	23
10	221	43
11	221	107
12	221	132
13	221	43
14	221	23
15	221	0
16	221	43
17	221	0
18	221	61
19	221	0
20	221	23
21	221	0
22	221	0
23	221	0
0	222	0
1	222	0
2	222	9
3	222	109
4	222	0
5	222	32
6	222	9
7	222	9
8	222	0
9	222	24
10	222	39
11	222	24
12	222	24
13	222	17
14	222	9
15	222	59
16	222	39
17	222	32
18	222	59
19	222	65
20	222	17
21	222	24
22	222	0
23	222	17
0	223	0
1	223	0
2	223	0
3	223	0
4	223	26
5	223	26
6	223	69
7	223	0
8	223	0
9	223	175
10	223	0
11	223	0
12	223	0
13	223	0
14	223	0
15	223	26
16	223	26
17	223	49
18	223	69
19	223	0
20	223	0
21	223	0
22	223	0
23	223	0
0	224	0
1	224	0
2	224	0
3	224	0
4	224	0
5	224	0
6	224	0
7	224	0
8	224	0
9	224	0
10	224	0
11	224	0
12	224	0
13	224	0
14	224	0
15	224	0
16	224	0
17	224	0
18	224	0
19	224	0
20	224	201
21	224	0
22	224	0
23	224	0
0	225	0
1	225	0
2	225	0
3	225	0
4	225	0
5	225	0
6	225	0
7	225	0
8	225	0
9	225	0
10	225	0
11	225	0
12	225	0
13	225	0
14	225	0
15	225	0
16	225	0
17	225	0
18	225	0
19	225	0
20	225	0
21	225	0
22	225	0
23	225	0
0	226	5
1	226	0
2	226	0
3	226	0
4	226	9
5	226	21
6	226	25
7	226	5
8	226	36
9	226	25
10	226	5
11	226	0
12	226	21
13	226	44
14	226	25
15	226	33
16	226	5
17	226	33
18	226	33
19	226	36
20	226	5
21	226	0
22	226	0
23	226	9
0	227	0
1	227	0
2	227	0
3	227	0
4	227	55
5	227	0
6	227	132
7	227	0
8	227	0
9	227	0
10	227	0
11	227	55
12	227	0
13	227	0
14	227	0
15	227	0
16	227	55
17	227	0
18	227	0
19	227	98
20	227	0
21	227	0
22	227	0
23	227	0
0	228	0
1	228	0
2	228	0
3	228	0
4	228	16
5	228	16
6	228	16
7	228	31
8	228	16
9	228	0
10	228	0
11	228	31
12	228	0
13	228	16
14	228	0
15	228	16
16	228	0
17	228	0
18	228	31
19	228	16
20	228	0
21	228	0
22	228	16
23	228	0
0	229	22
1	229	0
2	229	0
3	229	0
4	229	60
5	229	0
6	229	0
7	229	22
8	229	0
9	229	22
10	229	0
11	229	0
12	229	60
13	229	0
14	229	0
15	229	0
16	229	42
17	229	22
18	229	0
19	229	0
20	229	42
21	229	0
22	229	0
23	229	0
0	230	0
1	230	0
2	230	0
3	230	0
4	230	23
5	230	0
6	230	0
7	230	0
8	230	0
9	230	0
10	230	0
11	230	43
12	230	23
13	230	0
14	230	23
15	230	0
16	230	0
17	230	23
18	230	23
19	230	0
20	230	0
21	230	0
22	230	0
23	230	0
0	231	0
1	231	0
2	231	0
3	231	0
4	231	0
5	231	77
6	231	0
7	231	0
8	231	0
9	231	42
10	231	0
11	231	0
12	231	0
13	231	0
14	231	106
15	231	0
16	231	77
17	231	0
18	231	0
19	231	0
20	231	0
21	231	0
22	231	0
23	231	0
0	232	2
1	232	1
2	232	2
3	232	3
4	232	7
5	232	10
6	232	12
7	232	12
8	232	12
9	232	12
10	232	12
11	232	12
12	232	12
13	232	12
14	232	12
15	232	12
16	232	13
17	232	13
18	232	14
19	232	13
20	232	10
21	232	6
22	232	3
23	232	2
0	233	0
1	233	0
2	233	2
3	233	2
4	233	2
5	233	8
6	233	13
7	233	15
8	233	8
9	233	15
10	233	8
11	233	12
12	233	12
13	233	12
14	233	15
15	233	8
16	233	26
17	233	12
18	233	8
19	233	13
20	233	19
21	233	10
22	233	0
23	233	4
0	234	0
1	234	0
2	234	0
3	234	0
4	234	0
5	234	34
6	234	0
7	234	34
8	234	63
9	234	88
10	234	0
11	234	129
12	234	0
13	234	34
14	234	0
15	234	63
16	234	88
17	234	0
18	234	110
19	234	172
20	234	34
21	234	34
22	234	34
23	234	0
0	235	0
1	235	0
2	235	11
3	235	55
4	235	63
5	235	38
6	235	38
7	235	55
8	235	70
9	235	78
10	235	55
11	235	70
12	235	47
13	235	20
14	235	0
15	235	11
16	235	11
17	235	29
18	235	11
19	235	20
20	235	0
21	235	0
22	235	0
23	235	11
0	236	0
1	236	0
2	236	0
3	236	0
4	236	0
5	236	0
6	236	0
7	236	0
8	236	0
9	236	0
10	236	0
11	236	0
12	236	0
13	236	0
14	236	0
15	236	112
16	236	0
17	236	0
18	236	0
19	236	0
20	236	0
21	236	0
22	236	0
23	236	0
0	237	0
1	237	0
2	237	0
3	237	0
4	237	0
5	237	0
6	237	0
7	237	0
8	237	0
9	237	0
10	237	0
11	237	0
12	237	0
13	237	0
14	237	0
15	237	0
16	237	0
17	237	137
18	237	0
19	237	0
20	237	0
21	237	0
22	237	0
23	237	0
0	238	0
1	238	0
2	238	0
3	238	0
4	238	0
5	238	0
6	238	0
7	238	0
8	238	0
9	238	0
10	238	0
11	238	0
12	238	0
13	238	0
14	238	0
15	238	0
16	238	0
17	238	0
18	238	0
19	238	95
20	238	0
21	238	95
22	238	0
23	238	0
0	239	2
1	239	2
2	239	3
3	239	3
4	239	15
5	239	14
6	239	16
7	239	14
8	239	16
9	239	20
10	239	13
11	239	17
12	239	17
13	239	15
14	239	11
15	239	17
16	239	23
17	239	19
18	239	22
19	239	22
20	239	19
21	239	12
22	239	6
23	239	4
0	240	4
1	240	2
2	240	2
3	240	5
4	240	16
5	240	16
6	240	13
7	240	17
8	240	14
9	240	15
10	240	19
11	240	23
12	240	17
13	240	15
14	240	12
15	240	25
16	240	24
17	240	29
18	240	24
19	240	28
20	240	19
21	240	11
22	240	4
23	240	2
0	241	0
1	241	0
2	241	0
3	241	10
4	241	10
5	241	19
6	241	19
7	241	27
8	241	19
9	241	0
10	241	19
11	241	36
12	241	19
13	241	44
14	241	59
15	241	27
16	241	10
17	241	27
18	241	27
19	241	0
20	241	10
21	241	10
22	241	0
23	241	0
0	242	0
1	242	0
2	242	5
3	242	34
4	242	30
5	242	45
6	242	26
7	242	22
8	242	41
9	242	22
10	242	18
11	242	34
12	242	38
13	242	30
14	242	49
15	242	26
16	242	34
17	242	41
18	242	56
19	242	45
20	242	41
21	242	30
22	242	18
23	242	0
0	243	0
1	243	0
2	243	0
3	243	0
4	243	0
5	243	0
6	243	201
7	243	0
8	243	0
9	243	0
10	243	0
11	243	0
12	243	0
13	243	0
14	243	0
15	243	0
16	243	0
17	243	0
18	243	0
19	243	0
20	243	0
21	243	0
22	243	0
23	243	0
0	244	2
1	244	5
2	244	7
3	244	12
4	244	17
5	244	23
6	244	21
7	244	17
8	244	12
9	244	10
10	244	28
11	244	16
12	244	23
13	244	16
14	244	9
15	244	27
16	244	19
17	244	28
18	244	25
19	244	26
20	244	31
21	244	2
22	244	5
23	244	5
0	245	0
1	245	0
2	245	0
3	245	0
4	245	0
5	245	36
6	245	0
7	245	0
8	245	0
9	245	0
10	245	36
11	245	66
12	245	0
13	245	92
14	245	36
15	245	0
16	245	0
17	245	0
18	245	0
19	245	0
20	245	0
21	245	0
22	245	0
23	245	0
0	246	0
1	246	0
2	246	5
3	246	2
4	246	3
5	246	11
6	246	8
7	246	16
8	246	15
9	246	31
10	246	14
11	246	8
12	246	21
13	246	10
14	246	5
15	246	4
16	246	5
17	246	5
18	246	10
19	246	11
20	246	7
21	246	4
22	246	2
23	246	3
0	247	4
1	247	3
2	247	0
3	247	10
4	247	21
5	247	26
6	247	26
7	247	37
8	247	23
9	247	41
10	247	25
11	247	25
12	247	12
13	247	23
14	247	39
15	247	23
16	247	26
17	247	38
18	247	45
19	247	42
20	247	30
21	247	23
22	247	6
23	247	4
0	248	22
1	248	0
2	248	12
3	248	12
4	248	0
5	248	0
6	248	0
7	248	0
8	248	0
9	248	22
10	248	0
11	248	51
12	248	22
13	248	22
14	248	22
15	248	32
16	248	51
17	248	22
18	248	32
19	248	22
20	248	32
21	248	12
22	248	0
23	248	0
0	249	0
1	249	0
2	249	0
3	249	37
4	249	37
5	249	0
6	249	37
7	249	0
8	249	0
9	249	37
10	249	37
11	249	37
12	249	0
13	249	0
14	249	68
15	249	0
16	249	37
17	249	37
18	249	0
19	249	37
20	249	0
21	249	0
22	249	37
23	249	0
0	250	0
1	250	0
2	250	0
3	250	0
4	250	29
5	250	15
6	250	29
7	250	0
8	250	15
9	250	42
10	250	29
11	250	15
12	250	0
13	250	42
14	250	15
15	250	15
16	250	0
17	250	0
18	250	55
19	250	55
20	250	0
21	250	15
22	250	0
23	250	0
0	251	0
1	251	0
2	251	0
3	251	0
4	251	0
5	251	0
6	251	0
7	251	0
8	251	0
9	251	0
10	251	0
11	251	0
12	251	0
13	251	0
14	251	0
15	251	0
16	251	0
17	251	0
18	251	0
19	251	95
20	251	0
21	251	0
22	251	0
23	251	0
0	252	4
1	252	4
2	252	0
3	252	0
4	252	10
5	252	33
6	252	22
7	252	22
8	252	13
9	252	16
10	252	16
11	252	13
12	252	22
13	252	16
14	252	27
15	252	19
16	252	7
17	252	16
18	252	16
19	252	36
20	252	16
21	252	22
22	252	13
23	252	7
0	253	6
1	253	0
2	253	6
3	253	16
4	253	11
5	253	49
6	253	16
7	253	11
8	253	31
9	253	16
10	253	11
11	253	0
12	253	21
13	253	36
14	253	6
15	253	31
16	253	31
17	253	26
18	253	16
19	253	40
20	253	16
21	253	6
22	253	11
23	253	0
0	254	0
1	254	0
2	254	12
3	254	0
4	254	22
5	254	32
6	254	12
7	254	0
8	254	32
9	254	0
10	254	12
11	254	42
12	254	22
13	254	0
14	254	0
15	254	22
16	254	22
17	254	42
18	254	92
19	254	22
20	254	12
21	254	32
22	254	12
23	254	12
0	255	0
1	255	18
2	255	0
3	255	0
4	255	35
5	255	0
6	255	51
7	255	35
8	255	51
9	255	0
10	255	18
11	255	18
12	255	35
13	255	18
14	255	18
15	255	0
16	255	79
17	255	0
18	255	35
19	255	0
20	255	0
21	255	0
22	255	0
23	255	0
0	256	0
1	256	0
2	256	0
3	256	0
4	256	64
5	256	64
6	256	0
7	256	0
8	256	0
9	256	112
10	256	0
11	256	0
12	256	64
13	256	112
14	256	0
15	256	64
16	256	0
17	256	64
18	256	148
19	256	0
20	256	64
21	256	0
22	256	0
23	256	0
0	257	4
1	257	2
2	257	8
3	257	6
4	257	13
5	257	19
6	257	20
7	257	21
8	257	16
9	257	15
10	257	13
11	257	14
12	257	13
13	257	11
14	257	20
15	257	25
16	257	23
17	257	22
18	257	21
19	257	14
20	257	20
21	257	9
22	257	6
23	257	1
0	258	0
1	258	9
2	258	13
3	258	5
4	258	0
5	258	17
6	258	21
7	258	0
8	258	21
9	258	5
10	258	5
11	258	25
12	258	17
13	258	9
14	258	9
15	258	25
16	258	9
17	258	13
18	258	17
19	258	17
20	258	33
21	258	13
22	258	0
23	258	0
0	259	3
1	259	2
2	259	4
3	259	10
4	259	25
5	259	27
6	259	33
7	259	29
8	259	23
9	259	21
10	259	20
11	259	20
12	259	31
13	259	26
14	259	31
15	259	33
16	259	24
17	259	30
18	259	46
19	259	47
20	259	36
21	259	15
22	259	6
23	259	4
0	260	0
1	260	0
2	260	0
3	260	0
4	260	0
5	260	0
6	260	71
7	260	26
8	260	26
9	260	0
10	260	0
11	260	0
12	260	26
13	260	0
14	260	0
15	260	26
16	260	50
17	260	0
18	260	0
19	260	71
20	260	0
21	260	26
22	260	0
23	260	0
0	261	0
1	261	0
2	261	0
3	261	20
4	261	0
5	261	20
6	261	20
7	261	37
8	261	37
9	261	0
10	261	0
11	261	37
12	261	20
13	261	0
14	261	54
15	261	0
16	261	0
17	261	54
18	261	0
19	261	20
20	261	37
21	261	0
22	261	0
23	261	0
0	262	0
1	262	0
2	262	0
3	262	11
4	262	21
5	262	11
6	262	39
7	262	30
8	262	56
9	262	11
10	262	11
11	262	0
12	262	11
13	262	39
14	262	11
15	262	30
16	262	0
17	262	0
18	262	11
19	262	30
20	262	11
21	262	21
22	262	0
23	262	0
0	263	0
1	263	0
2	263	0
3	263	10
4	263	10
5	263	19
6	263	19
7	263	10
8	263	0
9	263	0
10	263	0
11	263	19
12	263	0
13	263	10
14	263	37
15	263	10
16	263	0
17	263	0
18	263	10
19	263	28
20	263	0
21	263	28
22	263	0
23	263	0
0	264	0
1	264	0
2	264	0
3	264	0
4	264	0
5	264	0
6	264	0
7	264	0
8	264	0
9	264	0
10	264	0
11	264	0
12	264	0
13	264	0
14	264	154
15	264	0
16	264	0
17	264	0
18	264	154
19	264	0
20	264	0
21	264	0
22	264	0
23	264	0
0	265	0
1	265	0
2	265	0
3	265	0
4	265	12
5	265	12
6	265	0
7	265	12
8	265	0
9	265	54
10	265	44
11	265	34
12	265	0
13	265	0
14	265	23
15	265	12
16	265	12
17	265	23
18	265	12
19	265	23
20	265	34
21	265	12
22	265	0
23	265	0
0	266	0
1	266	0
2	266	0
3	266	18
4	266	0
5	266	0
6	266	0
7	266	0
8	266	0
9	266	18
10	266	0
11	266	0
12	266	0
13	266	0
14	266	0
15	266	0
16	266	49
17	266	18
18	266	49
19	266	0
20	266	0
21	266	0
22	266	0
23	266	0
0	267	3
1	267	2
2	267	2
3	267	5
4	267	9
5	267	10
6	267	14
7	267	10
8	267	17
9	267	8
10	267	12
11	267	8
12	267	18
13	267	18
14	267	11
15	267	10
16	267	19
17	267	16
18	267	18
19	267	13
20	267	16
21	267	11
22	267	10
23	267	4
0	268	0
1	268	0
2	268	0
3	268	15
4	268	10
5	268	20
6	268	15
7	268	0
8	268	10
9	268	29
10	268	15
11	268	0
12	268	29
13	268	29
14	268	10
15	268	15
16	268	24
17	268	20
18	268	20
19	268	24
20	268	15
21	268	15
22	268	0
23	268	0
0	269	2
1	269	0
2	269	0
3	269	10
4	269	10
5	269	14
6	269	15
7	269	22
8	269	12
9	269	19
10	269	15
11	269	14
12	269	15
13	269	14
14	269	15
15	269	26
16	269	39
17	269	34
18	269	34
19	269	41
20	269	22
21	269	4
22	269	4
23	269	2
0	270	0
1	270	0
2	270	0
3	270	0
4	270	0
5	270	0
6	270	0
7	270	0
8	270	0
9	270	0
10	270	0
11	270	0
12	270	0
13	270	0
14	270	0
15	270	0
16	270	0
17	270	0
18	270	0
19	270	0
20	270	0
21	270	0
22	270	0
23	270	0
0	271	0
1	271	0
2	271	0
3	271	4
4	271	18
5	271	14
6	271	22
7	271	18
8	271	10
9	271	3
10	271	16
11	271	4
12	271	14
13	271	22
14	271	18
15	271	16
16	271	8
17	271	20
18	271	27
19	271	18
20	271	14
21	271	8
22	271	4
23	271	4
0	272	0
1	272	0
2	272	0
3	272	0
4	272	0
5	272	0
6	272	0
7	272	0
8	272	0
9	272	0
10	272	0
11	272	0
12	272	0
13	272	0
14	272	43
15	272	0
16	272	43
17	272	43
18	272	0
19	272	109
20	272	0
21	272	0
22	272	0
23	272	0
0	273	0
1	273	0
2	273	7
3	273	18
4	273	29
5	273	24
6	273	7
7	273	7
8	273	12
9	273	18
10	273	29
11	273	12
12	273	12
13	273	35
14	273	24
15	273	24
16	273	24
17	273	45
18	273	50
19	273	18
20	273	24
21	273	0
22	273	0
23	273	7
0	274	0
1	274	0
2	274	0
3	274	0
4	274	0
5	274	35
6	274	24
7	274	35
8	274	35
9	274	35
10	274	24
11	274	13
12	274	45
13	274	13
14	274	13
15	274	24
16	274	24
17	274	98
18	274	24
19	274	13
20	274	24
21	274	24
22	274	0
23	274	0
0	275	10
1	275	10
2	275	0
3	275	18
4	275	0
5	275	10
6	275	18
7	275	35
8	275	35
9	275	27
10	275	10
11	275	43
12	275	18
13	275	27
14	275	51
15	275	18
16	275	10
17	275	10
18	275	51
19	275	35
20	275	27
21	275	0
22	275	27
23	275	10
0	276	0
1	276	0
2	276	0
3	276	0
4	276	14
5	276	14
6	276	14
7	276	0
8	276	0
9	276	0
10	276	0
11	276	0
12	276	14
13	276	0
14	276	27
15	276	40
16	276	0
17	276	0
18	276	27
19	276	40
20	276	14
21	276	14
22	276	0
23	276	0
0	277	19
1	277	0
2	277	0
3	277	0
4	277	0
5	277	0
6	277	0
7	277	0
8	277	19
9	277	0
10	277	0
11	277	0
12	277	19
13	277	19
14	277	0
15	277	0
16	277	0
17	277	19
18	277	0
19	277	0
20	277	0
21	277	0
22	277	0
23	277	0
0	278	0
1	278	0
2	278	0
3	278	0
4	278	0
5	278	0
6	278	8
7	278	4
8	278	8
9	278	0
10	278	4
11	278	0
12	278	4
13	278	0
14	278	4
15	278	0
16	278	0
17	278	4
18	278	4
19	278	12
20	278	0
21	278	4
22	278	4
23	278	0
0	279	0
1	279	0
2	279	0
3	279	38
4	279	70
5	279	38
6	279	0
7	279	0
8	279	0
9	279	0
10	279	0
11	279	0
12	279	70
13	279	70
14	279	0
15	279	70
16	279	157
17	279	0
18	279	38
19	279	120
20	279	0
21	279	0
22	279	0
23	279	0
0	280	0
1	280	0
2	280	0
3	280	3
4	280	8
5	280	18
6	280	16
7	280	8
8	280	16
9	280	8
10	280	8
11	280	6
12	280	3
13	280	18
14	280	13
15	280	21
16	280	16
17	280	11
18	280	28
19	280	8
20	280	13
21	280	18
22	280	3
23	280	0
0	281	0
1	281	0
2	281	0
3	281	14
4	281	0
5	281	0
6	281	9
7	281	5
8	281	9
9	281	5
10	281	9
11	281	5
12	281	18
13	281	14
14	281	9
15	281	18
16	281	14
17	281	18
18	281	18
19	281	18
20	281	5
21	281	9
22	281	14
23	281	5
0	282	4
1	282	4
2	282	6
3	282	4
4	282	13
5	282	27
6	282	27
7	282	23
8	282	24
9	282	12
10	282	22
11	282	22
12	282	22
13	282	34
14	282	17
15	282	16
16	282	24
17	282	36
18	282	39
19	282	31
20	282	16
21	282	13
22	282	11
23	282	2
0	283	0
1	283	0
2	283	0
3	283	31
4	283	45
5	283	0
6	283	45
7	283	58
8	283	45
9	283	16
10	283	31
11	283	45
12	283	82
13	283	58
14	283	45
15	283	0
16	283	58
17	283	31
18	283	31
19	283	58
20	283	58
21	283	45
22	283	0
23	283	16
0	284	17
1	284	0
2	284	0
3	284	0
4	284	0
5	284	9
6	284	17
7	284	9
8	284	9
9	284	40
10	284	40
11	284	25
12	284	9
13	284	17
14	284	0
15	284	17
16	284	0
17	284	9
18	284	9
19	284	68
20	284	33
21	284	0
22	284	0
23	284	0
0	285	0
1	285	0
2	285	15
3	285	0
4	285	42
5	285	15
6	285	0
7	285	15
8	285	0
9	285	29
10	285	29
11	285	15
12	285	0
13	285	0
14	285	15
15	285	29
16	285	29
17	285	15
18	285	15
19	285	66
20	285	29
21	285	0
22	285	0
23	285	0
0	286	4
1	286	0
2	286	0
3	286	4
4	286	30
5	286	14
6	286	0
7	286	0
8	286	11
9	286	24
10	286	24
11	286	17
12	286	17
13	286	17
14	286	20
15	286	7
16	286	20
17	286	30
18	286	4
19	286	33
20	286	17
21	286	0
22	286	0
23	286	14
0	287	3
1	287	3
2	287	1
3	287	4
4	287	13
5	287	19
6	287	14
7	287	17
8	287	16
9	287	18
10	287	15
11	287	12
12	287	15
13	287	17
14	287	25
15	287	13
16	287	17
17	287	20
18	287	26
19	287	30
20	287	22
21	287	14
22	287	10
23	287	3
0	288	0
1	288	25
2	288	0
3	288	17
4	288	9
5	288	0
6	288	0
7	288	0
8	288	33
9	288	25
10	288	17
11	288	17
12	288	0
13	288	0
14	288	17
15	288	17
16	288	9
17	288	33
18	288	9
19	288	33
20	288	17
21	288	0
22	288	0
23	288	0
0	289	2
1	289	2
2	289	3
3	289	0
4	289	15
5	289	11
6	289	20
7	289	17
8	289	11
9	289	12
10	289	13
11	289	11
12	289	16
13	289	15
14	289	17
15	289	12
16	289	13
17	289	9
18	289	20
19	289	20
20	289	19
21	289	13
22	289	3
23	289	0
0	290	0
1	290	0
2	290	0
3	290	0
4	290	0
5	290	0
6	290	0
7	290	112
8	290	112
9	290	0
10	290	0
11	290	0
12	290	112
13	290	210
14	290	0
15	290	0
16	290	0
17	290	0
18	290	0
19	290	0
20	290	0
21	290	0
22	290	0
23	290	0
0	291	0
1	291	0
2	291	0
3	291	0
4	291	17
5	291	0
6	291	0
7	291	0
8	291	17
9	291	0
10	291	0
11	291	17
12	291	0
13	291	0
14	291	17
15	291	0
16	291	17
17	291	32
18	291	17
19	291	32
20	291	0
21	291	0
22	291	0
23	291	0
0	292	0
1	292	0
2	292	0
3	292	0
4	292	103
5	292	0
6	292	0
7	292	58
8	292	0
9	292	0
10	292	0
11	292	58
12	292	0
13	292	0
14	292	0
15	292	0
16	292	0
17	292	0
18	292	0
19	292	58
20	292	0
21	292	0
22	292	0
23	292	0
0	293	0
1	293	0
2	293	0
3	293	0
4	293	0
5	293	148
6	293	0
7	293	0
8	293	0
9	293	64
10	293	0
11	293	0
12	293	0
13	293	0
14	293	64
15	293	0
16	293	0
17	293	64
18	293	64
19	293	64
20	293	148
21	293	112
22	293	0
23	293	0
0	294	18
1	294	0
2	294	9
3	294	0
4	294	9
5	294	18
6	294	9
7	294	34
8	294	0
9	294	9
10	294	0
11	294	9
12	294	9
13	294	18
14	294	18
15	294	34
16	294	18
17	294	50
18	294	0
19	294	9
20	294	64
21	294	9
22	294	34
23	294	18
0	295	0
1	295	0
2	295	19
3	295	43
4	295	35
5	295	43
6	295	10
7	295	43
8	295	19
9	295	35
10	295	10
11	295	19
12	295	27
13	295	43
14	295	19
15	295	27
16	295	27
17	295	66
18	295	51
19	295	10
20	295	0
21	295	0
22	295	0
23	295	0
0	296	2
1	296	3
2	296	3
3	296	5
4	296	12
5	296	16
6	296	14
7	296	18
8	296	15
9	296	15
10	296	17
11	296	14
12	296	14
13	296	16
14	296	15
15	296	19
16	296	19
17	296	20
18	296	23
19	296	20
20	296	20
21	296	10
22	296	4
23	296	3
0	297	24
1	297	0
2	297	0
3	297	0
4	297	0
5	297	0
6	297	45
7	297	0
8	297	0
9	297	24
10	297	64
11	297	0
12	297	24
13	297	0
14	297	0
15	297	24
16	297	0
17	297	0
18	297	24
19	297	0
20	297	0
21	297	0
22	297	24
23	297	0
0	298	0
1	298	3
2	298	3
3	298	10
4	298	8
5	298	22
6	298	8
7	298	21
8	298	15
9	298	13
10	298	14
11	298	17
12	298	15
13	298	20
14	298	16
15	298	30
16	298	35
17	298	22
18	298	20
19	298	21
20	298	18
21	298	18
22	298	20
23	298	0
0	299	0
1	299	0
2	299	0
3	299	0
4	299	64
5	299	0
6	299	112
7	299	0
8	299	0
9	299	0
10	299	0
11	299	64
12	299	0
13	299	0
14	299	0
15	299	0
16	299	0
17	299	64
18	299	0
19	299	0
20	299	0
21	299	64
22	299	0
23	299	0
0	300	2
1	300	2
2	300	6
3	300	5
4	300	14
5	300	25
6	300	23
7	300	29
8	300	38
9	300	34
10	300	31
11	300	22
12	300	32
13	300	23
14	300	17
15	300	22
16	300	22
17	300	18
18	300	20
19	300	33
20	300	20
21	300	22
22	300	16
23	300	9
0	301	0
1	301	0
2	301	1
3	301	10
4	301	15
5	301	16
6	301	17
7	301	22
8	301	19
9	301	24
10	301	18
11	301	17
12	301	28
13	301	23
14	301	26
15	301	26
16	301	36
17	301	33
18	301	31
19	301	35
20	301	27
21	301	4
22	301	8
23	301	7
0	302	6
1	302	8
2	302	2
3	302	2
4	302	11
5	302	13
6	302	13
7	302	14
8	302	21
9	302	11
10	302	9
11	302	14
12	302	14
13	302	23
14	302	23
15	302	20
16	302	39
17	302	36
18	302	39
19	302	28
20	302	16
21	302	13
22	302	18
23	302	2
0	303	4
1	303	6
2	303	6
3	303	9
4	303	21
5	303	27
6	303	29
7	303	28
8	303	32
9	303	32
10	303	22
11	303	25
12	303	29
13	303	26
14	303	32
15	303	36
16	303	34
17	303	32
18	303	39
19	303	43
20	303	36
21	303	22
22	303	8
23	303	3
0	304	0
1	304	0
2	304	0
3	304	0
4	304	35
5	304	35
6	304	27
7	304	10
8	304	27
9	304	58
10	304	0
11	304	10
12	304	27
13	304	43
14	304	10
15	304	27
16	304	51
17	304	10
18	304	58
19	304	35
20	304	58
21	304	10
22	304	0
23	304	10
0	305	0
1	305	0
2	305	0
3	305	0
4	305	0
5	305	13
6	305	0
7	305	48
8	305	13
9	305	77
10	305	86
11	305	0
12	305	13
13	305	25
14	305	48
15	305	13
16	305	48
17	305	13
18	305	0
19	305	25
20	305	37
21	305	13
22	305	0
23	305	25
0	306	0
1	306	0
2	306	0
3	306	0
4	306	7
5	306	14
6	306	20
7	306	20
8	306	27
9	306	14
10	306	7
11	306	27
12	306	14
13	306	20
14	306	0
15	306	14
16	306	44
17	306	14
18	306	50
19	306	14
20	306	20
21	306	14
22	306	7
23	306	0
0	307	0
1	307	0
2	307	0
3	307	0
4	307	0
5	307	9
6	307	0
7	307	45
8	307	14
9	307	34
10	307	0
11	307	26
12	307	34
13	307	14
14	307	9
15	307	26
16	307	41
17	307	22
18	307	49
19	307	26
20	307	26
21	307	18
22	307	0
23	307	9
0	308	27
1	308	0
2	308	0
3	308	0
4	308	19
5	308	27
6	308	19
7	308	10
8	308	10
9	308	0
10	308	10
11	308	10
12	308	0
13	308	0
14	308	19
15	308	19
16	308	66
17	308	19
18	308	27
19	308	19
20	308	27
21	308	35
22	308	19
23	308	27
0	309	0
1	309	0
2	309	0
3	309	0
4	309	0
5	309	14
6	309	27
7	309	27
8	309	27
9	309	0
10	309	27
11	309	0
12	309	14
13	309	14
14	309	39
15	309	14
16	309	39
17	309	50
18	309	27
19	309	27
20	309	61
21	309	14
22	309	14
23	309	0
0	310	0
1	310	0
2	310	9
3	310	9
4	310	9
5	310	61
6	310	25
7	310	17
8	310	33
9	310	17
10	310	25
11	310	9
12	310	25
13	310	25
14	310	17
15	310	17
16	310	17
17	310	61
18	310	9
19	310	9
20	310	25
21	310	17
22	310	0
23	310	9
0	311	0
1	311	0
2	311	0
3	311	0
4	311	5
5	311	0
6	311	0
7	311	14
8	311	9
9	311	0
10	311	9
11	311	5
12	311	9
13	311	26
14	311	0
15	311	5
16	311	26
17	311	26
18	311	34
19	311	22
20	311	22
21	311	0
22	311	9
23	311	0
0	312	0
1	312	0
2	312	5
3	312	5
4	312	10
5	312	33
6	312	33
7	312	28
8	312	24
9	312	19
10	312	37
11	312	19
12	312	33
13	312	24
14	312	57
15	312	10
16	312	24
17	312	19
18	312	28
19	312	49
20	312	19
21	312	15
22	312	15
23	312	0
0	313	8
1	313	2
2	313	3
3	313	6
4	313	17
5	313	28
6	313	36
7	313	30
8	313	23
9	313	26
10	313	35
11	313	22
12	313	32
13	313	27
14	313	27
15	313	38
16	313	31
17	313	36
18	313	38
19	313	46
20	313	38
21	313	20
22	313	15
23	313	8
0	314	0
1	314	3
2	314	0
3	314	3
4	314	11
5	314	22
6	314	24
7	314	9
8	314	28
9	314	24
10	314	24
11	314	26
12	314	24
13	314	13
14	314	20
15	314	39
16	314	30
17	314	30
18	314	33
19	314	30
20	314	37
21	314	15
22	314	9
23	314	5
0	315	0
1	315	0
2	315	0
3	315	0
4	315	0
5	315	11
6	315	21
7	315	0
8	315	11
9	315	49
10	315	0
11	315	0
12	315	21
13	315	11
14	315	0
15	315	0
16	315	11
17	315	0
18	315	31
19	315	11
20	315	0
21	315	0
22	315	0
23	315	0
0	316	0
1	316	0
2	316	0
3	316	0
4	316	0
5	316	22
6	316	11
7	316	0
8	316	11
9	316	0
10	316	0
11	316	0
12	316	11
13	316	11
14	316	11
15	316	31
16	316	0
17	316	0
18	316	0
19	316	50
20	316	90
21	316	0
22	316	11
23	316	0
0	317	0
1	317	0
2	317	0
3	317	0
4	317	0
5	317	0
6	317	0
7	317	0
8	317	0
9	317	137
10	317	137
11	317	0
12	317	0
13	317	0
14	317	0
15	317	0
16	317	0
17	317	0
18	317	0
19	317	137
20	317	0
21	317	0
22	317	0
23	317	0
0	318	0
1	318	0
2	318	14
3	318	14
4	318	7
5	318	27
6	318	14
7	318	27
8	318	7
9	318	21
10	318	14
11	318	33
12	318	14
13	318	27
14	318	21
15	318	21
16	318	33
17	318	45
18	318	62
19	318	7
20	318	33
21	318	27
22	318	0
23	318	0
0	319	16
1	319	0
2	319	16
3	319	16
4	319	0
5	319	16
6	319	16
7	319	45
8	319	16
9	319	31
10	319	16
11	319	0
12	319	16
13	319	0
14	319	70
15	319	58
16	319	58
17	319	31
18	319	31
19	319	31
20	319	70
21	319	58
22	319	0
23	319	0
0	320	0
1	320	0
2	320	0
3	320	0
4	320	24
5	320	24
6	320	24
7	320	24
8	320	46
9	320	24
10	320	46
11	320	24
12	320	0
13	320	0
14	320	24
15	320	0
16	320	0
17	320	24
18	320	24
19	320	0
20	320	24
21	320	0
22	320	0
23	320	0
0	321	0
1	321	0
2	321	0
3	321	0
4	321	0
5	321	137
6	321	0
7	321	0
8	321	0
9	321	137
10	321	0
11	321	0
12	321	0
13	321	137
14	321	0
15	321	0
16	321	0
17	321	0
18	321	0
19	321	0
20	321	0
21	321	0
22	321	0
23	321	0
0	322	0
1	322	0
2	322	0
3	322	0
4	322	0
5	322	0
6	322	0
7	322	0
8	322	0
9	322	0
10	322	0
11	322	0
12	322	0
13	322	0
14	322	0
15	322	0
16	322	0
17	322	0
18	322	0
19	322	0
20	322	0
21	322	0
22	322	0
23	322	0
0	323	3
1	323	6
2	323	5
3	323	7
4	323	24
5	323	26
6	323	41
7	323	33
8	323	38
9	323	27
10	323	33
11	323	31
12	323	31
13	323	34
14	323	32
15	323	30
16	323	40
17	323	40
18	323	33
19	323	37
20	323	37
21	323	25
22	323	16
23	323	7
0	324	0
1	324	0
2	324	0
3	324	0
4	324	0
5	324	0
6	324	54
7	324	29
8	324	29
9	324	0
10	324	0
11	324	29
12	324	0
13	324	0
14	324	29
15	324	29
16	324	54
17	324	0
18	324	29
19	324	0
20	324	0
21	324	0
22	324	0
23	324	0
0	325	0
1	325	0
2	325	9
3	325	9
4	325	5
5	325	57
6	325	17
7	325	21
8	325	25
9	325	17
10	325	29
11	325	29
12	325	29
13	325	32
14	325	25
15	325	40
16	325	9
17	325	43
18	325	21
19	325	47
20	325	13
21	325	0
22	325	0
23	325	5
0	326	0
1	326	0
2	326	0
3	326	8
4	326	8
5	326	8
6	326	15
7	326	0
8	326	8
9	326	8
10	326	0
11	326	0
12	326	0
13	326	8
14	326	8
15	326	0
16	326	8
17	326	8
18	326	8
19	326	29
20	326	22
21	326	0
22	326	15
23	326	0
0	327	0
1	327	0
2	327	0
3	327	0
4	327	0
5	327	45
6	327	45
7	327	45
8	327	82
9	327	45
10	327	45
11	327	0
12	327	0
13	327	0
14	327	45
15	327	0
16	327	82
17	327	0
18	327	0
19	327	137
20	327	112
21	327	0
22	327	0
23	327	45
0	328	0
1	328	0
2	328	0
3	328	0
4	328	51
5	328	0
6	328	0
7	328	0
8	328	0
9	328	0
10	328	0
11	328	0
12	328	0
13	328	51
14	328	0
15	328	0
16	328	51
17	328	0
18	328	0
19	328	91
20	328	0
21	328	0
22	328	0
23	328	0
0	329	0
1	329	0
2	329	0
3	329	0
4	329	0
5	329	0
6	329	0
7	329	20
8	329	83
9	329	20
10	329	20
11	329	0
12	329	20
13	329	37
14	329	0
15	329	0
16	329	0
17	329	0
18	329	0
19	329	0
20	329	0
21	329	0
22	329	0
23	329	0
0	330	0
1	330	0
2	330	0
3	330	18
4	330	18
5	330	0
6	330	0
7	330	0
8	330	0
9	330	51
10	330	0
11	330	18
12	330	35
13	330	0
14	330	35
15	330	0
16	330	18
17	330	18
18	330	18
19	330	18
20	330	65
21	330	0
22	330	0
23	330	0
0	331	0
1	331	0
2	331	0
3	331	0
4	331	0
5	331	0
6	331	137
7	331	0
8	331	0
9	331	0
10	331	0
11	331	137
12	331	0
13	331	137
14	331	0
15	331	0
16	331	0
17	331	0
18	331	0
19	331	0
20	331	0
21	331	0
22	331	0
23	331	0
0	332	0
1	332	0
2	332	2
3	332	9
4	332	6
5	332	8
6	332	9
7	332	16
8	332	8
9	332	15
10	332	8
11	332	9
12	332	8
13	332	19
14	332	16
15	332	11
16	332	17
17	332	15
18	332	6
19	332	8
20	332	14
21	332	7
22	332	5
23	332	7
0	333	0
1	333	0
2	333	0
3	333	0
4	333	0
5	333	0
6	333	31
7	333	31
8	333	58
9	333	0
10	333	0
11	333	82
12	333	58
13	333	0
14	333	0
15	333	31
16	333	0
17	333	31
18	333	58
19	333	0
20	333	0
21	333	0
22	333	31
23	333	0
0	334	0
1	334	0
2	334	0
3	334	0
4	334	0
5	334	0
6	334	18
7	334	18
8	334	0
9	334	18
10	334	18
11	334	0
12	334	0
13	334	0
14	334	0
15	334	18
16	334	18
17	334	18
18	334	18
19	334	0
20	334	0
21	334	18
22	334	0
23	334	0
0	335	45
1	335	0
2	335	0
3	335	0
4	335	0
5	335	0
6	335	0
7	335	112
8	335	45
9	335	0
10	335	0
11	335	0
12	335	45
13	335	45
14	335	45
15	335	0
16	335	0
17	335	45
18	335	0
19	335	45
20	335	112
21	335	0
22	335	0
23	335	0
0	336	0
1	336	0
2	336	0
3	336	0
4	336	0
5	336	0
6	336	0
7	336	0
8	336	0
9	336	0
10	336	0
11	336	0
12	336	118
13	336	0
14	336	0
15	336	0
16	336	0
17	336	0
18	336	0
19	336	0
20	336	0
21	336	0
22	336	0
23	336	0
0	337	0
1	337	0
2	337	0
3	337	0
4	337	0
5	337	0
6	337	39
7	337	0
8	337	0
9	337	39
10	337	0
11	337	39
12	337	100
13	337	0
14	337	39
15	337	39
16	337	0
17	337	0
18	337	0
19	337	0
20	337	0
21	337	100
22	337	39
23	337	0
0	338	0
1	338	0
2	338	0
3	338	0
4	338	27
5	338	51
6	338	0
7	338	0
8	338	72
9	338	0
10	338	0
11	338	27
12	338	0
13	338	27
14	338	27
15	338	0
16	338	27
17	338	27
18	338	0
19	338	0
20	338	27
21	338	0
22	338	0
23	338	0
0	339	0
1	339	0
2	339	0
3	339	0
4	339	0
5	339	23
6	339	0
7	339	0
8	339	96
9	339	0
10	339	0
11	339	0
12	339	23
13	339	44
14	339	23
15	339	0
16	339	23
17	339	23
18	339	63
19	339	63
20	339	23
21	339	0
22	339	0
23	339	0
0	340	0
1	340	0
2	340	0
3	340	14
4	340	0
5	340	0
6	340	50
7	340	38
8	340	0
9	340	0
10	340	0
11	340	38
12	340	0
13	340	14
14	340	26
15	340	38
16	340	38
17	340	60
18	340	60
19	340	50
20	340	38
21	340	26
22	340	14
23	340	0
0	341	0
1	341	12
2	341	0
3	341	4
4	341	19
5	341	19
6	341	8
7	341	39
8	341	46
9	341	8
10	341	15
11	341	4
12	341	23
13	341	8
14	341	33
15	341	49
16	341	49
17	341	72
18	341	55
19	341	46
20	341	8
21	341	12
22	341	12
23	341	0
0	342	0
1	342	0
2	342	0
3	342	0
4	342	0
5	342	0
6	342	15
7	342	0
8	342	0
9	342	0
10	342	67
11	342	0
12	342	43
13	342	0
14	342	15
15	342	30
16	342	0
17	342	0
18	342	15
19	342	30
20	342	0
21	342	30
22	342	0
23	342	0
0	343	3
1	343	2
2	343	3
3	343	7
4	343	13
5	343	18
6	343	16
7	343	18
8	343	15
9	343	17
10	343	12
11	343	15
12	343	18
13	343	18
14	343	15
15	343	18
16	343	21
17	343	24
18	343	22
19	343	21
20	343	21
21	343	14
22	343	8
23	343	4
0	344	0
1	344	0
2	344	0
3	344	0
4	344	0
5	344	0
6	344	175
7	344	0
8	344	0
9	344	230
10	344	0
11	344	0
12	344	0
13	344	0
14	344	0
15	344	0
16	344	0
17	344	0
18	344	0
19	344	0
20	344	0
21	344	0
22	344	0
23	344	0
0	345	2
1	345	2
2	345	9
3	345	7
4	345	12
5	345	34
6	345	28
7	345	20
8	345	22
9	345	15
10	345	19
11	345	25
12	345	31
13	345	12
14	345	19
15	345	31
16	345	19
17	345	29
18	345	29
19	345	32
20	345	19
21	345	19
22	345	19
23	345	2
0	346	3
1	346	2
2	346	2
3	346	8
4	346	9
5	346	25
6	346	19
7	346	16
8	346	18
9	346	18
10	346	14
11	346	18
12	346	26
13	346	22
14	346	19
15	346	21
16	346	30
17	346	34
18	346	41
19	346	32
20	346	25
21	346	13
22	346	9
23	346	4
0	347	0
1	347	4
2	347	0
3	347	4
4	347	8
5	347	34
6	347	4
7	347	16
8	347	16
9	347	12
10	347	16
11	347	12
12	347	8
13	347	4
14	347	4
15	347	19
16	347	16
17	347	34
18	347	37
19	347	16
20	347	27
21	347	12
22	347	0
23	347	8
0	348	2
1	348	2
2	348	3
3	348	6
4	348	22
5	348	22
6	348	22
7	348	18
8	348	19
9	348	16
10	348	17
11	348	21
12	348	23
13	348	19
14	348	18
15	348	22
16	348	29
17	348	25
18	348	28
19	348	34
20	348	25
21	348	15
22	348	5
23	348	7
0	349	0
1	349	0
2	349	0
3	349	0
4	349	0
5	349	0
6	349	132
7	349	98
8	349	132
9	349	55
10	349	98
11	349	159
12	349	55
13	349	98
14	349	0
15	349	55
16	349	0
17	349	0
18	349	0
19	349	0
20	349	0
21	349	0
22	349	0
23	349	0
0	350	0
1	350	0
2	350	0
3	350	14
4	350	14
5	350	28
6	350	14
7	350	14
8	350	40
9	350	0
10	350	40
11	350	14
12	350	0
13	350	14
14	350	63
15	350	14
16	350	52
17	350	14
18	350	14
19	350	14
20	350	0
21	350	0
22	350	0
23	350	0
0	351	6
1	351	0
2	351	6
3	351	0
4	351	14
5	351	0
6	351	11
7	351	11
8	351	11
9	351	9
10	351	14
11	351	6
12	351	24
13	351	19
14	351	17
15	351	9
16	351	9
17	351	14
18	351	14
19	351	24
20	351	19
21	351	17
22	351	9
23	351	6
0	352	0
1	352	0
2	352	0
3	352	0
4	352	103
5	352	0
6	352	0
7	352	0
8	352	0
9	352	0
10	352	0
11	352	0
12	352	0
13	352	0
14	352	0
15	352	0
16	352	103
17	352	0
18	352	0
19	352	0
20	352	0
21	352	0
22	352	0
23	352	0
0	353	0
1	353	0
2	353	10
3	353	0
4	353	37
5	353	10
6	353	10
7	353	19
8	353	0
9	353	10
10	353	19
11	353	0
12	353	10
13	353	19
14	353	10
15	353	0
16	353	10
17	353	0
18	353	28
19	353	28
20	353	10
21	353	10
22	353	10
23	353	37
0	354	0
1	354	0
2	354	0
3	354	23
4	354	43
5	354	0
6	354	23
7	354	0
8	354	0
9	354	62
10	354	0
11	354	43
12	354	0
13	354	0
14	354	43
15	354	0
16	354	43
17	354	23
18	354	23
19	354	43
20	354	43
21	354	0
22	354	43
23	354	23
0	355	2
1	355	3
2	355	3
3	355	9
4	355	30
5	355	31
6	355	19
7	355	35
8	355	15
9	355	14
10	355	23
11	355	30
12	355	12
13	355	6
14	355	18
15	355	27
16	355	19
17	355	25
18	355	34
19	355	43
20	355	35
21	355	15
22	355	3
23	355	2
0	356	0
1	356	0
2	356	0
3	356	0
4	356	0
5	356	0
6	356	154
7	356	0
8	356	154
9	356	215
10	356	0
11	356	0
12	356	0
13	356	154
14	356	0
15	356	0
16	356	0
17	356	0
18	356	0
19	356	0
20	356	0
21	356	0
22	356	0
23	356	0
0	357	0
1	357	0
2	357	0
3	357	0
4	357	17
5	357	0
6	357	75
7	357	0
8	357	0
9	357	33
10	357	75
11	357	17
12	357	17
13	357	17
14	357	33
15	357	0
16	357	75
17	357	0
18	357	48
19	357	0
20	357	62
21	357	17
22	357	0
23	357	0
0	358	0
1	358	0
2	358	17
3	358	9
4	358	80
5	358	33
6	358	33
7	358	17
8	358	25
9	358	17
10	358	0
11	358	25
12	358	25
13	358	9
14	358	33
15	358	33
16	358	61
17	358	108
18	358	9
19	358	25
20	358	55
21	358	0
22	358	9
23	358	0
0	359	0
1	359	0
2	359	0
3	359	0
4	359	0
5	359	0
6	359	0
7	359	0
8	359	49
9	359	0
10	359	0
11	359	0
12	359	0
13	359	0
14	359	49
15	359	0
16	359	0
17	359	0
18	359	0
19	359	0
20	359	0
21	359	0
22	359	0
23	359	0
0	360	2
1	360	3
2	360	5
3	360	6
4	360	17
5	360	23
6	360	15
7	360	21
8	360	24
9	360	17
10	360	21
11	360	22
12	360	18
13	360	20
14	360	24
15	360	25
16	360	22
17	360	18
18	360	34
19	360	30
20	360	17
21	360	14
22	360	7
23	360	4
0	361	0
1	361	0
2	361	0
3	361	42
4	361	0
5	361	42
6	361	55
7	361	0
8	361	42
9	361	29
10	361	29
11	361	29
12	361	77
13	361	88
14	361	29
15	361	29
16	361	15
17	361	15
18	361	29
19	361	29
20	361	55
21	361	55
22	361	15
23	361	0
0	362	0
1	362	0
2	362	9
3	362	0
4	362	18
5	362	34
6	362	42
7	362	9
8	362	9
9	362	26
10	362	34
11	362	9
12	362	26
13	362	18
14	362	9
15	362	18
16	362	42
17	362	9
18	362	9
19	362	34
20	362	0
21	362	9
22	362	9
23	362	0
0	363	0
1	363	28
2	363	0
3	363	0
4	363	0
5	363	44
6	363	0
7	363	10
8	363	0
9	363	19
10	363	10
11	363	0
12	363	52
13	363	0
14	363	0
15	363	28
16	363	10
17	363	0
18	363	28
19	363	10
20	363	10
21	363	19
22	363	0
23	363	0
0	364	2
1	364	0
2	364	1
3	364	4
4	364	4
5	364	12
6	364	8
7	364	14
8	364	11
9	364	11
10	364	8
11	364	11
12	364	14
13	364	10
14	364	12
15	364	17
16	364	14
17	364	7
18	364	19
19	364	17
20	364	8
21	364	12
22	364	3
23	364	3
0	365	0
1	365	0
2	365	0
3	365	0
4	365	12
5	365	8
6	365	5
7	365	5
8	365	10
9	365	10
10	365	15
11	365	26
12	365	0
13	365	5
14	365	12
15	365	19
16	365	10
17	365	21
18	365	19
19	365	28
20	365	8
21	365	10
22	365	5
23	365	0
0	366	0
1	366	0
2	366	0
3	366	0
4	366	0
5	366	0
6	366	0
7	366	45
8	366	0
9	366	82
10	366	45
11	366	0
12	366	82
13	366	45
14	366	0
15	366	82
16	366	0
17	366	0
18	366	0
19	366	45
20	366	112
21	366	0
22	366	0
23	366	0
0	367	0
1	367	0
2	367	0
3	367	38
4	367	0
5	367	0
6	367	0
7	367	38
8	367	0
9	367	38
10	367	38
11	367	0
12	367	0
13	367	0
14	367	0
15	367	0
16	367	0
17	367	97
18	367	0
19	367	38
20	367	0
21	367	0
22	367	0
23	367	0
0	368	0
1	368	0
2	368	0
3	368	5
4	368	29
5	368	24
6	368	5
7	368	15
8	368	20
9	368	20
10	368	20
11	368	10
12	368	20
13	368	0
14	368	10
15	368	50
16	368	24
17	368	15
18	368	15
19	368	20
20	368	10
21	368	42
22	368	0
23	368	0
0	369	0
1	369	4
2	369	5
3	369	7
4	369	16
5	369	17
6	369	20
7	369	28
8	369	17
9	369	18
10	369	22
11	369	18
12	369	25
13	369	18
14	369	17
15	369	18
16	369	25
17	369	29
18	369	40
19	369	28
20	369	22
21	369	17
22	369	10
23	369	3
0	370	0
1	370	0
2	370	6
3	370	9
4	370	6
5	370	9
6	370	9
7	370	12
8	370	12
9	370	15
10	370	12
11	370	9
12	370	12
13	370	12
14	370	15
15	370	15
16	370	20
17	370	6
18	370	12
19	370	26
20	370	17
21	370	9
22	370	0
23	370	3
0	371	10
1	371	5
2	371	5
3	371	15
4	371	19
5	371	24
6	371	28
7	371	19
8	371	36
9	371	19
10	371	10
11	371	0
12	371	0
13	371	36
14	371	19
15	371	19
16	371	28
17	371	24
18	371	5
19	371	0
20	371	28
21	371	0
22	371	0
23	371	0
0	372	0
1	372	5
2	372	3
3	372	6
4	372	11
5	372	17
6	372	24
7	372	22
8	372	30
9	372	30
10	372	12
11	372	22
12	372	32
13	372	19
14	372	27
15	372	35
16	372	28
17	372	43
18	372	37
19	372	22
20	372	11
21	372	9
22	372	12
23	372	3
0	373	1
1	373	1
2	373	2
3	373	2
4	373	6
5	373	8
6	373	5
7	373	7
8	373	8
9	373	8
10	373	8
11	373	11
12	373	10
13	373	11
14	373	8
15	373	6
16	373	7
17	373	9
18	373	10
19	373	11
20	373	7
21	373	5
22	373	4
23	373	2
0	374	0
1	374	12
2	374	0
3	374	22
4	374	0
5	374	12
6	374	0
7	374	12
8	374	22
9	374	12
10	374	0
11	374	33
12	374	0
13	374	12
14	374	42
15	374	22
16	374	33
17	374	69
18	374	22
19	374	33
20	374	0
21	374	12
22	374	12
23	374	0
0	375	0
1	375	11
2	375	0
3	375	0
4	375	11
5	375	6
6	375	30
7	375	15
8	375	11
9	375	20
10	375	25
11	375	25
12	375	11
13	375	6
14	375	15
15	375	43
16	375	47
17	375	85
18	375	30
19	375	0
20	375	25
21	375	0
22	375	0
23	375	0
0	376	0
1	376	0
2	376	0
3	376	0
4	376	0
5	376	35
6	376	0
7	376	0
8	376	35
9	376	90
10	376	0
11	376	0
12	376	0
13	376	0
14	376	90
15	376	0
16	376	64
17	376	0
18	376	64
19	376	0
20	376	35
21	376	0
22	376	0
23	376	0
0	377	0
1	377	0
2	377	0
3	377	0
4	377	0
5	377	0
6	377	0
7	377	0
8	377	68
9	377	0
10	377	0
11	377	0
12	377	0
13	377	0
14	377	0
15	377	0
16	377	0
17	377	0
18	377	0
19	377	0
20	377	0
21	377	0
22	377	0
23	377	0
0	378	0
1	378	0
2	378	0
3	378	30
4	378	0
5	378	0
6	378	57
7	378	0
8	378	0
9	378	0
10	378	30
11	378	57
12	378	0
13	378	30
14	378	30
15	378	0
16	378	0
17	378	30
18	378	0
19	378	0
20	378	0
21	378	0
22	378	0
23	378	0
0	379	3
1	379	3
2	379	6
3	379	8
4	379	16
5	379	14
6	379	23
7	379	19
8	379	18
9	379	21
10	379	29
11	379	26
12	379	19
13	379	16
14	379	22
15	379	30
16	379	34
17	379	26
18	379	45
19	379	40
20	379	25
21	379	19
22	379	14
23	379	6
0	380	2
1	380	2
2	380	1
3	380	6
4	380	16
5	380	18
6	380	16
7	380	20
8	380	15
9	380	15
10	380	18
11	380	13
12	380	15
13	380	20
14	380	17
15	380	23
16	380	20
17	380	31
18	380	28
19	380	30
20	380	17
21	380	14
22	380	5
23	380	3
0	381	0
1	381	6
2	381	10
3	381	38
4	381	15
5	381	38
6	381	29
7	381	34
8	381	20
9	381	46
10	381	34
11	381	34
12	381	25
13	381	0
14	381	51
15	381	34
16	381	25
17	381	62
18	381	55
19	381	38
20	381	10
21	381	15
22	381	0
23	381	0
0	382	1
1	382	2
2	382	3
3	382	8
4	382	20
5	382	23
6	382	29
7	382	21
8	382	18
9	382	20
10	382	14
11	382	18
12	382	19
13	382	19
14	382	16
15	382	22
16	382	21
17	382	32
18	382	29
19	382	34
20	382	26
21	382	13
22	382	9
23	382	7
0	383	11
1	383	0
2	383	2
3	383	2
4	383	2
5	383	11
6	383	46
7	383	33
8	383	59
9	383	38
10	383	43
11	383	27
12	383	38
13	383	36
14	383	27
15	383	13
16	383	22
17	383	30
18	383	18
19	383	23
20	383	8
21	383	18
22	383	13
23	383	6
0	384	3
1	384	2
2	384	3
3	384	5
4	384	19
5	384	23
6	384	24
7	384	24
8	384	21
9	384	18
10	384	20
11	384	23
12	384	22
13	384	26
14	384	27
15	384	25
16	384	28
17	384	26
18	384	30
19	384	34
20	384	30
21	384	19
22	384	11
23	384	7
0	385	0
1	385	0
2	385	0
3	385	64
4	385	0
5	385	0
6	385	0
7	385	64
8	385	148
9	385	64
10	385	0
11	385	0
12	385	0
13	385	0
14	385	0
15	385	0
16	385	0
17	385	64
18	385	0
19	385	0
20	385	0
21	385	0
22	385	0
23	385	0
0	386	0
1	386	0
2	386	0
3	386	0
4	386	0
5	386	0
6	386	0
7	386	0
8	386	0
9	386	0
10	386	0
11	386	0
12	386	0
13	386	0
14	386	0
15	386	0
16	386	0
17	386	0
18	386	0
19	386	0
20	386	0
21	386	0
22	386	0
23	386	0
0	387	0
1	387	0
2	387	0
3	387	0
4	387	0
5	387	12
6	387	54
7	387	0
8	387	34
9	387	63
10	387	23
11	387	34
12	387	54
13	387	0
14	387	23
15	387	12
16	387	54
17	387	54
18	387	54
19	387	12
20	387	34
21	387	12
22	387	0
23	387	12
0	388	0
1	388	8
2	388	15
3	388	0
4	388	15
5	388	53
6	388	0
7	388	0
8	388	15
9	388	8
10	388	41
11	388	35
12	388	47
13	388	41
14	388	15
15	388	8
16	388	15
17	388	8
18	388	22
19	388	59
20	388	22
21	388	8
22	388	22
23	388	0
0	389	0
1	389	3
2	389	3
3	389	0
4	389	18
5	389	22
6	389	20
7	389	33
8	389	31
9	389	29
10	389	26
11	389	24
12	389	14
13	389	29
14	389	35
15	389	31
16	389	26
17	389	20
18	389	38
19	389	20
20	389	8
21	389	7
22	389	3
23	389	5
0	390	2
1	390	2
2	390	2
3	390	3
4	390	7
5	390	8
6	390	17
7	390	12
8	390	13
9	390	15
10	390	14
11	390	15
12	390	16
13	390	17
14	390	21
15	390	17
16	390	21
17	390	25
18	390	26
19	390	30
20	390	24
21	390	13
22	390	8
23	390	3
0	391	6
1	391	0
2	391	4
3	391	6
4	391	8
5	391	18
6	391	11
7	391	20
8	391	15
9	391	11
10	391	24
11	391	18
12	391	20
13	391	10
14	391	15
15	391	13
16	391	15
17	391	24
18	391	17
19	391	22
20	391	17
21	391	18
22	391	2
23	391	0
0	392	14
1	392	0
2	392	7
3	392	7
4	392	27
5	392	21
6	392	68
7	392	34
8	392	21
9	392	0
10	392	21
11	392	7
12	392	21
13	392	14
14	392	34
15	392	14
16	392	7
17	392	0
18	392	0
19	392	57
20	392	57
21	392	40
22	392	14
23	392	7
0	393	18
1	393	0
2	393	0
3	393	0
4	393	0
5	393	0
6	393	18
7	393	35
8	393	0
9	393	0
10	393	0
11	393	0
12	393	0
13	393	0
14	393	18
15	393	0
16	393	35
17	393	50
18	393	35
19	393	35
20	393	0
21	393	0
22	393	0
23	393	0
0	394	0
1	394	2
2	394	1
3	394	8
4	394	25
5	394	25
6	394	33
7	394	26
8	394	42
9	394	21
10	394	21
11	394	19
12	394	17
13	394	30
14	394	14
15	394	32
16	394	21
17	394	37
18	394	33
19	394	32
20	394	32
21	394	18
22	394	12
23	394	8
0	395	0
1	395	0
2	395	54
3	395	0
4	395	0
5	395	0
6	395	29
7	395	0
8	395	0
9	395	96
10	395	0
11	395	54
12	395	29
13	395	29
14	395	0
15	395	29
16	395	0
17	395	54
18	395	54
19	395	29
20	395	54
21	395	0
22	395	0
23	395	0
0	396	0
1	396	0
2	396	0
3	396	0
4	396	0
5	396	0
6	396	0
7	396	0
8	396	0
9	396	0
10	396	0
11	396	0
12	396	175
13	396	0
14	396	0
15	396	0
16	396	175
17	396	175
18	396	0
19	396	0
20	396	0
21	396	0
22	396	0
23	396	0
0	397	0
1	397	0
2	397	0
3	397	7
4	397	12
5	397	7
6	397	12
7	397	12
8	397	0
9	397	7
10	397	0
11	397	12
12	397	12
13	397	12
14	397	12
15	397	12
16	397	18
17	397	40
18	397	12
19	397	35
20	397	50
21	397	7
22	397	0
23	397	0
0	398	0
1	398	2
2	398	7
3	398	4
4	398	18
5	398	10
6	398	13
7	398	15
8	398	20
9	398	12
10	398	7
11	398	15
12	398	29
13	398	13
14	398	15
15	398	29
16	398	18
17	398	20
18	398	15
19	398	30
20	398	30
21	398	12
22	398	5
23	398	4
0	399	0
1	399	0
2	399	14
3	399	0
4	399	14
5	399	0
6	399	14
7	399	0
8	399	14
9	399	14
10	399	26
11	399	14
12	399	14
13	399	38
14	399	14
15	399	26
16	399	14
17	399	38
18	399	49
19	399	26
20	399	14
21	399	49
22	399	14
23	399	0
0	400	4
1	400	3
2	400	3
3	400	5
4	400	12
5	400	19
6	400	21
7	400	21
8	400	20
9	400	19
10	400	19
11	400	20
12	400	20
13	400	20
14	400	19
15	400	20
16	400	21
17	400	21
18	400	24
19	400	24
20	400	21
21	400	12
22	400	7
23	400	5
0	401	10
1	401	3
2	401	0
3	401	13
4	401	8
5	401	10
6	401	20
7	401	17
8	401	15
9	401	17
10	401	17
11	401	33
12	401	17
13	401	15
14	401	17
15	401	24
16	401	31
17	401	20
18	401	33
19	401	17
20	401	5
21	401	8
22	401	8
23	401	5
0	402	0
1	402	0
2	402	0
3	402	0
4	402	27
5	402	21
6	402	14
7	402	7
8	402	7
9	402	0
10	402	39
11	402	0
12	402	14
13	402	21
14	402	27
15	402	27
16	402	45
17	402	33
18	402	27
19	402	39
20	402	7
21	402	7
22	402	0
23	402	7
0	403	0
1	403	0
2	403	0
3	403	0
4	403	0
5	403	26
6	403	0
7	403	9
8	403	9
9	403	0
10	403	18
11	403	9
12	403	0
13	403	18
14	403	0
15	403	18
16	403	18
17	403	9
18	403	26
19	403	9
20	403	42
21	403	0
22	403	9
23	403	0
0	404	4
1	404	4
2	404	11
3	404	18
4	404	19
5	404	32
6	404	32
7	404	28
8	404	28
9	404	23
10	404	32
11	404	25
12	404	23
13	404	33
14	404	27
15	404	37
16	404	43
17	404	27
18	404	25
19	404	34
20	404	34
21	404	28
22	404	16
23	404	7
0	405	0
1	405	0
2	405	0
3	405	0
4	405	19
5	405	53
6	405	19
7	405	19
8	405	37
9	405	0
10	405	37
11	405	106
12	405	68
13	405	0
14	405	19
15	405	53
16	405	0
17	405	19
18	405	37
19	405	0
20	405	37
21	405	0
22	405	0
23	405	0
0	406	4
1	406	4
2	406	4
3	406	4
4	406	8
5	406	48
6	406	22
7	406	32
8	406	48
9	406	45
10	406	8
11	406	29
12	406	36
13	406	45
14	406	32
15	406	15
16	406	54
17	406	54
18	406	45
19	406	39
20	406	26
21	406	15
22	406	26
23	406	4
0	407	0
1	407	20
2	407	20
3	407	0
4	407	20
5	407	0
6	407	39
7	407	0
8	407	0
9	407	20
10	407	0
11	407	39
12	407	20
13	407	71
14	407	0
15	407	0
16	407	0
17	407	0
18	407	0
19	407	39
20	407	20
21	407	111
22	407	20
23	407	0
0	408	0
1	408	0
2	408	0
3	408	0
4	408	0
5	408	38
6	408	0
7	408	38
8	408	38
9	408	38
10	408	0
11	408	0
12	408	38
13	408	0
14	408	0
15	408	0
16	408	0
17	408	70
18	408	0
19	408	140
20	408	0
21	408	38
22	408	0
23	408	0
0	409	0
1	409	0
2	409	0
3	409	8
4	409	23
5	409	12
6	409	16
7	409	12
8	409	4
9	409	0
10	409	20
11	409	8
12	409	27
13	409	4
14	409	20
15	409	8
16	409	12
17	409	12
18	409	20
19	409	16
20	409	16
21	409	0
22	409	8
23	409	0
