Counts for Samsung(12) in Israel(22):
Hour	Location Index	Count
0	0	3
1	0	3
2	0	8
3	0	8
4	0	20
5	0	8
6	0	15
7	0	29
8	0	18
9	0	6
10	0	18
11	0	6
12	0	15
13	0	23
14	0	27
15	0	13
16	0	25
17	0	23
18	0	36
19	0	43
20	0	20
21	0	13
22	0	8
23	0	8
0	1	0
1	1	0
2	1	0
3	1	0
4	1	0
5	1	0
6	1	0
7	1	0
8	1	0
9	1	0
10	1	77
11	1	0
12	1	0
13	1	0
14	1	0
15	1	0
16	1	0
17	1	77
18	1	0
19	1	0
20	1	0
21	1	0
22	1	0
23	1	0
0	2	0
1	2	0
2	2	0
3	2	38
4	2	38
5	2	38
6	2	0
7	2	0
8	2	70
9	2	0
10	2	38
11	2	38
12	2	38
13	2	38
14	2	0
15	2	38
16	2	0
17	2	38
18	2	0
19	2	38
20	2	0
21	2	0
22	2	0
23	2	0
0	3	0
1	3	0
2	3	0
3	3	0
4	3	0
5	3	0
6	3	0
7	3	0
8	3	0
9	3	0
10	3	0
11	3	0
12	3	0
13	3	0
14	3	0
15	3	0
16	3	0
17	3	0
18	3	33
19	3	33
20	3	0
21	3	0
22	3	0
23	3	33
0	4	0
1	4	43
2	4	0
3	4	79
4	4	0
5	4	43
6	4	0
7	4	0
8	4	0
9	4	0
10	4	0
11	4	43
12	4	0
13	4	0
14	4	0
15	4	0
16	4	0
17	4	0
18	4	43
19	4	0
20	4	43
21	4	79
22	4	0
23	4	0
0	5	0
1	5	5
2	5	5
3	5	5
4	5	5
5	5	0
6	5	0
7	5	9
8	5	9
9	5	9
10	5	0
11	5	5
12	5	14
13	5	9
14	5	18
15	5	22
16	5	18
17	5	26
18	5	14
19	5	18
20	5	14
21	5	5
22	5	0
23	5	9
0	6	0
1	6	0
2	6	0
3	6	0
4	6	0
5	6	0
6	6	0
7	6	0
8	6	0
9	6	0
10	6	0
11	6	0
12	6	0
13	6	0
14	6	0
15	6	0
16	6	0
17	6	0
18	6	0
19	6	0
20	6	0
21	6	0
22	6	0
23	6	0
0	7	3
1	7	2
2	7	2
3	7	5
4	7	6
5	7	11
6	7	11
7	7	12
8	7	17
9	7	18
10	7	16
11	7	17
12	7	19
13	7	16
14	7	13
15	7	12
16	7	17
17	7	19
18	7	27
19	7	20
20	7	17
21	7	11
22	7	9
23	7	7
0	8	3
1	8	3
2	8	5
3	8	5
4	8	6
5	8	11
6	8	15
7	8	14
8	8	17
9	8	16
10	8	22
11	8	17
12	8	22
13	8	20
14	8	13
15	8	22
16	8	26
17	8	21
18	8	26
19	8	20
20	8	20
21	8	18
22	8	9
23	8	8
0	9	6
1	9	4
2	9	5
3	9	7
4	9	12
5	9	12
6	9	13
7	9	18
8	9	15
9	9	20
10	9	18
11	9	21
12	9	17
13	9	16
14	9	18
15	9	16
16	9	18
17	9	25
18	9	25
19	9	24
20	9	21
21	9	22
22	9	12
23	9	7
0	10	6
1	10	0
2	10	0
3	10	0
4	10	0
5	10	0
6	10	6
7	10	12
8	10	0
9	10	12
10	10	0
11	10	18
12	10	12
13	10	6
14	10	6
15	10	23
16	10	38
17	10	23
18	10	23
19	10	18
20	10	23
21	10	6
22	10	18
23	10	0
0	11	0
1	11	0
2	11	0
3	11	0
4	11	0
5	11	0
6	11	0
7	11	0
8	11	175
9	11	175
10	11	0
11	11	0
12	11	0
13	11	0
14	11	0
15	11	0
16	11	0
17	11	0
18	11	0
19	11	0
20	11	0
21	11	0
22	11	0
23	11	0
0	12	0
1	12	22
2	12	0
3	12	41
4	12	75
5	12	0
6	12	0
7	12	0
8	12	0
9	12	22
10	12	0
11	12	22
12	12	22
13	12	0
14	12	41
15	12	22
16	12	22
17	12	22
18	12	0
19	12	59
20	12	59
21	12	0
22	12	0
23	12	0
0	13	0
1	13	0
2	13	0
3	13	0
4	13	0
5	13	0
6	13	0
7	13	0
8	13	66
9	13	0
10	13	0
11	13	36
12	13	0
13	13	0
14	13	36
15	13	66
16	13	0
17	13	36
18	13	0
19	13	36
20	13	0
21	13	0
22	13	0
23	13	0
0	14	4
1	14	3
2	14	6
3	14	12
4	14	20
5	14	13
6	14	19
7	14	23
8	14	19
9	14	11
10	14	18
11	14	18
12	14	19
13	14	19
14	14	13
15	14	19
16	14	10
17	14	25
18	14	25
19	14	24
20	14	15
21	14	17
22	14	24
23	14	8
0	15	6
1	15	2
2	15	0
3	15	0
4	15	7
5	15	14
6	15	9
7	15	14
8	15	11
9	15	7
10	15	12
11	15	23
12	15	17
13	15	25
14	15	19
15	15	11
16	15	20
17	15	11
18	15	22
19	15	25
20	15	12
21	15	19
22	15	6
23	15	0
0	16	0
1	16	0
2	16	0
3	16	0
4	16	0
5	16	0
6	16	16
7	16	16
8	16	16
9	16	0
10	16	0
11	16	0
12	16	0
13	16	0
14	16	16
15	16	0
16	16	0
17	16	16
18	16	16
19	16	0
20	16	16
21	16	16
22	16	16
23	16	0
0	17	0
1	17	0
2	17	0
3	17	0
4	17	0
5	17	88
6	17	88
7	17	21
8	17	0
9	17	101
10	17	0
11	17	0
12	17	0
13	17	21
14	17	0
15	17	0
16	17	0
17	17	0
18	17	57
19	17	0
20	17	21
21	17	0
22	17	0
23	17	0
0	18	22
1	18	22
2	18	12
3	18	0
4	18	0
5	18	22
6	18	12
7	18	0
8	18	22
9	18	12
10	18	0
11	18	0
12	18	22
13	18	12
14	18	42
15	18	12
16	18	12
17	18	12
18	18	22
19	18	0
20	18	12
21	18	42
22	18	0
23	18	0
0	19	13
1	19	18
2	19	0
3	19	13
4	19	18
5	19	0
6	19	7
7	19	0
8	19	18
9	19	13
10	19	35
11	19	24
12	19	0
13	19	40
14	19	30
15	19	40
16	19	35
17	19	13
18	19	56
19	19	13
20	19	24
21	19	18
22	19	7
23	19	0
0	20	0
1	20	0
2	20	0
3	20	0
4	20	0
5	20	0
6	20	45
7	20	45
8	20	0
9	20	0
10	20	0
11	20	45
12	20	0
13	20	82
14	20	0
15	20	82
16	20	0
17	20	82
18	20	0
19	20	0
20	20	112
21	20	0
22	20	0
23	20	0
0	21	0
1	21	0
2	21	0
3	21	0
4	21	0
5	21	0
6	21	0
7	21	0
8	21	0
9	21	77
10	21	130
11	21	77
12	21	0
13	21	0
14	21	0
15	21	0
16	21	0
17	21	0
18	21	0
19	21	0
20	21	0
21	21	0
22	21	0
23	21	0
0	22	0
1	22	0
2	22	12
3	22	23
4	22	12
5	22	23
6	22	23
7	22	12
8	22	0
9	22	0
10	22	43
11	22	0
12	22	23
13	22	0
14	22	12
15	22	23
16	22	12
17	22	43
18	22	43
19	22	53
20	22	12
21	22	0
22	22	0
23	22	0
0	23	0
1	23	0
2	23	0
3	23	0
4	23	0
5	23	0
6	23	0
7	23	0
8	23	0
9	23	103
10	23	0
11	23	0
12	23	103
13	23	0
14	23	0
15	23	0
16	23	0
17	23	103
18	23	0
19	23	0
20	23	0
21	23	103
22	23	0
23	23	0
0	24	0
1	24	0
2	24	0
3	24	0
4	24	0
5	24	0
6	24	0
7	24	0
8	24	0
9	24	0
10	24	0
11	24	0
12	24	0
13	24	0
14	24	0
15	24	77
16	24	0
17	24	42
18	24	0
19	24	0
20	24	0
21	24	0
22	24	0
23	24	0
0	25	6
1	25	3
2	25	6
3	25	6
4	25	23
5	25	12
6	25	28
7	25	3
8	25	30
9	25	20
10	25	17
11	25	20
12	25	14
13	25	17
14	25	14
15	25	6
16	25	9
17	25	25
18	25	33
19	25	23
20	25	35
21	25	14
22	25	17
23	25	3
0	26	0
1	26	0
2	26	0
3	26	0
4	26	29
5	26	0
6	26	0
7	26	0
8	26	0
9	26	0
10	26	0
11	26	0
12	26	54
13	26	0
14	26	29
15	26	0
16	26	0
17	26	29
18	26	0
19	26	0
20	26	0
21	26	0
22	26	0
23	26	0
0	27	0
1	27	0
2	27	0
3	27	0
4	27	0
5	27	0
6	27	23
7	27	43
8	27	23
9	27	0
10	27	43
11	27	43
12	27	0
13	27	0
14	27	43
15	27	23
16	27	43
17	27	62
18	27	62
19	27	79
20	27	43
21	27	0
22	27	0
23	27	23
0	28	0
1	28	0
2	28	0
3	28	0
4	28	26
5	28	0
6	28	0
7	28	0
8	28	0
9	28	50
10	28	26
11	28	0
12	28	50
13	28	26
14	28	26
15	28	0
16	28	50
17	28	0
18	28	0
19	28	26
20	28	89
21	28	50
22	28	0
23	28	0
0	29	4
1	29	3
2	29	1
3	29	7
4	29	2
5	29	13
6	29	19
7	29	16
8	29	15
9	29	12
10	29	22
11	29	13
12	29	18
13	29	16
14	29	15
15	29	20
16	29	16
17	29	17
18	29	21
19	29	28
20	29	16
21	29	20
22	29	15
23	29	5
0	30	2
1	30	6
2	30	3
3	30	10
4	30	4
5	30	13
6	30	12
7	30	22
8	30	17
9	30	7
10	30	12
11	30	15
12	30	9
13	30	15
14	30	17
15	30	22
16	30	14
17	30	16
18	30	24
19	30	22
20	30	15
21	30	11
22	30	10
23	30	1
0	31	0
1	31	0
2	31	0
3	31	0
4	31	0
5	31	0
6	31	0
7	31	0
8	31	0
9	31	0
10	31	0
11	31	0
12	31	0
13	31	0
14	31	0
15	31	0
16	31	72
17	31	123
18	31	0
19	31	0
20	31	72
21	31	72
22	31	0
23	31	0
0	32	0
1	32	0
2	32	0
3	32	0
4	32	19
5	32	0
6	32	0
7	32	19
8	32	0
9	32	36
10	32	0
11	32	0
12	32	36
13	32	0
14	32	0
15	32	0
16	32	19
17	32	0
18	32	0
19	32	52
20	32	0
21	32	36
22	32	19
23	32	19
0	33	0
1	33	0
2	33	0
3	33	0
4	33	0
5	33	32
6	33	32
7	33	32
8	33	0
9	33	84
10	33	0
11	33	32
12	33	84
13	33	32
14	33	0
15	33	0
16	33	32
17	33	60
18	33	60
19	33	0
20	33	0
21	33	32
22	33	0
23	33	0
0	34	0
1	34	0
2	34	0
3	34	10
4	34	28
5	34	10
6	34	19
7	34	28
8	34	0
9	34	0
10	34	0
11	34	0
12	34	0
13	34	19
14	34	10
15	34	0
16	34	19
17	34	28
18	34	28
19	34	37
20	34	0
21	34	19
22	34	0
23	34	0
0	35	0
1	35	0
2	35	0
3	35	0
4	35	0
5	35	119
6	35	49
7	35	0
8	35	0
9	35	0
10	35	0
11	35	0
12	35	0
13	35	49
14	35	49
15	35	0
16	35	0
17	35	88
18	35	0
19	35	0
20	35	88
21	35	0
22	35	0
23	35	0
0	36	0
1	36	0
2	36	0
3	36	0
4	36	0
5	36	23
6	36	0
7	36	0
8	36	44
9	36	23
10	36	0
11	36	0
12	36	23
13	36	44
14	36	23
15	36	63
16	36	23
17	36	23
18	36	23
19	36	0
20	36	44
21	36	44
22	36	0
23	36	0
0	37	0
1	37	0
2	37	0
3	37	0
4	37	0
5	37	0
6	37	0
7	37	0
8	37	35
9	37	64
10	37	35
11	37	64
12	37	0
13	37	0
14	37	0
15	37	0
16	37	0
17	37	35
18	37	90
19	37	0
20	37	35
21	37	112
22	37	35
23	37	35
0	38	34
1	38	0
2	38	0
3	38	0
4	38	0
5	38	0
6	38	0
7	38	0
8	38	0
9	38	0
10	38	0
11	38	63
12	38	0
13	38	0
14	38	34
15	38	0
16	38	0
17	38	0
18	38	0
19	38	0
20	38	0
21	38	0
22	38	34
23	38	0
0	39	0
1	39	0
2	39	0
3	39	0
4	39	0
5	39	0
6	39	0
7	39	7
8	39	13
9	39	19
10	39	0
11	39	0
12	39	7
13	39	7
14	39	7
15	39	0
16	39	19
17	39	7
18	39	13
19	39	25
20	39	13
21	39	0
22	39	0
23	39	0
0	40	6
1	40	6
2	40	0
3	40	6
4	40	0
5	40	27
6	40	6
7	40	37
8	40	6
9	40	32
10	40	27
11	40	0
12	40	17
13	40	12
14	40	17
15	40	22
16	40	17
17	40	17
18	40	17
19	40	27
20	40	17
21	40	12
22	40	6
23	40	12
0	41	0
1	41	0
2	41	0
3	41	0
4	41	0
5	41	0
6	41	0
7	41	0
8	41	0
9	41	0
10	41	0
11	41	0
12	41	0
13	41	0
14	41	123
15	41	0
16	41	0
17	41	0
18	41	0
19	41	0
20	41	0
21	41	0
22	41	0
23	41	0
0	42	0
1	42	0
2	42	0
3	42	0
4	42	35
5	42	0
6	42	0
7	42	0
8	42	0
9	42	0
10	42	0
11	42	0
12	42	0
13	42	35
14	42	0
15	42	0
16	42	0
17	42	90
18	42	64
19	42	35
20	42	35
21	42	0
22	42	0
23	42	0
0	43	4
1	43	4
2	43	5
3	43	5
4	43	12
5	43	14
6	43	17
7	43	15
8	43	18
9	43	15
10	43	15
11	43	14
12	43	20
13	43	14
14	43	14
15	43	18
16	43	20
17	43	21
18	43	21
19	43	21
20	43	19
21	43	12
22	43	8
23	43	9
0	44	0
1	44	0
2	44	0
3	44	0
4	44	0
5	44	0
6	44	0
7	44	0
8	44	0
9	44	0
10	44	0
11	44	64
12	44	0
13	44	0
14	44	0
15	44	0
16	44	0
17	44	0
18	44	0
19	44	112
20	44	64
21	44	0
22	44	0
23	44	0
0	45	4
1	45	0
2	45	0
3	45	4
4	45	4
5	45	21
6	45	10
7	45	18
8	45	21
9	45	32
10	45	30
11	45	24
12	45	18
13	45	30
14	45	15
15	45	13
16	45	32
17	45	13
18	45	10
19	45	40
20	45	13
21	45	24
22	45	7
23	45	4
0	46	0
1	46	0
2	46	0
3	46	0
4	46	0
5	46	0
6	46	0
7	46	0
8	46	0
9	46	0
10	46	0
11	46	0
12	46	123
13	46	0
14	46	0
15	46	0
16	46	0
17	46	0
18	46	0
19	46	0
20	46	0
21	46	0
22	46	0
23	46	0
0	47	0
1	47	0
2	47	0
3	47	0
4	47	28
5	47	28
6	47	0
7	47	0
8	47	28
9	47	0
10	47	0
11	47	0
12	47	0
13	47	53
14	47	0
15	47	0
16	47	0
17	47	0
18	47	28
19	47	95
20	47	0
21	47	0
22	47	0
23	47	0
0	48	14
1	48	0
2	48	0
3	48	26
4	48	0
5	48	14
6	48	26
7	48	14
8	48	26
9	48	14
10	48	0
11	48	0
12	48	59
13	48	14
14	48	0
15	48	0
16	48	38
17	48	0
18	48	38
19	48	0
20	48	14
21	48	14
22	48	0
23	48	14
0	49	0
1	49	0
2	49	0
3	49	0
4	49	0
5	49	0
6	49	0
7	49	0
8	49	0
9	49	0
10	49	0
11	49	0
12	49	0
13	49	0
14	49	0
15	49	0
16	49	0
17	49	0
18	49	112
19	49	0
20	49	0
21	49	0
22	49	0
23	49	0
0	50	0
1	50	0
2	50	0
3	50	0
4	50	0
5	50	0
6	50	0
7	50	0
8	50	0
9	50	0
10	50	0
11	50	0
12	50	0
13	50	0
14	50	0
15	50	0
16	50	82
17	50	0
18	50	0
19	50	0
20	50	0
21	50	0
22	50	0
23	50	0
0	51	0
1	51	0
2	51	0
3	51	0
4	51	0
5	51	31
6	51	0
7	51	58
8	51	58
9	51	0
10	51	0
11	51	0
12	51	31
13	51	0
14	51	0
15	51	0
16	51	0
17	51	0
18	51	82
19	51	0
20	51	31
21	51	103
22	51	0
23	51	0
0	52	6
1	52	2
2	52	2
3	52	7
4	52	11
5	52	12
6	52	11
7	52	12
8	52	23
9	52	21
10	52	18
11	52	19
12	52	15
13	52	15
14	52	17
15	52	10
16	52	23
17	52	22
18	52	23
19	52	15
20	52	13
21	52	9
22	52	10
23	52	4
0	53	4
1	53	12
2	53	0
3	53	12
4	53	12
5	53	12
6	53	4
7	53	22
8	53	22
9	53	12
10	53	22
11	53	4
12	53	22
13	53	49
14	53	33
15	53	12
16	53	29
17	53	15
18	53	22
19	53	19
20	53	12
21	53	4
22	53	8
23	53	4
0	54	0
1	54	0
2	54	0
3	54	77
4	54	0
5	54	130
6	54	0
7	54	0
8	54	0
9	54	0
10	54	0
11	54	0
12	54	0
13	54	130
14	54	0
15	54	0
16	54	0
17	54	0
18	54	77
19	54	0
20	54	0
21	54	77
22	54	0
23	54	0
0	55	0
1	55	0
2	55	0
3	55	0
4	55	0
5	55	11
6	55	11
7	55	0
8	55	11
9	55	21
10	55	21
11	55	11
12	55	0
13	55	40
14	55	21
15	55	31
16	55	0
17	55	40
18	55	40
19	55	31
20	55	21
21	55	0
22	55	31
23	55	21
0	56	5
1	56	2
2	56	6
3	56	10
4	56	14
5	56	22
6	56	16
7	56	12
8	56	12
9	56	22
10	56	19
11	56	19
12	56	16
13	56	16
14	56	19
15	56	16
16	56	19
17	56	20
18	56	27
19	56	21
20	56	20
21	56	20
22	56	7
23	56	7
0	57	0
1	57	0
2	57	0
3	57	36
4	57	36
5	57	66
6	57	0
7	57	36
8	57	0
9	57	66
10	57	0
11	57	36
12	57	92
13	57	0
14	57	36
15	57	36
16	57	36
17	57	36
18	57	0
19	57	0
20	57	92
21	57	0
22	57	0
23	57	0
0	58	0
1	58	0
2	58	0
3	58	55
4	58	20
5	58	97
6	58	20
7	58	0
8	58	0
9	58	55
10	58	20
11	58	55
12	58	55
13	58	38
14	58	20
15	58	0
16	58	0
17	58	55
18	58	0
19	58	38
20	58	20
21	58	0
22	58	140
23	58	0
0	59	0
1	59	0
2	59	43
3	59	0
4	59	43
5	59	0
6	59	0
7	59	43
8	59	0
9	59	0
10	59	43
11	59	0
12	59	0
13	59	0
14	59	0
15	59	0
16	59	0
17	59	43
18	59	0
19	59	79
20	59	0
21	59	79
22	59	0
23	59	0
0	60	0
1	60	0
2	60	0
3	60	0
4	60	0
5	60	0
6	60	0
7	60	0
8	60	49
9	60	0
10	60	0
11	60	49
12	60	49
13	60	0
14	60	0
15	60	0
16	60	0
17	60	0
18	60	0
19	60	0
20	60	0
21	60	0
22	60	0
23	60	0
0	61	0
1	61	0
2	61	0
3	61	0
4	61	0
5	61	28
6	61	28
7	61	0
8	61	0
9	61	0
10	61	28
11	61	28
12	61	0
13	61	0
14	61	53
15	61	0
16	61	28
17	61	0
18	61	0
19	61	0
20	61	28
21	61	0
22	61	28
23	61	28
0	62	0
1	62	0
2	62	0
3	62	0
4	62	0
5	62	0
6	62	0
7	62	0
8	62	0
9	62	0
10	62	0
11	62	0
12	62	253
13	62	0
14	62	0
15	62	0
16	62	0
17	62	0
18	62	0
19	62	0
20	62	0
21	62	0
22	62	0
23	62	0
0	63	34
1	63	0
2	63	0
3	63	0
4	63	0
5	63	0
6	63	0
7	63	0
8	63	0
9	63	0
10	63	0
11	63	34
12	63	63
13	63	34
14	63	0
15	63	88
16	63	34
17	63	0
18	63	0
19	63	63
20	63	63
21	63	0
22	63	0
23	63	34
0	64	0
1	64	0
2	64	6
3	64	12
4	64	12
5	64	0
6	64	6
7	64	17
8	64	0
9	64	6
10	64	23
11	64	12
12	64	43
13	64	12
14	64	17
15	64	38
16	64	12
17	64	28
18	64	17
19	64	12
20	64	6
21	64	6
22	64	17
23	64	6
0	65	5
1	65	4
2	65	5
3	65	8
4	65	14
5	65	20
6	65	24
7	65	27
8	65	28
9	65	31
10	65	29
11	65	30
12	65	29
13	65	26
14	65	25
15	65	24
16	65	23
17	65	26
18	65	29
19	65	26
20	65	22
21	65	18
22	65	12
23	65	8
0	66	0
1	66	0
2	66	0
3	66	0
4	66	0
5	66	43
6	66	0
7	66	0
8	66	0
9	66	0
10	66	0
11	66	0
12	66	0
13	66	43
14	66	109
15	66	43
16	66	0
17	66	0
18	66	0
19	66	0
20	66	0
21	66	0
22	66	0
23	66	0
0	67	0
1	67	0
2	67	0
3	67	0
4	67	0
5	67	0
6	67	0
7	67	0
8	67	0
9	67	0
10	67	0
11	67	0
12	67	0
13	67	0
14	67	0
15	67	0
16	67	0
17	67	0
18	67	0
19	67	0
20	67	0
21	67	0
22	67	0
23	67	0
0	68	0
1	68	0
2	68	0
3	68	0
4	68	0
5	68	0
6	68	0
7	68	0
8	68	0
9	68	0
10	68	42
11	68	0
12	68	42
13	68	42
14	68	77
15	68	0
16	68	0
17	68	0
18	68	0
19	68	0
20	68	0
21	68	0
22	68	0
23	68	0
0	69	21
1	69	7
2	69	14
3	69	0
4	69	0
5	69	21
6	69	21
7	69	7
8	69	7
9	69	21
10	69	33
11	69	27
12	69	33
13	69	0
14	69	14
15	69	27
16	69	21
17	69	0
18	69	14
19	69	21
20	69	33
21	69	7
22	69	7
23	69	21
0	70	0
1	70	20
2	70	0
3	70	20
4	70	0
5	70	0
6	70	20
7	70	20
8	70	0
9	70	0
10	70	39
11	70	39
12	70	20
13	70	0
14	70	20
15	70	39
16	70	20
17	70	0
18	70	20
19	70	39
20	70	20
21	70	55
22	70	20
23	70	0
0	71	0
1	71	25
2	71	0
3	71	0
4	71	25
5	71	0
6	71	47
7	71	25
8	71	0
9	71	0
10	71	0
11	71	0
12	71	0
13	71	25
14	71	25
15	71	0
16	71	47
17	71	0
18	71	47
19	71	47
20	71	0
21	71	25
22	71	0
23	71	0
0	72	0
1	72	0
2	72	0
3	72	0
4	72	0
5	72	0
6	72	46
7	72	17
8	72	17
9	72	17
10	72	0
11	72	17
12	72	0
13	72	17
14	72	17
15	72	0
16	72	0
17	72	46
18	72	32
19	72	0
20	72	17
21	72	0
22	72	17
23	72	0
0	73	0
1	73	2
2	73	4
3	73	9
4	73	13
5	73	13
6	73	11
7	73	19
8	73	16
9	73	14
10	73	9
11	73	16
12	73	18
13	73	18
14	73	16
15	73	13
16	73	13
17	73	24
18	73	6
19	73	27
20	73	16
21	73	22
22	73	7
23	73	7
0	74	0
1	74	0
2	74	0
3	74	0
4	74	0
5	74	39
6	74	72
7	74	0
8	74	0
9	74	0
10	74	39
11	74	0
12	74	100
13	74	143
14	74	0
15	74	72
16	74	72
17	74	0
18	74	0
19	74	0
20	74	72
21	74	0
22	74	39
23	74	0
0	75	0
1	75	0
2	75	0
3	75	0
4	75	0
5	75	17
6	75	0
7	75	17
8	75	0
9	75	0
10	75	32
11	75	0
12	75	0
13	75	32
14	75	32
15	75	0
16	75	17
17	75	32
18	75	59
19	75	71
20	75	0
21	75	0
22	75	0
23	75	0
0	76	0
1	76	0
2	76	0
3	76	0
4	76	0
5	76	0
6	76	0
7	76	0
8	76	112
9	76	0
10	76	0
11	76	0
12	76	0
13	76	175
14	76	0
15	76	0
16	76	0
17	76	0
18	76	112
19	76	112
20	76	112
21	76	0
22	76	0
23	76	0
0	77	0
1	77	0
2	77	0
3	77	0
4	77	0
5	77	0
6	77	0
7	77	0
8	77	0
9	77	43
10	77	0
11	77	0
12	77	43
13	77	0
14	77	0
15	77	0
16	77	0
17	77	0
18	77	0
19	77	0
20	77	0
21	77	0
22	77	0
23	77	0
0	78	7
1	78	0
2	78	0
3	78	12
4	78	0
5	78	40
6	78	45
7	78	29
8	78	12
9	78	29
10	78	24
11	78	24
12	78	7
13	78	18
14	78	24
15	78	18
16	78	29
17	78	45
18	78	40
19	78	35
20	78	7
21	78	7
22	78	7
23	78	7
0	79	10
1	79	0
2	79	0
3	79	18
4	79	10
5	79	10
6	79	0
7	79	10
8	79	18
9	79	10
10	79	10
11	79	51
12	79	27
13	79	35
14	79	18
15	79	10
16	79	18
17	79	0
18	79	10
19	79	0
20	79	0
21	79	10
22	79	18
23	79	0
0	80	0
1	80	0
2	80	0
3	80	0
4	80	0
5	80	26
6	80	0
7	80	71
8	80	0
9	80	26
10	80	26
11	80	0
12	80	26
13	80	0
14	80	26
15	80	0
16	80	0
17	80	0
18	80	0
19	80	26
20	80	89
21	80	0
22	80	0
23	80	0
0	81	0
1	81	0
2	81	0
3	81	21
4	81	0
5	81	21
6	81	40
7	81	0
8	81	21
9	81	0
10	81	21
11	81	0
12	81	21
13	81	0
14	81	0
15	81	0
16	81	0
17	81	0
18	81	0
19	81	40
20	81	0
21	81	0
22	81	0
23	81	0
0	82	11
1	82	0
2	82	11
3	82	0
4	82	11
5	82	20
6	82	0
7	82	0
8	82	0
9	82	0
10	82	20
11	82	11
12	82	0
13	82	20
14	82	48
15	82	11
16	82	30
17	82	11
18	82	20
19	82	11
20	82	30
21	82	20
22	82	20
23	82	0
0	83	0
1	83	0
2	83	0
3	83	0
4	83	25
5	83	25
6	83	0
7	83	0
8	83	0
9	83	0
10	83	25
11	83	0
12	83	68
13	83	0
14	83	0
15	83	0
16	83	25
17	83	0
18	83	25
19	83	0
20	83	0
21	83	0
22	83	25
23	83	0
0	84	7
1	84	0
2	84	0
3	84	0
4	84	0
5	84	19
6	84	0
7	84	13
8	84	19
9	84	30
10	84	7
11	84	25
12	84	13
13	84	19
14	84	13
15	84	7
16	84	13
17	84	19
18	84	0
19	84	25
20	84	30
21	84	7
22	84	13
23	84	0
0	85	0
1	85	0
2	85	0
3	85	0
4	85	0
5	85	0
6	85	0
7	85	0
8	85	0
9	85	0
10	85	0
11	85	0
12	85	0
13	85	0
14	85	0
15	85	0
16	85	0
17	85	0
18	85	0
19	85	0
20	85	0
21	85	0
22	85	0
23	85	0
0	86	4
1	86	2
2	86	2
3	86	2
4	86	8
5	86	10
6	86	8
7	86	18
8	86	13
9	86	16
10	86	13
11	86	14
12	86	15
13	86	18
14	86	16
15	86	12
16	86	20
17	86	18
18	86	23
19	86	23
20	86	14
21	86	12
22	86	8
23	86	7
0	87	0
1	87	4
2	87	0
3	87	4
4	87	12
5	87	16
6	87	8
7	87	16
8	87	12
9	87	16
10	87	12
11	87	26
12	87	33
13	87	16
14	87	16
15	87	8
16	87	12
17	87	23
18	87	16
19	87	26
20	87	8
21	87	12
22	87	8
23	87	8
0	88	0
1	88	0
2	88	0
3	88	0
4	88	58
5	88	0
6	88	0
7	88	58
8	88	31
9	88	58
10	88	0
11	88	0
12	88	0
13	88	0
14	88	0
15	88	0
16	88	0
17	88	0
18	88	31
19	88	58
20	88	0
21	88	0
22	88	58
23	88	0
0	89	22
1	89	0
2	89	0
3	89	0
4	89	0
5	89	0
6	89	8
7	89	15
8	89	8
9	89	15
10	89	28
11	89	15
12	89	0
13	89	0
14	89	8
15	89	22
16	89	28
17	89	22
18	89	0
19	89	15
20	89	15
21	89	8
22	89	8
23	89	15
0	90	0
1	90	0
2	90	0
3	90	0
4	90	0
5	90	0
6	90	0
7	90	0
8	90	39
9	90	0
10	90	0
11	90	0
12	90	0
13	90	0
14	90	0
15	90	0
16	90	39
17	90	0
18	90	21
19	90	39
20	90	0
21	90	0
22	90	0
23	90	0
0	91	0
1	91	0
2	91	0
3	91	0
4	91	68
5	91	0
6	91	0
7	91	0
8	91	68
9	91	0
10	91	0
11	91	0
12	91	0
13	91	68
14	91	0
15	91	0
16	91	0
17	91	68
18	91	68
19	91	68
20	91	0
21	91	0
22	91	0
23	91	0
0	92	0
1	92	0
2	92	0
3	92	0
4	92	6
5	92	11
6	92	11
7	92	6
8	92	6
9	92	6
10	92	11
11	92	20
12	92	11
13	92	0
14	92	16
15	92	25
16	92	6
17	92	11
18	92	30
19	92	11
20	92	25
21	92	6
22	92	25
23	92	6
0	93	0
1	93	73
2	93	0
3	93	0
4	93	0
5	93	28
6	93	0
7	93	0
8	93	0
9	93	0
10	93	0
11	93	0
12	93	0
13	93	28
14	93	0
15	93	28
16	93	0
17	93	73
18	93	0
19	93	28
20	93	28
21	93	52
22	93	0
23	93	0
0	94	0
1	94	0
2	94	0
3	94	0
4	94	0
5	94	0
6	94	0
7	94	0
8	94	0
9	94	91
10	94	0
11	94	0
12	94	0
13	94	0
14	94	0
15	94	91
16	94	51
17	94	51
18	94	0
19	94	0
20	94	123
21	94	51
22	94	0
23	94	51
0	95	0
1	95	0
2	95	9
3	95	9
4	95	9
5	95	0
6	95	9
7	95	46
8	95	17
9	95	0
10	95	0
11	95	9
12	95	0
13	95	17
14	95	39
15	95	0
16	95	0
17	95	9
18	95	39
19	95	9
20	95	17
21	95	9
22	95	17
23	95	0
0	96	0
1	96	0
2	96	0
3	96	0
4	96	0
5	96	55
6	96	0
7	96	0
8	96	0
9	96	0
10	96	0
11	96	55
12	96	0
13	96	55
14	96	0
15	96	0
16	96	0
17	96	0
18	96	0
19	96	98
20	96	132
21	96	55
22	96	0
23	96	0
0	97	0
1	97	0
2	97	0
3	97	0
4	97	21
5	97	0
6	97	0
7	97	0
8	97	57
9	97	0
10	97	21
11	97	21
12	97	73
13	97	73
14	97	0
15	97	0
16	97	21
17	97	0
18	97	0
19	97	40
20	97	40
21	97	21
22	97	0
23	97	40
0	98	0
1	98	4
2	98	0
3	98	0
4	98	8
5	98	4
6	98	8
7	98	4
8	98	0
9	98	4
10	98	12
11	98	12
12	98	8
13	98	24
14	98	16
15	98	8
16	98	8
17	98	27
18	98	24
19	98	24
20	98	20
21	98	24
22	98	16
23	98	8
0	99	0
1	99	0
2	99	0
3	99	0
4	99	0
5	99	0
6	99	0
7	99	24
8	99	0
9	99	0
10	99	0
11	99	0
12	99	24
13	99	0
14	99	0
15	99	0
16	99	0
17	99	24
18	99	0
19	99	24
20	99	0
21	99	0
22	99	0
23	99	0
0	100	4
1	100	3
2	100	4
3	100	5
4	100	7
5	100	9
6	100	17
7	100	14
8	100	13
9	100	14
10	100	15
11	100	18
12	100	16
13	100	18
14	100	17
15	100	14
16	100	13
17	100	22
18	100	23
19	100	22
20	100	24
21	100	14
22	100	7
23	100	5
0	101	6
1	101	3
2	101	4
3	101	2
4	101	8
5	101	5
6	101	13
7	101	14
8	101	26
9	101	16
10	101	15
11	101	11
12	101	12
13	101	21
14	101	18
15	101	15
16	101	18
17	101	21
18	101	20
19	101	22
20	101	24
21	101	12
22	101	12
23	101	10
0	102	0
1	102	0
2	102	0
3	102	0
4	102	142
5	102	0
6	102	61
7	102	0
8	102	0
9	102	0
10	102	0
11	102	0
12	102	0
13	102	0
14	102	0
15	102	61
16	102	107
17	102	0
18	102	0
19	102	0
20	102	61
21	102	0
22	102	0
23	102	0
0	103	15
1	103	0
2	103	0
3	103	0
4	103	0
5	103	29
6	103	15
7	103	0
8	103	15
9	103	15
10	103	29
11	103	15
12	103	15
13	103	54
14	103	15
15	103	0
16	103	41
17	103	0
18	103	0
19	103	29
20	103	0
21	103	15
22	103	0
23	103	0
0	104	0
1	104	0
2	104	0
3	104	0
4	104	0
5	104	70
6	104	0
7	104	97
8	104	0
9	104	0
10	104	38
11	104	38
12	104	0
13	104	70
14	104	0
15	104	0
16	104	0
17	104	0
18	104	172
19	104	0
20	104	0
21	104	0
22	104	0
23	104	0
0	105	0
1	105	0
2	105	0
3	105	0
4	105	11
5	105	0
6	105	0
7	105	21
8	105	21
9	105	11
10	105	21
11	105	11
12	105	0
13	105	31
14	105	0
15	105	11
16	105	21
17	105	11
18	105	0
19	105	40
20	105	21
21	105	11
22	105	11
23	105	0
0	106	4
1	106	3
2	106	3
3	106	6
4	106	10
5	106	15
6	106	19
7	106	20
8	106	20
9	106	22
10	106	21
11	106	23
12	106	21
13	106	21
14	106	20
15	106	19
16	106	19
17	106	21
18	106	23
19	106	19
20	106	18
21	106	14
22	106	10
23	106	7
0	107	0
1	107	0
2	107	0
3	107	0
4	107	0
5	107	0
6	107	0
7	107	0
8	107	0
9	107	0
10	107	123
11	107	0
12	107	123
13	107	0
14	107	0
15	107	0
16	107	0
17	107	0
18	107	0
19	107	0
20	107	0
21	107	0
22	107	0
23	107	0
0	108	0
1	108	0
2	108	0
3	108	0
4	108	0
5	108	0
6	108	40
7	108	0
8	108	0
9	108	0
10	108	74
11	108	0
12	108	0
13	108	0
14	108	0
15	108	0
16	108	0
17	108	0
18	108	40
19	108	0
20	108	0
21	108	0
22	108	0
23	108	0
0	109	0
1	109	0
2	109	0
3	109	0
4	109	0
5	109	20
6	109	0
7	109	62
8	109	29
9	109	20
10	109	29
11	109	38
12	109	55
13	109	20
14	109	38
15	109	38
16	109	20
17	109	29
18	109	0
19	109	10
20	109	0
21	109	0
22	109	10
23	109	0
0	110	0
1	110	0
2	110	0
3	110	0
4	110	0
5	110	52
6	110	28
7	110	0
8	110	0
9	110	0
10	110	0
11	110	0
12	110	0
13	110	0
14	110	52
15	110	0
16	110	28
17	110	28
18	110	0
19	110	0
20	110	0
21	110	0
22	110	0
23	110	0
0	111	3
1	111	4
2	111	2
3	111	4
4	111	5
5	111	12
6	111	19
7	111	19
8	111	31
9	111	10
10	111	17
11	111	26
12	111	26
13	111	19
14	111	16
15	111	24
16	111	8
17	111	17
18	111	29
19	111	24
20	111	19
21	111	12
22	111	8
23	111	16
0	112	0
1	112	25
2	112	13
3	112	25
4	112	25
5	112	13
6	112	0
7	112	0
8	112	13
9	112	25
10	112	25
11	112	84
12	112	25
13	112	0
14	112	46
15	112	0
16	112	36
17	112	13
18	112	56
19	112	36
20	112	13
21	112	13
22	112	0
23	112	25
0	113	0
1	113	0
2	113	0
3	113	0
4	113	0
5	113	0
6	113	26
7	113	0
8	113	0
9	113	0
10	113	0
11	113	0
12	113	26
13	113	69
14	113	0
15	113	0
16	113	26
17	113	0
18	113	0
19	113	0
20	113	0
21	113	26
22	113	49
23	113	26
0	114	3
1	114	3
2	114	2
3	114	4
4	114	9
5	114	10
6	114	13
7	114	10
8	114	12
9	114	14
10	114	13
11	114	16
12	114	19
13	114	8
14	114	18
15	114	12
16	114	11
17	114	17
18	114	14
19	114	23
20	114	14
21	114	14
22	114	12
23	114	6
0	115	0
1	115	0
2	115	0
3	115	0
4	115	0
5	115	154
6	115	0
7	115	0
8	115	0
9	115	0
10	115	0
11	115	0
12	115	0
13	115	0
14	115	0
15	115	0
16	115	0
17	115	0
18	115	0
19	115	0
20	115	0
21	115	0
22	115	0
23	115	0
0	116	0
1	116	0
2	116	0
3	116	0
4	116	0
5	116	0
6	116	0
7	116	0
8	116	0
9	116	0
10	116	0
11	116	0
12	116	0
13	116	0
14	116	0
15	116	0
16	116	0
17	116	0
18	116	0
19	116	58
20	116	58
21	116	0
22	116	0
23	116	0
0	117	5
1	117	3
2	117	6
3	117	2
4	117	9
5	117	15
6	117	8
7	117	13
8	117	13
9	117	15
10	117	13
11	117	20
12	117	16
13	117	9
14	117	16
15	117	25
16	117	19
17	117	17
18	117	15
19	117	19
20	117	16
21	117	16
22	117	8
23	117	2
0	118	5
1	118	3
2	118	3
3	118	4
4	118	15
5	118	12
6	118	19
7	118	16
8	118	19
9	118	21
10	118	23
11	118	19
12	118	27
13	118	14
14	118	14
15	118	23
16	118	18
17	118	22
18	118	23
19	118	23
20	118	19
21	118	18
22	118	10
23	118	7
0	119	0
1	119	0
2	119	0
3	119	0
4	119	0
5	119	0
6	119	61
7	119	0
8	119	0
9	119	0
10	119	0
11	119	0
12	119	0
13	119	0
14	119	61
15	119	0
16	119	0
17	119	0
18	119	61
19	119	61
20	119	61
21	119	0
22	119	0
23	119	0
0	120	35
1	120	0
2	120	0
3	120	0
4	120	0
5	120	35
6	120	0
7	120	0
8	120	35
9	120	0
10	120	0
11	120	18
12	120	0
13	120	51
14	120	35
15	120	0
16	120	0
17	120	35
18	120	0
19	120	0
20	120	0
21	120	0
22	120	18
23	120	0
0	121	0
1	121	0
2	121	0
3	121	0
4	121	0
5	121	103
6	121	0
7	121	0
8	121	0
9	121	164
10	121	0
11	121	0
12	121	0
13	121	0
14	121	0
15	121	0
16	121	0
17	121	0
18	121	0
19	121	0
20	121	0
21	121	0
22	121	103
23	121	0
0	122	0
1	122	23
2	122	8
3	122	8
4	122	0
5	122	8
6	122	0
7	122	37
8	122	16
9	122	23
10	122	8
11	122	23
12	122	8
13	122	23
14	122	16
15	122	23
16	122	8
17	122	23
18	122	43
19	122	43
20	122	23
21	122	8
22	122	8
23	122	8
0	123	6
1	123	1
2	123	6
3	123	5
4	123	6
5	123	10
6	123	9
7	123	16
8	123	14
9	123	21
10	123	9
11	123	12
12	123	19
13	123	19
14	123	21
15	123	8
16	123	11
17	123	15
18	123	19
19	123	27
20	123	14
21	123	9
22	123	6
23	123	2
0	124	14
1	124	0
2	124	0
3	124	0
4	124	0
5	124	14
6	124	0
7	124	0
8	124	40
9	124	14
10	124	28
11	124	0
12	124	52
13	124	28
14	124	52
15	124	0
16	124	0
17	124	0
18	124	0
19	124	0
20	124	0
21	124	0
22	124	0
23	124	14
0	125	0
1	125	0
2	125	0
3	125	0
4	125	0
5	125	0
6	125	0
7	125	0
8	125	0
9	125	0
10	125	0
11	125	0
12	125	0
13	125	0
14	125	0
15	125	0
16	125	58
17	125	103
18	125	0
19	125	0
20	125	0
21	125	0
22	125	0
23	125	0
0	126	0
1	126	0
2	126	0
3	126	0
4	126	0
5	126	0
6	126	0
7	126	0
8	126	49
9	126	14
10	126	38
11	126	14
12	126	26
13	126	0
14	126	14
15	126	14
16	126	26
17	126	49
18	126	14
19	126	38
20	126	49
21	126	49
22	126	0
23	126	14
0	127	0
1	127	0
2	127	0
3	127	14
4	127	0
5	127	0
6	127	14
7	127	0
8	127	0
9	127	27
10	127	39
11	127	14
12	127	39
13	127	0
14	127	27
15	127	27
16	127	27
17	127	50
18	127	14
19	127	14
20	127	0
21	127	50
22	127	0
23	127	14
0	128	0
1	128	0
2	128	8
3	128	0
4	128	0
5	128	15
6	128	15
7	128	0
8	128	15
9	128	8
10	128	8
11	128	0
12	128	23
13	128	30
14	128	15
15	128	23
16	128	30
17	128	15
18	128	8
19	128	8
20	128	0
21	128	8
22	128	8
23	128	0
0	129	51
1	129	0
2	129	19
3	129	0
4	129	51
5	129	0
6	129	19
7	129	0
8	129	0
9	129	0
10	129	19
11	129	19
12	129	19
13	129	0
14	129	19
15	129	0
16	129	66
17	129	36
18	129	19
19	129	0
20	129	51
21	129	0
22	129	51
23	129	0
0	130	0
1	130	0
2	130	0
3	130	27
4	130	27
5	130	0
6	130	27
7	130	0
8	130	0
9	130	27
10	130	0
11	130	0
12	130	0
13	130	51
14	130	27
15	130	0
16	130	0
17	130	27
18	130	0
19	130	0
20	130	51
21	130	0
22	130	0
23	130	0
0	131	0
1	131	0
2	131	0
3	131	0
4	131	0
5	131	0
6	131	0
7	131	22
8	131	22
9	131	0
10	131	0
11	131	0
12	131	41
13	131	0
14	131	0
15	131	22
16	131	0
17	131	0
18	131	0
19	131	0
20	131	0
21	131	0
22	131	0
23	131	0
0	132	40
1	132	0
2	132	0
3	132	0
4	132	0
5	132	0
6	132	40
7	132	0
8	132	0
9	132	40
10	132	40
11	132	0
12	132	0
13	132	0
14	132	40
15	132	40
16	132	0
17	132	0
18	132	164
19	132	40
20	132	0
21	132	40
22	132	0
23	132	0
0	133	49
1	133	0
2	133	0
3	133	0
4	133	0
5	133	0
6	133	49
7	133	0
8	133	0
9	133	0
10	133	0
11	133	49
12	133	0
13	133	0
14	133	0
15	133	0
16	133	88
17	133	0
18	133	0
19	133	49
20	133	49
21	133	0
22	133	0
23	133	0
0	134	88
1	134	0
2	134	0
3	134	0
4	134	0
5	134	0
6	134	0
7	134	0
8	134	0
9	134	0
10	134	0
11	134	0
12	134	0
13	134	0
14	134	0
15	134	0
16	134	0
17	134	0
18	134	0
19	134	0
20	134	145
21	134	0
22	134	0
23	134	0
0	135	0
1	135	0
2	135	0
3	135	0
4	135	0
5	135	46
6	135	24
7	135	0
8	135	0
9	135	0
10	135	0
11	135	0
12	135	24
13	135	0
14	135	46
15	135	46
16	135	24
17	135	46
18	135	0
19	135	46
20	135	0
21	135	0
22	135	0
23	135	0
0	136	0
1	136	0
2	136	0
3	136	0
4	136	0
5	136	0
6	136	0
7	136	0
8	136	0
9	136	0
10	136	0
11	136	0
12	136	123
13	136	0
14	136	0
15	136	0
16	136	0
17	136	0
18	136	0
19	136	0
20	136	0
21	136	0
22	136	0
23	136	0
0	137	0
1	137	0
2	137	0
3	137	0
4	137	0
5	137	0
6	137	0
7	137	0
8	137	37
9	137	37
10	137	37
11	137	37
12	137	37
13	137	0
14	137	0
15	137	137
16	137	0
17	137	0
18	137	37
19	137	0
20	137	37
21	137	0
22	137	0
23	137	0
0	138	4
1	138	4
2	138	4
3	138	4
4	138	0
5	138	13
6	138	4
7	138	13
8	138	28
9	138	16
10	138	28
11	138	25
12	138	19
13	138	16
14	138	22
15	138	25
16	138	22
17	138	28
18	138	22
19	138	13
20	138	10
21	138	4
22	138	7
23	138	4
0	139	0
1	139	0
2	139	0
3	139	0
4	139	0
5	139	0
6	139	39
7	139	0
8	139	39
9	139	0
10	139	39
11	139	39
12	139	39
13	139	39
14	139	72
15	139	0
16	139	0
17	139	0
18	139	0
19	139	39
20	139	0
21	139	39
22	139	0
23	139	0
0	140	5
1	140	3
2	140	4
3	140	6
4	140	9
5	140	13
6	140	16
7	140	18
8	140	19
9	140	19
10	140	19
11	140	20
12	140	20
13	140	18
14	140	18
15	140	17
16	140	18
17	140	20
18	140	22
19	140	20
20	140	17
21	140	13
22	140	9
23	140	6
0	141	0
1	141	0
2	141	0
3	141	0
4	141	0
5	141	0
6	141	26
7	141	0
8	141	26
9	141	0
10	141	26
11	141	26
12	141	26
13	141	0
14	141	26
15	141	26
16	141	26
17	141	49
18	141	0
19	141	0
20	141	0
21	141	0
22	141	26
23	141	0
0	142	0
1	142	0
2	142	0
3	142	0
4	142	0
5	142	13
6	142	0
7	142	13
8	142	0
9	142	0
10	142	13
11	142	36
12	142	36
13	142	13
14	142	13
15	142	0
16	142	0
17	142	13
18	142	13
19	142	47
20	142	0
21	142	0
22	142	13
23	142	0
0	143	0
1	143	0
2	143	0
3	143	0
4	143	0
5	143	0
6	143	38
7	143	38
8	143	0
9	143	38
10	143	0
11	143	38
12	143	38
13	143	0
14	143	0
15	143	70
16	143	0
17	143	0
18	143	0
19	143	70
20	143	0
21	143	38
22	143	0
23	143	0
0	144	0
1	144	20
2	144	0
3	144	0
4	144	20
5	144	0
6	144	0
7	144	0
8	144	54
9	144	20
10	144	0
11	144	0
12	144	0
13	144	0
14	144	0
15	144	0
16	144	0
17	144	83
18	144	0
19	144	0
20	144	0
21	144	0
22	144	0
23	144	0
0	145	0
1	145	0
2	145	0
3	145	118
4	145	0
5	145	0
6	145	0
7	145	0
8	145	0
9	145	0
10	145	0
11	145	0
12	145	0
13	145	0
14	145	0
15	145	68
16	145	0
17	145	0
18	145	118
19	145	0
20	145	0
21	145	68
22	145	0
23	145	0
0	146	0
1	146	0
2	146	0
3	146	0
4	146	97
5	146	38
6	146	0
7	146	0
8	146	0
9	146	0
10	146	0
11	146	70
12	146	38
13	146	0
14	146	0
15	146	0
16	146	0
17	146	0
18	146	38
19	146	38
20	146	0
21	146	0
22	146	0
23	146	0
0	147	0
1	147	0
2	147	13
3	147	0
4	147	0
5	147	0
6	147	0
7	147	0
8	147	0
9	147	0
10	147	0
11	147	13
12	147	24
13	147	13
14	147	35
15	147	35
16	147	13
17	147	0
18	147	13
19	147	0
20	147	0
21	147	24
22	147	0
23	147	13
0	148	0
1	148	0
2	148	0
3	148	0
4	148	0
5	148	12
6	148	12
7	148	12
8	148	34
9	148	44
10	148	88
11	148	23
12	148	12
13	148	0
14	148	34
15	148	0
16	148	23
17	148	0
18	148	54
19	148	23
20	148	0
21	148	0
22	148	23
23	148	0
0	149	0
1	149	0
2	149	0
3	149	0
4	149	0
5	149	0
6	149	0
7	149	0
8	149	0
9	149	0
10	149	23
11	149	44
12	149	23
13	149	0
14	149	0
15	149	0
16	149	0
17	149	0
18	149	0
19	149	44
20	149	0
21	149	0
22	149	0
23	149	0
0	150	0
1	150	0
2	150	0
3	150	0
4	150	0
5	150	0
6	150	45
7	150	0
8	150	0
9	150	0
10	150	45
11	150	45
12	150	0
13	150	0
14	150	0
15	150	0
16	150	45
17	150	45
18	150	45
19	150	0
20	150	45
21	150	82
22	150	82
23	150	0
0	151	7
1	151	0
2	151	0
3	151	0
4	151	7
5	151	46
6	151	13
7	151	7
8	151	36
9	151	56
10	151	70
11	151	56
12	151	30
13	151	36
14	151	36
15	151	19
16	151	30
17	151	24
18	151	41
19	151	41
20	151	7
21	151	19
22	151	7
23	151	0
