Counts for Apple(2) in Israel(22):
Hour	Location Index	Count
0	0	6
1	0	0
2	0	0
3	0	6
4	0	13
5	0	36
6	0	27
7	0	25
8	0	20
9	0	38
10	0	8
11	0	29
12	0	29
13	0	25
14	0	32
15	0	13
16	0	32
17	0	29
18	0	36
19	0	45
20	0	32
21	0	27
22	0	6
23	0	8
0	1	0
1	1	0
2	1	0
3	1	0
4	1	0
5	1	77
6	1	77
7	1	77
8	1	77
9	1	0
10	1	77
11	1	0
12	1	0
13	1	0
14	1	77
15	1	0
16	1	0
17	1	0
18	1	0
19	1	0
20	1	0
21	1	0
22	1	0
23	1	0
0	2	0
1	2	0
2	2	0
3	2	0
4	2	0
5	2	38
6	2	38
7	2	0
8	2	0
9	2	38
10	2	0
11	2	0
12	2	0
13	2	38
14	2	0
15	2	0
16	2	38
17	2	38
18	2	38
19	2	70
20	2	97
21	2	0
22	2	0
23	2	0
0	3	0
1	3	0
2	3	0
3	3	0
4	3	0
5	3	0
6	3	33
7	3	33
8	3	0
9	3	0
10	3	61
11	3	61
12	3	33
13	3	33
14	3	0
15	3	61
16	3	0
17	3	0
18	3	61
19	3	61
20	3	33
21	3	0
22	3	0
23	3	33
0	4	0
1	4	0
2	4	0
3	4	0
4	4	0
5	4	0
6	4	109
7	4	43
8	4	43
9	4	43
10	4	43
11	4	0
12	4	0
13	4	0
14	4	0
15	4	43
16	4	0
17	4	79
18	4	0
19	4	43
20	4	43
21	4	43
22	4	0
23	4	0
0	5	9
1	5	5
2	5	5
3	5	22
4	5	14
5	5	22
6	5	26
7	5	49
8	5	45
9	5	45
10	5	52
11	5	26
12	5	26
13	5	38
14	5	79
15	5	52
16	5	45
17	5	26
18	5	49
19	5	38
20	5	30
21	5	34
22	5	26
23	5	14
0	6	0
1	6	0
2	6	0
3	6	0
4	6	0
5	6	0
6	6	0
7	6	0
8	6	0
9	6	0
10	6	0
11	6	0
12	6	0
13	6	0
14	6	0
15	6	0
16	6	0
17	6	0
18	6	0
19	6	0
20	6	0
21	6	0
22	6	0
23	6	0
0	7	8
1	7	6
2	7	9
3	7	14
4	7	19
5	7	22
6	7	31
7	7	29
8	7	30
9	7	35
10	7	31
11	7	31
12	7	35
13	7	30
14	7	37
15	7	38
16	7	32
17	7	36
18	7	47
19	7	43
20	7	35
21	7	29
22	7	19
23	7	16
0	8	6
1	8	3
2	8	10
3	8	8
4	8	16
5	8	18
6	8	22
7	8	30
8	8	21
9	8	32
10	8	33
11	8	31
12	8	33
13	8	25
14	8	26
15	8	33
16	8	44
17	8	39
18	8	42
19	8	46
20	8	35
21	8	23
22	8	20
23	8	8
0	9	9
1	9	6
2	9	5
3	9	11
4	9	17
5	9	19
6	9	28
7	9	27
8	9	24
9	9	28
10	9	25
11	9	27
12	9	25
13	9	32
14	9	28
15	9	33
16	9	34
17	9	36
18	9	49
19	9	39
20	9	35
21	9	32
22	9	18
23	9	9
0	10	6
1	10	6
2	10	6
3	10	6
4	10	18
5	10	12
6	10	28
7	10	23
8	10	28
9	10	6
10	10	43
11	10	18
12	10	48
13	10	48
14	10	28
15	10	48
16	10	43
17	10	66
18	10	23
19	10	43
20	10	43
21	10	33
22	10	23
23	10	23
0	11	0
1	11	0
2	11	0
3	11	0
4	11	175
5	11	0
6	11	0
7	11	0
8	11	0
9	11	0
10	11	0
11	11	0
12	11	0
13	11	175
14	11	0
15	11	0
16	11	0
17	11	0
18	11	0
19	11	0
20	11	0
21	11	0
22	11	0
23	11	0
0	12	0
1	12	0
2	12	0
3	12	41
4	12	22
5	12	41
6	12	0
7	12	0
8	12	0
9	12	0
10	12	41
11	12	59
12	12	0
13	12	22
14	12	22
15	12	0
16	12	0
17	12	41
18	12	41
19	12	59
20	12	59
21	12	22
22	12	0
23	12	0
0	13	36
1	13	0
2	13	0
3	13	0
4	13	66
5	13	0
6	13	0
7	13	36
8	13	36
9	13	0
10	13	92
11	13	36
12	13	66
13	13	66
14	13	36
15	13	0
16	13	36
17	13	66
18	13	36
19	13	0
20	13	36
21	13	36
22	13	36
23	13	36
0	14	7
1	14	4
2	14	8
3	14	8
4	14	27
5	14	25
6	14	28
7	14	22
8	14	28
9	14	27
10	14	29
11	14	30
12	14	26
13	14	24
14	14	26
15	14	35
16	14	35
17	14	46
18	14	45
19	14	48
20	14	33
21	14	28
22	14	16
23	14	6
0	15	14
1	15	4
2	15	4
3	15	2
4	15	9
5	15	29
6	15	26
7	15	28
8	15	28
9	15	23
10	15	29
11	15	25
12	15	37
13	15	37
14	15	32
15	15	20
16	15	43
17	15	40
18	15	45
19	15	43
20	15	37
21	15	34
22	15	28
23	15	14
0	16	0
1	16	0
2	16	16
3	16	45
4	16	31
5	16	16
6	16	16
7	16	0
8	16	45
9	16	93
10	16	0
11	16	45
12	16	70
13	16	16
14	16	45
15	16	103
16	16	16
17	16	58
18	16	31
19	16	58
20	16	0
21	16	31
22	16	31
23	16	16
0	17	0
1	17	0
2	17	0
3	17	40
4	17	0
5	17	21
6	17	57
7	17	0
8	17	0
9	17	21
10	17	40
11	17	88
12	17	21
13	17	88
14	17	40
15	17	0
16	17	0
17	17	21
18	17	21
19	17	0
20	17	0
21	17	21
22	17	0
23	17	0
0	18	0
1	18	0
2	18	0
3	18	0
4	18	32
5	18	42
6	18	60
7	18	0
8	18	42
9	18	0
10	18	22
11	18	32
12	18	0
13	18	68
14	18	51
15	18	32
16	18	42
17	18	22
18	18	51
19	18	32
20	18	22
21	18	12
22	18	12
23	18	12
0	19	0
1	19	0
2	19	0
3	19	13
4	19	18
5	19	30
6	19	35
7	19	13
8	19	7
9	19	40
10	19	0
11	19	56
12	19	18
13	19	13
14	19	13
15	19	30
16	19	24
17	19	56
18	19	13
19	19	46
20	19	18
21	19	13
22	19	13
23	19	0
0	20	0
1	20	0
2	20	0
3	20	0
4	20	0
5	20	0
6	20	45
7	20	0
8	20	45
9	20	0
10	20	45
11	20	82
12	20	0
13	20	45
14	20	0
15	20	0
16	20	45
17	20	0
18	20	0
19	20	45
20	20	82
21	20	0
22	20	0
23	20	0
0	21	0
1	21	0
2	21	0
3	21	0
4	21	0
5	21	0
6	21	77
7	21	0
8	21	0
9	21	0
10	21	0
11	21	77
12	21	0
13	21	0
14	21	167
15	21	0
16	21	77
17	21	0
18	21	0
19	21	0
20	21	167
21	21	0
22	21	0
23	21	0
0	22	12
1	22	23
2	22	0
3	22	12
4	22	12
5	22	12
6	22	12
7	22	23
8	22	33
9	22	12
10	22	12
11	22	33
12	22	23
13	22	33
14	22	23
15	22	12
16	22	33
17	22	12
18	22	62
19	22	33
20	22	33
21	22	23
22	22	0
23	22	43
0	23	0
1	23	0
2	23	0
3	23	0
4	23	0
5	23	0
6	23	0
7	23	0
8	23	0
9	23	0
10	23	0
11	23	0
12	23	103
13	23	0
14	23	0
15	23	0
16	23	0
17	23	0
18	23	103
19	23	0
20	23	0
21	23	0
22	23	0
23	23	0
0	24	42
1	24	42
2	24	42
3	24	42
4	24	0
5	24	77
6	24	0
7	24	0
8	24	0
9	24	0
10	24	0
11	24	42
12	24	42
13	24	42
14	24	0
15	24	0
16	24	42
17	24	0
18	24	0
19	24	106
20	24	77
21	24	42
22	24	42
23	24	106
0	25	3
1	25	17
2	25	0
3	25	14
4	25	20
5	25	14
6	25	30
7	25	28
8	25	28
9	25	30
10	25	38
11	25	25
12	25	25
13	25	38
14	25	20
15	25	28
16	25	20
17	25	52
18	25	33
19	25	30
20	25	40
21	25	17
22	25	14
23	25	3
0	26	0
1	26	0
2	26	0
3	26	0
4	26	0
5	26	0
6	26	0
7	26	0
8	26	0
9	26	0
10	26	54
11	26	0
12	26	29
13	26	29
14	26	77
15	26	0
16	26	77
17	26	29
18	26	114
19	26	29
20	26	96
21	26	96
22	26	77
23	26	0
0	27	0
1	27	0
2	27	0
3	27	0
4	27	23
5	27	0
6	27	0
7	27	0
8	27	0
9	27	23
10	27	43
11	27	23
12	27	43
13	27	23
14	27	0
15	27	23
16	27	0
17	27	23
18	27	23
19	27	23
20	27	23
21	27	0
22	27	0
23	27	0
0	28	0
1	28	0
2	28	26
3	28	26
4	28	0
5	28	50
6	28	26
7	28	0
8	28	0
9	28	0
10	28	50
11	28	26
12	28	26
13	28	50
14	28	0
15	28	50
16	28	50
17	28	26
18	28	89
19	28	50
20	28	71
21	28	0
22	28	0
23	28	0
0	29	6
1	29	6
2	29	7
3	29	8
4	29	16
5	29	31
6	29	22
7	29	26
8	29	31
9	29	25
10	29	31
11	29	31
12	29	36
13	29	31
14	29	33
15	29	36
16	29	26
17	29	36
18	29	33
19	29	36
20	29	36
21	29	23
22	29	22
23	29	8
0	30	11
1	30	3
2	30	7
3	30	16
4	30	32
5	30	24
6	30	36
7	30	31
8	30	24
9	30	32
10	30	20
11	30	34
12	30	34
13	30	28
14	30	26
15	30	24
16	30	38
17	30	29
18	30	48
19	30	42
20	30	41
21	30	34
22	30	12
23	30	10
0	31	0
1	31	0
2	31	0
3	31	0
4	31	0
5	31	0
6	31	0
7	31	0
8	31	0
9	31	0
10	31	0
11	31	0
12	31	0
13	31	0
14	31	0
15	31	123
16	31	0
17	31	0
18	31	0
19	31	72
20	31	0
21	31	72
22	31	0
23	31	72
0	32	0
1	32	0
2	32	0
3	32	0
4	32	52
5	32	52
6	32	36
7	32	19
8	32	19
9	32	0
10	32	36
11	32	52
12	32	52
13	32	52
14	32	19
15	32	0
16	32	52
17	32	81
18	32	52
19	32	0
20	32	81
21	32	0
22	32	52
23	32	0
0	33	0
1	33	0
2	33	0
3	33	0
4	33	32
5	33	0
6	33	32
7	33	0
8	33	0
9	33	0
10	33	0
11	33	0
12	33	84
13	33	32
14	33	0
15	33	32
16	33	60
17	33	0
18	33	32
19	33	32
20	33	0
21	33	32
22	33	32
23	33	0
0	34	0
1	34	0
2	34	10
3	34	0
4	34	19
5	34	28
6	34	0
7	34	10
8	34	37
9	34	45
10	34	19
11	34	10
12	34	67
13	34	28
14	34	37
15	34	0
16	34	37
17	34	53
18	34	60
19	34	45
20	34	19
21	34	37
22	34	100
23	34	28
0	35	49
1	35	0
2	35	0
3	35	0
4	35	0
5	35	0
6	35	88
7	35	0
8	35	0
9	35	88
10	35	0
11	35	0
12	35	49
13	35	0
14	35	88
15	35	88
16	35	0
17	35	0
18	35	0
19	35	0
20	35	0
21	35	49
22	35	49
23	35	0
0	36	23
1	36	0
2	36	0
3	36	0
4	36	23
5	36	0
6	36	23
7	36	0
8	36	44
9	36	23
10	36	44
11	36	135
12	36	44
13	36	0
14	36	44
15	36	0
16	36	0
17	36	0
18	36	0
19	36	63
20	36	0
21	36	23
22	36	63
23	36	0
0	37	0
1	37	0
2	37	0
3	37	0
4	37	35
5	37	0
6	37	0
7	37	0
8	37	64
9	37	0
10	37	35
11	37	0
12	37	35
13	37	0
14	37	0
15	37	0
16	37	0
17	37	35
18	37	35
19	37	90
20	37	0
21	37	0
22	37	0
23	37	0
0	38	0
1	38	0
2	38	0
3	38	0
4	38	0
5	38	0
6	38	63
7	38	110
8	38	34
9	38	110
10	38	63
11	38	88
12	38	63
13	38	34
14	38	0
15	38	0
16	38	0
17	38	88
18	38	63
19	38	34
20	38	0
21	38	0
22	38	0
23	38	0
0	39	0
1	39	0
2	39	13
3	39	7
4	39	19
5	39	7
6	39	31
7	39	13
8	39	13
9	39	19
10	39	19
11	39	19
12	39	31
13	39	37
14	39	31
15	39	19
16	39	19
17	39	43
18	39	73
19	39	19
20	39	58
21	39	73
22	39	31
23	39	0
0	40	22
1	40	6
2	40	6
3	40	22
4	40	47
5	40	22
6	40	37
7	40	22
8	40	77
9	40	27
10	40	12
11	40	27
12	40	17
13	40	27
14	40	27
15	40	22
16	40	27
17	40	37
18	40	56
19	40	17
20	40	32
21	40	22
22	40	12
23	40	42
0	41	0
1	41	0
2	41	0
3	41	0
4	41	0
5	41	0
6	41	0
7	41	0
8	41	123
9	41	0
10	41	0
11	41	0
12	41	0
13	41	0
14	41	0
15	41	0
16	41	187
17	41	0
18	41	0
19	41	0
20	41	0
21	41	0
22	41	0
23	41	123
0	42	0
1	42	0
2	42	35
3	42	0
4	42	0
5	42	0
6	42	0
7	42	0
8	42	64
9	42	0
10	42	64
11	42	0
12	42	35
13	42	35
14	42	0
15	42	90
16	42	0
17	42	90
18	42	90
19	42	90
20	42	35
21	42	35
22	42	0
23	42	0
0	43	5
1	43	3
2	43	6
3	43	9
4	43	19
5	43	34
6	43	29
7	43	35
8	43	24
9	43	33
10	43	27
11	43	31
12	43	26
13	43	36
14	43	33
15	43	29
16	43	38
17	43	42
18	43	42
19	43	44
20	43	34
21	43	29
22	43	20
23	43	10
0	44	0
1	44	0
2	44	0
3	44	0
4	44	0
5	44	0
6	44	64
7	44	0
8	44	0
9	44	0
10	44	0
11	44	0
12	44	64
13	44	0
14	44	0
15	44	0
16	44	0
17	44	64
18	44	0
19	44	0
20	44	0
21	44	0
22	44	0
23	44	0
0	45	13
1	45	4
2	45	7
3	45	13
4	45	13
5	45	13
6	45	32
7	45	13
8	45	13
9	45	27
10	45	15
11	45	38
12	45	27
13	45	24
14	45	32
15	45	24
16	45	69
17	45	48
18	45	50
19	45	35
20	45	13
21	45	27
22	45	10
23	45	13
0	46	0
1	46	0
2	46	0
3	46	0
4	46	0
5	46	0
6	46	0
7	46	0
8	46	0
9	46	0
10	46	0
11	46	0
12	46	0
13	46	0
14	46	123
15	46	123
16	46	123
17	46	0
18	46	123
19	46	0
20	46	0
21	46	0
22	46	0
23	46	0
0	47	0
1	47	0
2	47	0
3	47	0
4	47	0
5	47	0
6	47	28
7	47	28
8	47	0
9	47	28
10	47	28
11	47	28
12	47	28
13	47	0
14	47	28
15	47	95
16	47	0
17	47	95
18	47	53
19	47	95
20	47	0
21	47	95
22	47	0
23	47	0
0	48	0
1	48	0
2	48	14
3	48	0
4	48	14
5	48	26
6	48	49
7	48	26
8	48	26
9	48	38
10	48	14
11	48	26
12	48	49
13	48	38
14	48	38
15	48	38
16	48	49
17	48	69
18	48	38
19	48	59
20	48	0
21	48	0
22	48	0
23	48	26
0	49	0
1	49	0
2	49	0
3	49	112
4	49	0
5	49	0
6	49	175
7	49	0
8	49	0
9	49	0
10	49	0
11	49	0
12	49	0
13	49	0
14	49	0
15	49	0
16	49	0
17	49	112
18	49	112
19	49	112
20	49	0
21	49	0
22	49	0
23	49	0
0	50	0
1	50	0
2	50	0
3	50	0
4	50	0
5	50	0
6	50	0
7	50	0
8	50	0
9	50	0
10	50	0
11	50	82
12	50	82
13	50	137
14	50	0
15	50	0
16	50	82
17	50	0
18	50	82
19	50	0
20	50	82
21	50	0
22	50	0
23	50	82
0	51	0
1	51	0
2	51	0
3	51	58
4	51	31
5	51	31
6	51	0
7	51	31
8	51	0
9	51	0
10	51	0
11	51	0
12	51	0
13	51	0
14	51	103
15	51	58
16	51	58
17	51	58
18	51	0
19	51	82
20	51	31
21	51	0
22	51	58
23	51	0
0	52	9
1	52	9
2	52	10
3	52	15
4	52	27
5	52	25
6	52	19
7	52	37
8	52	26
9	52	29
10	52	27
11	52	37
12	52	37
13	52	30
14	52	19
15	52	26
16	52	37
17	52	47
18	52	40
19	52	49
20	52	30
21	52	26
22	52	14
23	52	16
0	53	0
1	53	4
2	53	4
3	53	22
4	53	4
5	53	45
6	53	29
7	53	15
8	53	33
9	53	29
10	53	19
11	53	33
12	53	42
13	53	29
14	53	26
15	53	29
16	53	19
17	53	33
18	53	60
19	53	36
20	53	12
21	53	22
22	53	33
23	53	12
0	54	0
1	54	0
2	54	0
3	54	0
4	54	0
5	54	0
6	54	0
7	54	0
8	54	77
9	54	0
10	54	0
11	54	0
12	54	0
13	54	0
14	54	0
15	54	0
16	54	0
17	54	0
18	54	0
19	54	77
20	54	130
21	54	0
22	54	0
23	54	0
0	55	11
1	55	0
2	55	0
3	55	0
4	55	31
5	55	21
6	55	21
7	55	40
8	55	82
9	55	11
10	55	0
11	55	21
12	55	31
13	55	31
14	55	21
15	55	58
16	55	11
17	55	21
18	55	40
19	55	11
20	55	11
21	55	31
22	55	11
23	55	11
0	56	10
1	56	5
2	56	5
3	56	8
4	56	20
5	56	23
6	56	38
7	56	23
8	56	27
9	56	32
10	56	27
11	56	27
12	56	38
13	56	25
14	56	25
15	56	30
16	56	35
17	56	45
18	56	37
19	56	40
20	56	34
21	56	30
22	56	16
23	56	13
0	57	0
1	57	36
2	57	0
3	57	36
4	57	0
5	57	0
6	57	0
7	57	0
8	57	0
9	57	0
10	57	0
11	57	66
12	57	66
13	57	0
14	57	66
15	57	36
16	57	0
17	57	0
18	57	0
19	57	36
20	57	0
21	57	0
22	57	0
23	57	0
0	58	0
1	58	0
2	58	0
3	58	0
4	58	0
5	58	0
6	58	0
7	58	20
8	58	0
9	58	0
10	58	20
11	58	0
12	58	38
13	58	0
14	58	0
15	58	70
16	58	20
17	58	20
18	58	0
19	58	0
20	58	55
21	58	20
22	58	0
23	58	0
0	59	0
1	59	43
2	59	0
3	59	0
4	59	0
5	59	43
6	59	0
7	59	0
8	59	0
9	59	0
10	59	0
11	59	43
12	59	0
13	59	0
14	59	43
15	59	79
16	59	0
17	59	109
18	59	0
19	59	0
20	59	79
21	59	0
22	59	0
23	59	43
0	60	0
1	60	0
2	60	0
3	60	0
4	60	0
5	60	0
6	60	49
7	60	49
8	60	49
9	60	0
10	60	0
11	60	0
12	60	0
13	60	0
14	60	230
15	60	0
16	60	0
17	60	49
18	60	49
19	60	49
20	60	49
21	60	0
22	60	49
23	60	0
0	61	0
1	61	0
2	61	0
3	61	0
4	61	0
5	61	53
6	61	0
7	61	28
8	61	0
9	61	28
10	61	28
11	61	28
12	61	53
13	61	28
14	61	75
15	61	0
16	61	28
17	61	0
18	61	142
19	61	0
20	61	28
21	61	53
22	61	0
23	61	0
0	62	0
1	62	0
2	62	0
3	62	0
4	62	0
5	62	0
6	62	0
7	62	0
8	62	0
9	62	0
10	62	0
11	62	0
12	62	0
13	62	0
14	62	0
15	62	0
16	62	0
17	62	0
18	62	0
19	62	0
20	62	0
21	62	0
22	62	0
23	62	0
0	63	0
1	63	0
2	63	0
3	63	0
4	63	0
5	63	88
6	63	34
7	63	34
8	63	0
9	63	0
10	63	34
11	63	63
12	63	34
13	63	0
14	63	34
15	63	34
16	63	63
17	63	34
18	63	0
19	63	0
20	63	0
21	63	0
22	63	0
23	63	0
0	64	0
1	64	6
2	64	0
3	64	28
4	64	33
5	64	28
6	64	33
7	64	52
8	64	38
9	64	6
10	64	33
11	64	62
12	64	28
13	64	48
14	64	17
15	64	28
16	64	23
17	64	23
18	64	48
19	64	66
20	64	17
21	64	28
22	64	33
23	64	0
0	65	6
1	65	5
2	65	5
3	65	7
4	65	12
5	65	19
6	65	22
7	65	26
8	65	28
9	65	30
10	65	29
11	65	28
12	65	27
13	65	26
14	65	24
15	65	23
16	65	23
17	65	25
18	65	29
19	65	28
20	65	22
21	65	18
22	65	12
23	65	8
0	66	43
1	66	43
2	66	0
3	66	0
4	66	0
5	66	79
6	66	79
7	66	109
8	66	0
9	66	0
10	66	43
11	66	0
12	66	0
13	66	79
14	66	43
15	66	43
16	66	0
17	66	43
18	66	43
19	66	0
20	66	43
21	66	0
22	66	0
23	66	0
0	67	0
1	67	0
2	67	0
3	67	0
4	67	0
5	67	0
6	67	0
7	67	0
8	67	0
9	67	0
10	67	0
11	67	0
12	67	0
13	67	0
14	67	0
15	67	0
16	67	0
17	67	0
18	67	0
19	67	0
20	67	0
21	67	0
22	67	0
23	67	0
0	68	0
1	68	0
2	68	0
3	68	0
4	68	0
5	68	0
6	68	0
7	68	0
8	68	0
9	68	42
10	68	42
11	68	130
12	68	0
13	68	0
14	68	0
15	68	77
16	68	42
17	68	0
18	68	42
19	68	77
20	68	0
21	68	77
22	68	0
23	68	0
0	69	7
1	69	0
2	69	0
3	69	7
4	69	7
5	69	14
6	69	21
7	69	21
8	69	14
9	69	27
10	69	27
11	69	27
12	69	39
13	69	14
14	69	51
15	69	57
16	69	39
17	69	27
18	69	45
19	69	39
20	69	57
21	69	27
22	69	14
23	69	7
0	70	0
1	70	0
2	70	20
3	70	0
4	70	20
5	70	0
6	70	0
7	70	39
8	70	0
9	70	0
10	70	39
11	70	20
12	70	0
13	70	0
14	70	39
15	70	39
16	70	20
17	70	55
18	70	39
19	70	20
20	70	71
21	70	55
22	70	0
23	70	0
0	71	0
1	71	0
2	71	0
3	71	0
4	71	47
5	71	25
6	71	0
7	71	0
8	71	25
9	71	67
10	71	67
11	71	0
12	71	0
13	71	25
14	71	25
15	71	67
16	71	67
17	71	47
18	71	25
19	71	25
20	71	67
21	71	0
22	71	47
23	71	0
0	72	0
1	72	17
2	72	0
3	72	0
4	72	60
5	72	32
6	72	17
7	72	17
8	72	0
9	72	32
10	72	72
11	72	0
12	72	60
13	72	46
14	72	32
15	72	32
16	72	32
17	72	17
18	72	0
19	72	46
20	72	60
21	72	17
22	72	0
23	72	0
0	73	18
1	73	14
2	73	2
3	73	6
4	73	4
5	73	21
6	73	35
7	73	27
8	73	32
9	73	22
10	73	32
11	73	38
12	73	26
13	73	24
14	73	41
15	73	47
16	73	41
17	73	26
18	73	51
19	73	53
20	73	26
21	73	34
22	73	18
23	73	7
0	74	0
1	74	0
2	74	0
3	74	0
4	74	0
5	74	72
6	74	0
7	74	0
8	74	0
9	74	0
10	74	39
11	74	72
12	74	0
13	74	0
14	74	0
15	74	39
16	74	39
17	74	0
18	74	0
19	74	0
20	74	0
21	74	0
22	74	0
23	74	0
0	75	0
1	75	0
2	75	17
3	75	0
4	75	0
5	75	17
6	75	0
7	75	17
8	75	32
9	75	17
10	75	0
11	75	0
12	75	46
13	75	104
14	75	0
15	75	104
16	75	83
17	75	17
18	75	0
19	75	83
20	75	32
21	75	46
22	75	0
23	75	0
0	76	0
1	76	0
2	76	0
3	76	0
4	76	0
5	76	0
6	76	0
7	76	0
8	76	0
9	76	112
10	76	0
11	76	0
12	76	0
13	76	0
14	76	0
15	76	0
16	76	0
17	76	0
18	76	0
19	76	0
20	76	0
21	76	0
22	76	0
23	76	0
0	77	0
1	77	0
2	77	0
3	77	0
4	77	0
5	77	0
6	77	43
7	77	0
8	77	0
9	77	0
10	77	43
11	77	133
12	77	0
13	77	79
14	77	0
15	77	43
16	77	133
17	77	79
18	77	133
19	77	0
20	77	0
21	77	0
22	77	0
23	77	0
0	78	18
1	78	7
2	78	18
3	78	12
4	78	50
5	78	24
6	78	0
7	78	12
8	78	40
9	78	7
10	78	18
11	78	18
12	78	24
13	78	24
14	78	40
15	78	7
16	78	0
17	78	7
18	78	29
19	78	50
20	78	24
21	78	35
22	78	7
23	78	7
0	79	10
1	79	0
2	79	18
3	79	0
4	79	0
5	79	35
6	79	10
7	79	79
8	79	27
9	79	43
10	79	27
11	79	18
12	79	27
13	79	10
14	79	10
15	79	18
16	79	10
17	79	43
18	79	85
19	79	27
20	79	18
21	79	10
22	79	0
23	79	51
0	80	0
1	80	26
2	80	0
3	80	0
4	80	26
5	80	26
6	80	0
7	80	89
8	80	26
9	80	26
10	80	0
11	80	71
12	80	26
13	80	50
14	80	0
15	80	0
16	80	26
17	80	50
18	80	0
19	80	50
20	80	26
21	80	0
22	80	50
23	80	0
0	81	0
1	81	0
2	81	21
3	81	0
4	81	0
5	81	21
6	81	101
7	81	21
8	81	101
9	81	21
10	81	57
11	81	0
12	81	21
13	81	0
14	81	40
15	81	0
16	81	73
17	81	0
18	81	0
19	81	21
20	81	88
21	81	40
22	81	40
23	81	21
0	82	0
1	82	0
2	82	0
3	82	0
4	82	11
5	82	48
6	82	11
7	82	39
8	82	48
9	82	39
10	82	39
11	82	39
12	82	56
13	82	0
14	82	20
15	82	39
16	82	11
17	82	56
18	82	64
19	82	11
20	82	48
21	82	20
22	82	64
23	82	11
0	83	0
1	83	0
2	83	0
3	83	48
4	83	86
5	83	25
6	83	48
7	83	25
8	83	68
9	83	68
10	83	0
11	83	0
12	83	0
13	83	0
14	83	48
15	83	0
16	83	68
17	83	86
18	83	131
19	83	68
20	83	0
21	83	0
22	83	0
23	83	25
0	84	7
1	84	0
2	84	13
3	84	0
4	84	19
5	84	36
6	84	46
7	84	13
8	84	25
9	84	30
10	84	19
11	84	19
12	84	41
13	84	36
14	84	41
15	84	71
16	84	46
17	84	36
18	84	25
19	84	56
20	84	41
21	84	25
22	84	13
23	84	13
0	85	0
1	85	0
2	85	0
3	85	0
4	85	0
5	85	0
6	85	0
7	85	0
8	85	0
9	85	0
10	85	253
11	85	0
12	85	0
13	85	0
14	85	0
15	85	0
16	85	0
17	85	0
18	85	0
19	85	0
20	85	0
21	85	0
22	85	0
23	85	0
0	86	5
1	86	4
2	86	7
3	86	15
4	86	22
5	86	22
6	86	21
7	86	26
8	86	31
9	86	30
10	86	40
11	86	37
12	86	38
13	86	35
14	86	32
15	86	24
16	86	43
17	86	51
18	86	41
19	86	50
20	86	53
21	86	32
22	86	20
23	86	8
0	87	0
1	87	4
2	87	16
3	87	16
4	87	8
5	87	12
6	87	50
7	87	30
8	87	30
9	87	23
10	87	33
11	87	30
12	87	40
13	87	30
14	87	33
15	87	53
16	87	23
17	87	30
18	87	59
19	87	50
20	87	30
21	87	26
22	87	8
23	87	12
0	88	0
1	88	0
2	88	0
3	88	0
4	88	0
5	88	0
6	88	58
7	88	0
8	88	0
9	88	0
10	88	31
11	88	0
12	88	0
13	88	0
14	88	0
15	88	31
16	88	31
17	88	0
18	88	103
19	88	82
20	88	0
21	88	58
22	88	0
23	88	0
0	89	8
1	89	15
2	89	0
3	89	15
4	89	41
5	89	15
6	89	53
7	89	0
8	89	59
9	89	8
10	89	22
11	89	59
12	89	28
13	89	28
14	89	22
15	89	47
16	89	41
17	89	75
18	89	70
19	89	53
20	89	28
21	89	22
22	89	8
23	89	8
0	90	56
1	90	0
2	90	21
3	90	0
4	90	21
5	90	39
6	90	21
7	90	39
8	90	21
9	90	39
10	90	21
11	90	39
12	90	21
13	90	0
14	90	0
15	90	21
16	90	21
17	90	100
18	90	100
19	90	0
20	90	0
21	90	21
22	90	0
23	90	21
0	91	0
1	91	0
2	91	0
3	91	0
4	91	0
5	91	0
6	91	0
7	91	0
8	91	68
9	91	68
10	91	0
11	91	0
12	91	0
13	91	0
14	91	0
15	91	0
16	91	0
17	91	68
18	91	68
19	91	68
20	91	118
21	91	0
22	91	0
23	91	0
0	92	0
1	92	6
2	92	16
3	92	25
4	92	20
5	92	16
6	92	11
7	92	34
8	92	30
9	92	39
10	92	16
11	92	11
12	92	25
13	92	47
14	92	34
15	92	39
16	92	30
17	92	43
18	92	47
19	92	34
20	92	47
21	92	52
22	92	16
23	92	20
0	93	0
1	93	0
2	93	0
3	93	0
4	93	0
5	93	52
6	93	0
7	93	0
8	93	52
9	93	0
10	93	0
11	93	0
12	93	0
13	93	139
14	93	28
15	93	0
16	93	52
17	93	73
18	93	52
19	93	0
20	93	0
21	93	73
22	93	28
23	93	28
0	94	0
1	94	51
2	94	0
3	94	0
4	94	0
5	94	0
6	94	0
7	94	0
8	94	0
9	94	0
10	94	0
11	94	91
12	94	0
13	94	0
14	94	0
15	94	0
16	94	51
17	94	0
18	94	0
19	94	51
20	94	0
21	94	91
22	94	0
23	94	0
0	95	0
1	95	9
2	95	9
3	95	0
4	95	17
5	95	46
6	95	46
7	95	9
8	95	39
9	95	66
10	95	24
11	95	32
12	95	32
13	95	39
14	95	32
15	95	17
16	95	17
17	95	9
18	95	32
19	95	39
20	95	32
21	95	32
22	95	17
23	95	17
0	96	0
1	96	0
2	96	0
3	96	0
4	96	55
5	96	55
6	96	0
7	96	0
8	96	0
9	96	55
10	96	0
11	96	0
12	96	98
13	96	0
14	96	0
15	96	0
16	96	0
17	96	55
18	96	0
19	96	0
20	96	0
21	96	0
22	96	0
23	96	0
0	97	0
1	97	0
2	97	21
3	97	0
4	97	0
5	97	21
6	97	57
7	97	21
8	97	40
9	97	40
10	97	57
11	97	40
12	97	40
13	97	0
14	97	0
15	97	21
16	97	40
17	97	57
18	97	40
19	97	21
20	97	21
21	97	21
22	97	0
23	97	0
0	98	8
1	98	8
2	98	0
3	98	20
4	98	27
5	98	31
6	98	31
7	98	41
8	98	24
9	98	20
10	98	31
11	98	20
12	98	44
13	98	31
14	98	44
15	98	27
16	98	24
17	98	57
18	98	67
19	98	41
20	98	34
21	98	34
22	98	27
23	98	4
0	99	0
1	99	0
2	99	24
3	99	24
4	99	0
5	99	46
6	99	24
7	99	65
8	99	0
9	99	83
10	99	24
11	99	24
12	99	83
13	99	24
14	99	24
15	99	83
16	99	65
17	99	0
18	99	24
19	99	24
20	99	24
21	99	0
22	99	24
23	99	0
0	100	7
1	100	7
2	100	5
3	100	13
4	100	17
5	100	23
6	100	21
7	100	27
8	100	34
9	100	33
10	100	30
11	100	32
12	100	36
13	100	37
14	100	31
15	100	32
16	100	35
17	100	37
18	100	40
19	100	39
20	100	42
21	100	28
22	100	23
23	100	18
0	101	3
1	101	5
2	101	10
3	101	11
4	101	27
5	101	26
6	101	31
7	101	23
8	101	28
9	101	30
10	101	34
11	101	36
12	101	28
13	101	39
14	101	31
15	101	31
16	101	53
17	101	45
18	101	48
19	101	37
20	101	37
21	101	26
22	101	16
23	101	12
0	102	0
1	102	0
2	102	0
3	102	0
4	102	0
5	102	0
6	102	61
7	102	0
8	102	0
9	102	0
10	102	0
11	102	0
12	102	0
13	102	61
14	102	0
15	102	0
16	102	61
17	102	0
18	102	0
19	102	107
20	102	0
21	102	61
22	102	0
23	102	0
0	103	0
1	103	0
2	103	0
3	103	0
4	103	0
5	103	0
6	103	41
7	103	29
8	103	29
9	103	54
10	103	41
11	103	41
12	103	86
13	103	65
14	103	0
15	103	0
16	103	54
17	103	29
18	103	41
19	103	86
20	103	29
21	103	15
22	103	29
23	103	0
0	104	0
1	104	0
2	104	0
3	104	120
4	104	70
5	104	0
6	104	0
7	104	0
8	104	0
9	104	38
10	104	0
11	104	0
12	104	38
13	104	0
14	104	38
15	104	0
16	104	38
17	104	0
18	104	0
19	104	0
20	104	0
21	104	0
22	104	0
23	104	0
0	105	0
1	105	0
2	105	0
3	105	21
4	105	0
5	105	58
6	105	49
7	105	89
8	105	11
9	105	49
10	105	40
11	105	31
12	105	49
13	105	21
14	105	31
15	105	58
16	105	74
17	105	74
18	105	31
19	105	11
20	105	0
21	105	21
22	105	0
23	105	0
0	106	7
1	106	5
2	106	5
3	106	9
4	106	17
5	106	22
6	106	26
7	106	29
8	106	28
9	106	29
10	106	29
11	106	31
12	106	31
13	106	31
14	106	28
15	106	26
16	106	30
17	106	31
18	106	35
19	106	34
20	106	28
21	106	22
22	106	15
23	106	9
0	107	0
1	107	0
2	107	0
3	107	0
4	107	0
5	107	123
6	107	123
7	107	0
8	107	0
9	107	0
10	107	0
11	107	123
12	107	0
13	107	0
14	107	0
15	107	0
16	107	0
17	107	0
18	107	0
19	107	0
20	107	0
21	107	0
22	107	0
23	107	0
0	108	40
1	108	40
2	108	0
3	108	0
4	108	0
5	108	0
6	108	103
7	108	74
8	108	0
9	108	147
10	108	0
11	108	40
12	108	0
13	108	40
14	108	0
15	108	0
16	108	0
17	108	40
18	108	40
19	108	103
20	108	0
21	108	0
22	108	0
23	108	0
0	109	10
1	109	0
2	109	0
3	109	10
4	109	20
5	109	20
6	109	38
7	109	29
8	109	38
9	109	29
10	109	10
11	109	10
12	109	55
13	109	20
14	109	20
15	109	29
16	109	10
17	109	38
18	109	10
19	109	0
20	109	38
21	109	0
22	109	20
23	109	10
0	110	0
1	110	0
2	110	0
3	110	0
4	110	0
5	110	28
6	110	110
7	110	0
8	110	0
9	110	0
10	110	28
11	110	0
12	110	0
13	110	28
14	110	0
15	110	110
16	110	28
17	110	28
18	110	28
19	110	0
20	110	52
21	110	93
22	110	28
23	110	0
0	111	5
1	111	8
2	111	5
3	111	9
4	111	22
5	111	28
6	111	31
7	111	34
8	111	22
9	111	28
10	111	25
11	111	18
12	111	37
13	111	27
14	111	32
15	111	33
16	111	21
17	111	34
18	111	36
19	111	39
20	111	28
21	111	26
22	111	17
23	111	16
0	112	25
1	112	0
2	112	13
3	112	0
4	112	13
5	112	36
6	112	25
7	112	0
8	112	13
9	112	25
10	112	25
11	112	0
12	112	36
13	112	25
14	112	46
15	112	25
16	112	46
17	112	36
18	112	36
19	112	0
20	112	0
21	112	46
22	112	0
23	112	13
0	113	0
1	113	0
2	113	0
3	113	0
4	113	49
5	113	0
6	113	26
7	113	49
8	113	26
9	113	26
10	113	26
11	113	49
12	113	0
13	113	0
14	113	26
15	113	0
16	113	104
17	113	26
18	113	0
19	113	49
20	113	88
21	113	26
22	113	119
23	113	0
0	114	9
1	114	7
2	114	7
3	114	16
4	114	26
5	114	22
6	114	26
7	114	29
8	114	30
9	114	33
10	114	30
11	114	37
12	114	22
13	114	35
14	114	25
15	114	33
16	114	28
17	114	35
18	114	40
19	114	37
20	114	47
21	114	39
22	114	22
23	114	9
0	115	0
1	115	0
2	115	0
3	115	0
4	115	0
5	115	0
6	115	239
7	115	0
8	115	0
9	115	0
10	115	0
11	115	0
12	115	0
13	115	0
14	115	0
15	115	0
16	115	0
17	115	0
18	115	0
19	115	0
20	115	0
21	115	0
22	115	0
23	115	0
0	116	0
1	116	0
2	116	0
3	116	0
4	116	0
5	116	0
6	116	58
7	116	0
8	116	0
9	116	58
10	116	0
11	116	0
12	116	0
13	116	0
14	116	58
15	116	58
16	116	137
17	116	103
18	116	103
19	116	58
20	116	0
21	116	0
22	116	0
23	116	0
0	117	15
1	117	8
2	117	9
3	117	19
4	117	21
5	117	20
6	117	35
7	117	25
8	117	28
9	117	42
10	117	23
11	117	35
12	117	40
13	117	38
14	117	35
15	117	39
16	117	27
17	117	37
18	117	53
19	117	33
20	117	33
21	117	33
22	117	21
23	117	16
0	118	8
1	118	3
2	118	7
3	118	9
4	118	19
5	118	28
6	118	29
7	118	27
8	118	27
9	118	22
10	118	32
11	118	29
12	118	23
13	118	34
14	118	26
15	118	26
16	118	39
17	118	27
18	118	46
19	118	45
20	118	34
21	118	27
22	118	21
23	118	16
0	119	0
1	119	0
2	119	0
3	119	0
4	119	0
5	119	0
6	119	0
7	119	0
8	119	0
9	119	0
10	119	0
11	119	0
12	119	0
13	119	0
14	119	0
15	119	107
16	119	0
17	119	0
18	119	107
19	119	0
20	119	61
21	119	0
22	119	0
23	119	0
0	120	18
1	120	0
2	120	18
3	120	18
4	120	35
5	120	51
6	120	18
7	120	35
8	120	0
9	120	18
10	120	51
11	120	51
12	120	65
13	120	51
14	120	18
15	120	0
16	120	0
17	120	18
18	120	35
19	120	18
20	120	35
21	120	35
22	120	0
23	120	18
0	121	0
1	121	0
2	121	103
3	121	0
4	121	0
5	121	0
6	121	0
7	121	0
8	121	0
9	121	0
10	121	0
11	121	0
12	121	0
13	121	0
14	121	0
15	121	103
16	121	0
17	121	0
18	121	103
19	121	0
20	121	0
21	121	0
22	121	0
23	121	0
0	122	0
1	122	0
2	122	0
3	122	0
4	122	0
5	122	30
6	122	8
7	122	50
8	122	16
9	122	37
10	122	23
11	122	68
12	122	30
13	122	30
14	122	37
15	122	8
16	122	37
17	122	37
18	122	37
19	122	43
20	122	8
21	122	16
22	122	16
23	122	30
0	123	14
1	123	9
2	123	5
3	123	16
4	123	16
5	123	27
6	123	29
7	123	37
8	123	25
9	123	25
10	123	27
11	123	42
12	123	35
13	123	27
14	123	38
15	123	40
16	123	27
17	123	36
18	123	40
19	123	40
20	123	40
21	123	31
22	123	11
23	123	14
0	124	14
1	124	14
2	124	0
3	124	0
4	124	63
5	124	0
6	124	40
7	124	28
8	124	28
9	124	14
10	124	14
11	124	40
12	124	63
13	124	0
14	124	63
15	124	73
16	124	28
17	124	0
18	124	93
19	124	83
20	124	52
21	124	0
22	124	14
23	124	0
0	125	0
1	125	0
2	125	0
3	125	0
4	125	0
5	125	103
6	125	0
7	125	0
8	125	0
9	125	0
10	125	164
11	125	0
12	125	0
13	125	0
14	125	0
15	125	0
16	125	0
17	125	0
18	125	0
19	125	0
20	125	0
21	125	164
22	125	0
23	125	0
0	126	0
1	126	0
2	126	0
3	126	0
4	126	38
5	126	38
6	126	0
7	126	0
8	126	26
9	126	26
10	126	38
11	126	14
12	126	38
13	126	0
14	126	26
15	126	38
16	126	26
17	126	0
18	126	26
19	126	26
20	126	26
21	126	0
22	126	0
23	126	0
0	127	0
1	127	0
2	127	0
3	127	14
4	127	0
5	127	14
6	127	61
7	127	27
8	127	27
9	127	0
10	127	39
11	127	61
12	127	50
13	127	14
14	127	14
15	127	61
16	127	50
17	127	0
18	127	99
19	127	50
20	127	14
21	127	27
22	127	0
23	127	0
0	128	36
1	128	8
2	128	0
3	128	0
4	128	8
5	128	43
6	128	8
7	128	30
8	128	30
9	128	15
10	128	8
11	128	23
12	128	36
13	128	23
14	128	23
15	128	43
16	128	49
17	128	61
18	128	98
19	128	61
20	128	61
21	128	8
22	128	8
23	128	0
0	129	0
1	129	0
2	129	0
3	129	0
4	129	19
5	129	0
6	129	19
7	129	92
8	129	36
9	129	19
10	129	19
11	129	19
12	129	0
13	129	36
14	129	36
15	129	51
16	129	19
17	129	19
18	129	19
19	129	66
20	129	19
21	129	0
22	129	19
23	129	0
0	130	0
1	130	0
2	130	0
3	130	0
4	130	0
5	130	51
6	130	27
7	130	91
8	130	0
9	130	0
10	130	91
11	130	27
12	130	0
13	130	91
14	130	0
15	130	27
16	130	0
17	130	51
18	130	51
19	130	51
20	130	0
21	130	0
22	130	27
23	130	51
0	131	22
1	131	22
2	131	0
3	131	22
4	131	41
5	131	41
6	131	59
7	131	41
8	131	41
9	131	41
10	131	59
11	131	22
12	131	0
13	131	75
14	131	41
15	131	41
16	131	22
17	131	59
18	131	59
19	131	59
20	131	0
21	131	59
22	131	0
23	131	0
0	132	0
1	132	0
2	132	0
3	132	0
4	132	0
5	132	74
6	132	0
7	132	40
8	132	0
9	132	40
10	132	103
11	132	0
12	132	0
13	132	0
14	132	0
15	132	0
16	132	0
17	132	0
18	132	40
19	132	74
20	132	0
21	132	0
22	132	0
23	132	0
0	133	49
1	133	0
2	133	49
3	133	0
4	133	0
5	133	49
6	133	0
7	133	0
8	133	0
9	133	0
10	133	0
11	133	49
12	133	49
13	133	0
14	133	0
15	133	0
16	133	88
17	133	0
18	133	49
19	133	49
20	133	0
21	133	0
22	133	0
23	133	0
0	134	0
1	134	0
2	134	0
3	134	0
4	134	0
5	134	0
6	134	0
7	134	0
8	134	0
9	134	0
10	134	0
11	134	0
12	134	0
13	134	0
14	134	88
15	134	0
16	134	0
17	134	0
18	134	88
19	134	0
20	134	0
21	134	0
22	134	0
23	134	0
0	135	24
1	135	0
2	135	24
3	135	0
4	135	83
5	135	24
6	135	0
7	135	0
8	135	65
9	135	0
10	135	46
11	135	46
12	135	0
13	135	65
14	135	0
15	135	0
16	135	46
17	135	0
18	135	24
19	135	65
20	135	0
21	135	24
22	135	65
23	135	0
0	136	0
1	136	0
2	136	0
3	136	123
4	136	123
5	136	0
6	136	0
7	136	0
8	136	0
9	136	0
10	136	0
11	136	0
12	136	0
13	136	0
14	136	0
15	136	0
16	136	0
17	136	123
18	136	0
19	136	0
20	136	0
21	136	0
22	136	0
23	136	0
0	137	0
1	137	0
2	137	0
3	137	0
4	137	0
5	137	37
6	137	0
7	137	37
8	137	95
9	137	0
10	137	37
11	137	0
12	137	0
13	137	0
14	137	0
15	137	37
16	137	68
17	137	37
18	137	68
19	137	68
20	137	0
21	137	37
22	137	68
23	137	37
0	138	7
1	138	0
2	138	7
3	138	4
4	138	25
5	138	34
6	138	16
7	138	13
8	138	45
9	138	37
10	138	28
11	138	31
12	138	45
13	138	31
14	138	28
15	138	45
16	138	34
17	138	37
18	138	40
19	138	31
20	138	34
21	138	34
22	138	16
23	138	13
0	139	0
1	139	0
2	139	0
3	139	0
4	139	0
5	139	0
6	139	0
7	139	0
8	139	0
9	139	0
10	139	72
11	139	0
12	139	0
13	139	0
14	139	39
15	139	39
16	139	39
17	139	0
18	139	39
19	139	100
20	139	39
21	139	0
22	139	0
23	139	72
0	140	7
1	140	5
2	140	5
3	140	8
4	140	15
5	140	20
6	140	24
7	140	26
8	140	27
9	140	29
10	140	28
11	140	29
12	140	29
13	140	28
14	140	26
15	140	26
16	140	28
17	140	30
18	140	34
19	140	33
20	140	28
21	140	22
22	140	15
23	140	10
0	141	0
1	141	0
2	141	0
3	141	26
4	141	0
5	141	49
6	141	26
7	141	26
8	141	0
9	141	0
10	141	26
11	141	0
12	141	0
13	141	0
14	141	0
15	141	0
16	141	0
17	141	69
18	141	49
19	141	119
20	141	0
21	141	69
22	141	0
23	141	26
0	142	0
1	142	0
2	142	25
3	142	47
4	142	58
5	142	0
6	142	13
7	142	0
8	142	13
9	142	25
10	142	13
11	142	47
12	142	36
13	142	0
14	142	13
15	142	58
16	142	25
17	142	25
18	142	25
19	142	67
20	142	36
21	142	13
22	142	0
23	142	0
0	143	70
1	143	0
2	143	0
3	143	0
4	143	70
5	143	38
6	143	0
7	143	0
8	143	0
9	143	0
10	143	38
11	143	0
12	143	0
13	143	0
14	143	0
15	143	97
16	143	0
17	143	70
18	143	70
19	143	0
20	143	70
21	143	0
22	143	70
23	143	0
0	144	0
1	144	0
2	144	0
3	144	0
4	144	0
5	144	37
6	144	20
7	144	0
8	144	0
9	144	0
10	144	20
11	144	54
12	144	0
13	144	54
14	144	54
15	144	20
16	144	0
17	144	37
18	144	54
19	144	108
20	144	20
21	144	0
22	144	0
23	144	0
0	145	0
1	145	0
2	145	0
3	145	0
4	145	0
5	145	0
6	145	68
7	145	0
8	145	0
9	145	0
10	145	68
11	145	0
12	145	118
13	145	68
14	145	0
15	145	0
16	145	0
17	145	0
18	145	68
19	145	0
20	145	0
21	145	68
22	145	68
23	145	0
0	146	0
1	146	0
2	146	0
3	146	0
4	146	0
5	146	38
6	146	38
7	146	70
8	146	0
9	146	0
10	146	0
11	146	0
12	146	0
13	146	0
14	146	70
15	146	70
16	146	38
17	146	0
18	146	70
19	146	97
20	146	0
21	146	38
22	146	0
23	146	0
0	147	0
1	147	0
2	147	0
3	147	13
4	147	0
5	147	24
6	147	35
7	147	35
8	147	45
9	147	13
10	147	13
11	147	0
12	147	65
13	147	82
14	147	55
15	147	45
16	147	55
17	147	45
18	147	35
19	147	113
20	147	35
21	147	0
22	147	0
23	147	24
0	148	0
1	148	0
2	148	12
3	148	0
4	148	0
5	148	0
6	148	54
7	148	34
8	148	34
9	148	44
10	148	44
11	148	72
12	148	23
13	148	23
14	148	23
15	148	12
16	148	12
17	148	34
18	148	54
19	148	80
20	148	12
21	148	0
22	148	12
23	148	12
0	149	23
1	149	23
2	149	0
3	149	0
4	149	44
5	149	44
6	149	23
7	149	96
8	149	63
9	149	44
10	149	23
11	149	0
12	149	0
13	149	44
14	149	63
15	149	0
16	149	23
17	149	63
18	149	96
19	149	23
20	149	23
21	149	44
22	149	0
23	149	0
0	150	0
1	150	0
2	150	0
3	150	0
4	150	0
5	150	0
6	150	0
7	150	0
8	150	45
9	150	45
10	150	0
11	150	0
12	150	0
13	150	0
14	150	0
15	150	0
16	150	45
17	150	82
18	150	0
19	150	112
20	150	0
21	150	45
22	150	0
23	150	0
0	151	0
1	151	7
2	151	7
3	151	7
4	151	19
5	151	24
6	151	13
7	151	24
8	151	13
9	151	7
10	151	13
11	151	19
12	151	24
13	151	24
14	151	30
15	151	36
16	151	24
17	151	36
18	151	41
19	151	36
20	151	19
21	151	19
22	151	13
23	151	7
