Counts for Samsung(12) in Colombia(8):
Hour	Location Index	Count
0	0	29
1	0	29
2	0	0
3	0	54
4	0	29
5	0	0
6	0	0
7	0	0
8	0	0
9	0	0
10	0	0
11	0	54
12	0	29
13	0	0
14	0	0
15	0	0
16	0	0
17	0	54
18	0	54
19	0	29
20	0	0
21	0	0
22	0	0
23	0	29
0	1	21
1	1	31
2	1	18
3	1	31
4	1	18
5	1	8
6	1	0
7	1	0
8	1	0
9	1	4
10	1	0
11	1	4
12	1	11
13	1	8
14	1	18
15	1	18
16	1	4
17	1	18
18	1	14
19	1	21
20	1	18
21	1	11
22	1	11
23	1	21
0	2	32
1	2	0
2	2	50
3	2	32
4	2	0
5	2	22
6	2	0
7	2	0
8	2	0
9	2	0
10	2	22
11	2	0
12	2	0
13	2	11
14	2	11
15	2	11
16	2	0
17	2	11
18	2	11
19	2	11
20	2	11
21	2	11
22	2	11
23	2	0
0	3	15
1	3	15
2	3	16
3	3	15
4	3	10
5	3	6
6	3	4
7	3	2
8	3	2
9	3	1
10	3	3
11	3	5
12	3	8
13	3	9
14	3	9
15	3	11
16	3	14
17	3	14
18	3	14
19	3	14
20	3	12
21	3	14
22	3	12
23	3	13
0	4	17
1	4	19
2	4	19
3	4	7
4	4	7
5	4	5
6	4	2
7	4	2
8	4	2
9	4	0
10	4	8
11	4	16
12	4	7
13	4	12
14	4	10
15	4	15
16	4	19
17	4	15
18	4	7
19	4	20
20	4	8
21	4	15
22	4	19
23	4	20
0	5	0
1	5	0
2	5	0
3	5	183
4	5	0
5	5	0
6	5	0
7	5	0
8	5	0
9	5	0
10	5	0
11	5	0
12	5	0
13	5	0
14	5	0
15	5	0
16	5	0
17	5	0
18	5	0
19	5	0
20	5	0
21	5	0
22	5	208
23	5	0
0	6	31
1	6	13
2	6	13
3	6	25
4	6	8
5	6	10
6	6	4
7	6	4
8	6	0
9	6	5
10	6	0
11	6	5
12	6	10
13	6	7
14	6	5
15	6	10
16	6	13
17	6	18
18	6	11
19	6	28
20	6	18
21	6	8
22	6	18
23	6	23
0	7	7
1	7	15
2	7	14
3	7	14
4	7	12
5	7	6
6	7	0
7	7	3
8	7	2
9	7	0
10	7	3
11	7	5
12	7	9
13	7	11
14	7	14
15	7	10
16	7	23
17	7	13
18	7	18
19	7	9
20	7	24
21	7	18
22	7	14
23	7	19
0	8	0
1	8	36
2	8	0
3	8	92
4	8	36
5	8	0
6	8	0
7	8	0
8	8	0
9	8	0
10	8	0
11	8	0
12	8	0
13	8	0
14	8	0
15	8	36
16	8	36
17	8	36
18	8	0
19	8	0
20	8	66
21	8	0
22	8	0
23	8	36
0	9	54
1	9	33
2	9	41
3	9	15
4	9	0
5	9	0
6	9	0
7	9	0
8	9	0
9	9	0
10	9	0
11	9	5
12	9	0
13	9	10
14	9	5
15	9	0
16	9	10
17	9	15
18	9	10
19	9	20
20	9	5
21	9	0
22	9	10
23	9	15
0	10	29
1	10	19
2	10	29
3	10	22
4	10	15
5	10	8
6	10	0
7	10	0
8	10	4
9	10	0
10	10	8
11	10	12
12	10	19
13	10	4
14	10	8
15	10	8
16	10	19
17	10	19
18	10	19
19	10	35
20	10	8
21	10	15
22	10	15
23	10	19
0	11	0
1	11	0
2	11	0
3	11	0
4	11	0
5	11	0
6	11	0
7	11	0
8	11	0
9	11	0
10	11	0
11	11	0
12	11	0
13	11	0
14	11	0
15	11	0
16	11	0
17	11	0
18	11	0
19	11	0
20	11	0
21	11	0
22	11	0
23	11	0
0	12	24
1	12	12
2	12	34
3	12	24
4	12	34
5	12	0
6	12	0
7	12	0
8	12	0
9	12	0
10	12	0
11	12	12
12	12	0
13	12	0
14	12	24
15	12	34
16	12	24
17	12	0
18	12	0
19	12	12
20	12	0
21	12	0
22	12	0
23	12	0
0	13	17
1	13	17
2	13	16
3	13	13
4	13	10
5	13	5
6	13	2
7	13	2
8	13	2
9	13	2
10	13	4
11	13	7
12	13	10
13	13	13
14	13	14
15	13	15
16	13	15
17	13	14
18	13	15
19	13	15
20	13	15
21	13	14
22	13	14
23	13	16
0	14	16
1	14	16
2	14	0
3	14	31
4	14	0
5	14	0
6	14	0
7	14	0
8	14	0
9	14	0
10	14	0
11	14	0
12	14	0
13	14	0
14	14	16
15	14	0
16	14	0
17	14	0
18	14	0
19	14	0
20	14	16
21	14	16
22	14	31
23	14	16
0	15	17
1	15	0
2	15	17
3	15	17
4	15	0
5	15	0
6	15	0
7	15	0
8	15	0
9	15	0
10	15	0
11	15	0
12	15	0
13	15	17
14	15	0
15	15	17
16	15	32
17	15	0
18	15	17
19	15	0
20	15	17
21	15	0
22	15	0
23	15	17
0	16	17
1	16	18
2	16	17
3	16	13
4	16	10
5	16	5
6	16	4
7	16	2
8	16	1
9	16	1
10	16	2
11	16	7
12	16	9
13	16	11
14	16	13
15	16	12
16	16	13
17	16	14
18	16	15
19	16	15
20	16	12
21	16	14
22	16	14
23	16	16
0	17	19
1	17	26
2	17	19
3	17	29
4	17	29
5	17	19
6	17	0
7	17	0
8	17	0
9	17	0
10	17	0
11	17	8
12	17	4
13	17	0
14	17	8
15	17	12
16	17	4
17	17	29
18	17	0
19	17	15
20	17	29
21	17	26
22	17	32
23	17	15
0	18	18
1	18	18
2	18	18
3	18	18
4	18	0
5	18	0
6	18	0
7	18	0
8	18	0
9	18	0
10	18	0
11	18	0
12	18	0
13	18	35
14	18	0
15	18	0
16	18	0
17	18	0
18	18	18
19	18	18
20	18	35
21	18	0
22	18	35
23	18	0
0	19	14
1	19	10
2	19	40
3	19	48
4	19	5
5	19	14
6	19	0
7	19	0
8	19	10
9	19	0
10	19	5
11	19	5
12	19	10
13	19	23
14	19	10
15	19	10
16	19	14
17	19	19
18	19	36
19	19	14
20	19	0
21	19	19
22	19	10
23	19	10
0	20	11
1	20	11
2	20	0
3	20	22
4	20	0
5	20	0
6	20	0
7	20	0
8	20	0
9	20	0
10	20	0
11	20	0
12	20	0
13	20	11
14	20	22
15	20	11
16	20	41
17	20	11
18	20	0
19	20	0
20	20	41
21	20	22
22	20	11
23	20	22
0	21	22
1	21	11
2	21	33
3	21	18
4	21	8
5	21	9
6	21	8
7	21	2
8	21	0
9	21	0
10	21	3
11	21	4
12	21	4
13	21	12
14	21	13
15	21	12
16	21	7
17	21	13
18	21	23
19	21	23
20	21	17
21	21	18
22	21	17
23	21	13
0	22	0
1	22	88
2	22	0
3	22	0
4	22	0
5	22	0
6	22	0
7	22	0
8	22	0
9	22	0
10	22	0
11	22	88
12	22	0
13	22	0
14	22	0
15	22	0
16	22	0
17	22	0
18	22	0
19	22	88
20	22	0
21	22	0
22	22	0
23	22	183
0	23	21
1	23	51
2	23	0
3	23	0
4	23	0
5	23	0
6	23	0
7	23	0
8	23	0
9	23	0
10	23	0
11	23	0
12	23	0
13	23	33
14	23	62
15	23	39
16	23	51
17	23	27
18	23	33
19	23	27
20	23	7
21	23	21
22	23	21
23	23	33
0	24	0
1	24	230
2	24	0
3	24	0
4	24	0
5	24	0
6	24	0
7	24	0
8	24	0
9	24	0
10	24	0
11	24	0
12	24	0
13	24	0
14	24	0
15	24	0
16	24	0
17	24	0
18	24	0
19	24	0
20	24	0
21	24	0
22	24	0
23	24	0
0	25	0
1	25	0
2	25	0
3	25	0
4	25	0
5	25	77
6	25	0
7	25	0
8	25	0
9	25	0
10	25	0
11	25	0
12	25	0
13	25	0
14	25	29
15	25	0
16	25	77
17	25	0
18	25	0
19	25	0
20	25	0
21	25	0
22	25	0
23	25	29
0	26	8
1	26	0
2	26	8
3	26	0
4	26	8
5	26	8
6	26	0
7	26	0
8	26	0
9	26	0
10	26	8
11	26	8
12	26	8
13	26	8
14	26	8
15	26	8
16	26	16
17	26	31
18	26	16
19	26	16
20	26	8
21	26	8
22	26	16
23	26	16
0	27	0
1	27	0
2	27	0
3	27	25
4	27	0
5	27	0
6	27	0
7	27	0
8	27	0
9	27	0
10	27	0
11	27	0
12	27	0
13	27	0
14	27	0
15	27	0
16	27	25
17	27	0
18	27	0
19	27	0
20	27	0
21	27	0
22	27	0
23	27	0
0	28	45
1	28	11
2	28	11
3	28	26
4	28	6
5	28	16
6	28	0
7	28	0
8	28	0
9	28	6
10	28	0
11	28	6
12	28	11
13	28	31
14	28	26
15	28	6
16	28	6
17	28	0
18	28	21
19	28	11
20	28	16
21	28	26
22	28	31
23	28	11
0	29	15
1	29	23
2	29	15
3	29	0
4	29	0
5	29	0
6	29	0
7	29	0
8	29	0
9	29	0
10	29	0
11	29	0
12	29	0
13	29	15
14	29	0
15	29	0
16	29	0
17	29	8
18	29	0
19	29	0
20	29	0
21	29	0
22	29	8
23	29	0
0	30	13
1	30	9
2	30	5
3	30	5
4	30	0
5	30	0
6	30	0
7	30	0
8	30	0
9	30	0
10	30	5
11	30	5
12	30	17
13	30	0
14	30	5
15	30	0
16	30	9
17	30	5
18	30	0
19	30	0
20	30	9
21	30	0
22	30	5
23	30	0
0	31	0
1	31	69
2	31	49
3	31	0
4	31	0
5	31	0
6	31	0
7	31	0
8	31	0
9	31	0
10	31	0
11	31	49
12	31	0
13	31	0
14	31	0
15	31	0
16	31	0
17	31	0
18	31	0
19	31	0
20	31	49
21	31	0
22	31	0
23	31	0
0	32	18
1	32	23
2	32	18
3	32	12
4	32	6
5	32	0
6	32	0
7	32	0
8	32	0
9	32	0
10	32	0
11	32	18
12	32	12
13	32	28
14	32	12
15	32	6
16	32	6
17	32	6
18	32	6
19	32	12
20	32	0
21	32	6
22	32	0
23	32	39
0	33	48
1	33	23
2	33	23
3	33	27
4	33	0
5	33	5
6	33	5
7	33	5
8	33	14
9	33	5
10	33	10
11	33	5
12	33	19
13	33	14
14	33	0
15	33	10
16	33	19
17	33	32
18	33	14
19	33	19
20	33	10
21	33	32
22	33	5
23	33	23
0	34	0
1	34	0
2	34	25
3	34	25
4	34	0
5	34	25
6	34	25
7	34	0
8	34	0
9	34	0
10	34	0
11	34	0
12	34	0
13	34	0
14	34	0
15	34	0
16	34	0
17	34	0
18	34	0
19	34	0
20	34	0
21	34	48
22	34	0
23	34	0
0	35	19
1	35	116
2	35	36
3	35	52
4	35	36
5	35	36
6	35	0
7	35	0
8	35	0
9	35	0
10	35	0
11	35	0
12	35	36
13	35	0
14	35	36
15	35	19
16	35	0
17	35	36
18	35	0
19	35	36
20	35	36
21	35	19
22	35	36
23	35	0
0	36	20
1	36	22
2	36	19
3	36	15
4	36	10
5	36	6
6	36	3
7	36	2
8	36	1
9	36	2
10	36	3
11	36	6
12	36	11
13	36	11
14	36	14
15	36	13
16	36	15
17	36	15
18	36	14
19	36	16
20	36	15
21	36	12
22	36	13
23	36	17
0	37	35
1	37	13
2	37	20
3	37	5
4	37	24
5	37	9
6	37	0
7	37	0
8	37	0
9	37	0
10	37	0
11	37	0
12	37	5
13	37	9
14	37	5
15	37	13
16	37	9
17	37	13
18	37	0
19	37	5
20	37	5
21	37	9
22	37	5
23	37	5
0	38	15
1	38	25
2	38	14
3	38	11
4	38	6
5	38	4
6	38	0
7	38	2
8	38	0
9	38	0
10	38	6
11	38	4
12	38	7
13	38	20
14	38	27
15	38	19
16	38	15
17	38	19
18	38	9
19	38	9
20	38	12
21	38	6
22	38	11
23	38	15
0	39	0
1	39	0
2	39	0
3	39	154
4	39	0
5	39	0
6	39	0
7	39	0
8	39	0
9	39	95
10	39	0
11	39	0
12	39	0
13	39	0
14	39	95
15	39	0
16	39	0
17	39	0
18	39	0
19	39	95
20	39	0
21	39	95
22	39	0
23	39	0
0	40	13
1	40	0
2	40	59
3	40	13
4	40	13
5	40	26
6	40	0
7	40	0
8	40	13
9	40	0
10	40	0
11	40	13
12	40	26
13	40	0
14	40	13
15	40	13
16	40	0
17	40	0
18	40	26
19	40	0
20	40	13
21	40	13
22	40	0
23	40	13
0	41	0
1	41	0
2	41	33
3	41	0
4	41	33
5	41	0
6	41	0
7	41	0
8	41	0
9	41	0
10	41	0
11	41	0
12	41	33
13	41	0
14	41	0
15	41	0
16	41	33
17	41	0
18	41	0
19	41	0
20	41	0
21	41	33
22	41	61
23	41	0
0	42	0
1	42	0
2	42	0
3	42	0
4	42	0
5	42	0
6	42	0
7	42	0
8	42	0
9	42	0
10	42	0
11	42	0
12	42	0
13	42	0
14	42	0
15	42	0
16	42	0
17	42	0
18	42	0
19	42	0
20	42	0
21	42	0
22	42	0
23	42	0
0	43	56
1	43	14
2	43	20
3	43	20
4	43	7
5	43	0
6	43	0
7	43	0
8	43	7
9	43	0
10	43	0
11	43	7
12	43	7
13	43	7
14	43	0
15	43	0
16	43	14
17	43	7
18	43	27
19	43	39
20	43	20
21	43	14
22	43	27
23	43	14
0	44	0
1	44	42
2	44	0
3	44	42
4	44	0
5	44	0
6	44	0
7	44	0
8	44	0
9	44	0
10	44	0
11	44	0
12	44	0
13	44	0
14	44	0
15	44	0
16	44	42
17	44	0
18	44	0
19	44	0
20	44	0
21	44	0
22	44	0
23	44	0
0	45	0
1	45	7
2	45	7
3	45	0
4	45	7
5	45	7
6	45	0
7	45	0
8	45	0
9	45	13
10	45	7
11	45	0
12	45	7
13	45	0
14	45	13
15	45	7
16	45	13
17	45	7
18	45	0
19	45	0
20	45	13
21	45	0
22	45	19
23	45	19
0	46	0
1	46	0
2	46	0
3	46	0
4	46	0
5	46	0
6	46	0
7	46	0
8	46	0
9	46	0
10	46	0
11	46	0
12	46	0
13	46	145
14	46	0
15	46	0
16	46	0
17	46	0
18	46	0
19	46	0
20	46	0
21	46	0
22	46	0
23	46	0
0	47	18
1	47	19
2	47	20
3	47	16
4	47	11
5	47	6
6	47	3
7	47	2
8	47	2
9	47	2
10	47	3
11	47	6
12	47	9
13	47	11
14	47	12
15	47	13
16	47	13
17	47	13
18	47	14
19	47	13
20	47	13
21	47	12
22	47	14
23	47	16
0	48	0
1	48	0
2	48	0
3	48	0
4	48	0
5	48	0
6	48	0
7	48	0
8	48	0
9	48	0
10	48	0
11	48	0
12	48	0
13	48	0
14	48	0
15	48	0
16	48	0
17	48	137
18	48	0
19	48	0
20	48	137
21	48	0
22	48	0
23	48	0
0	49	19
1	49	12
2	49	11
3	49	11
4	49	7
5	49	2
6	49	2
7	49	3
8	49	2
9	49	0
10	49	4
11	49	3
12	49	7
13	49	11
14	49	16
15	49	23
16	49	15
17	49	17
18	49	19
19	49	18
20	49	21
21	49	12
22	49	17
23	49	11
0	50	0
1	50	0
2	50	0
3	50	0
4	50	0
5	50	0
6	50	0
7	50	0
8	50	0
9	50	0
10	50	0
11	50	0
12	50	0
13	50	0
14	50	0
15	50	0
16	50	0
17	50	0
18	50	0
19	50	0
20	50	0
21	50	0
22	50	0
23	50	0
0	51	45
1	51	16
2	51	16
3	51	0
4	51	0
5	51	31
6	51	0
7	51	0
8	51	0
9	51	0
10	51	0
11	51	0
12	51	0
13	51	0
14	51	16
15	51	0
16	51	0
17	51	0
18	51	0
19	51	0
20	51	0
21	51	0
22	51	31
23	51	16
0	52	0
1	52	51
2	52	51
3	52	0
4	52	0
5	52	0
6	52	0
7	52	0
8	52	0
9	52	0
10	52	0
11	52	51
12	52	91
13	52	0
14	52	0
15	52	0
16	52	0
17	52	0
18	52	0
19	52	0
20	52	0
21	52	0
22	52	0
23	52	0
0	53	41
1	53	0
2	53	0
3	53	32
4	53	11
5	53	32
6	53	0
7	53	0
8	53	0
9	53	0
10	53	32
11	53	11
12	53	22
13	53	0
14	53	0
15	53	11
16	53	0
17	53	11
18	53	0
19	53	32
20	53	0
21	53	0
22	53	0
23	53	0
0	54	0
1	54	0
2	54	0
3	54	0
4	54	0
5	54	0
6	54	0
7	54	0
8	54	0
9	54	0
10	54	0
11	54	0
12	54	0
13	54	0
14	54	0
15	54	0
16	54	0
17	54	0
18	54	0
19	54	0
20	54	0
21	54	0
22	54	0
23	54	0
0	55	0
1	55	0
2	55	0
3	55	0
4	55	0
5	55	0
6	55	0
7	55	0
8	55	0
9	55	0
10	55	0
11	55	0
12	55	0
13	55	0
14	55	0
15	55	0
16	55	0
17	55	0
18	55	0
19	55	0
20	55	0
21	55	0
22	55	0
23	55	0
0	56	0
1	56	27
2	56	19
3	56	0
4	56	10
5	56	0
6	56	0
7	56	0
8	56	0
9	56	0
10	56	0
11	56	10
12	56	0
13	56	10
14	56	0
15	56	0
16	56	19
17	56	0
18	56	27
19	56	36
20	56	10
21	56	0
22	56	19
23	56	0
0	57	40
1	57	44
2	57	10
3	57	19
4	57	19
5	57	0
6	57	5
7	57	14
8	57	0
9	57	0
10	57	0
11	57	0
12	57	10
13	57	0
14	57	14
15	57	36
16	57	14
17	57	5
18	57	27
19	57	0
20	57	0
21	57	19
22	57	10
23	57	10
0	58	44
1	58	38
2	58	14
3	58	7
4	58	20
5	58	0
6	58	0
7	58	0
8	58	0
9	58	0
10	58	0
11	58	0
12	58	7
13	58	7
14	58	14
15	58	32
16	58	14
17	58	14
18	58	26
19	58	38
20	58	20
21	58	7
22	58	7
23	58	26
0	59	0
1	59	21
2	59	11
3	59	0
4	59	11
5	59	11
6	59	11
7	59	0
8	59	0
9	59	0
10	59	0
11	59	0
12	59	21
13	59	0
14	59	31
15	59	0
16	59	21
17	59	0
18	59	0
19	59	11
20	59	0
21	59	21
22	59	11
23	59	11
0	60	0
1	60	28
2	60	0
3	60	0
4	60	0
5	60	0
6	60	28
7	60	0
8	60	0
9	60	0
10	60	0
11	60	52
12	60	0
13	60	28
14	60	0
15	60	0
16	60	0
17	60	0
18	60	0
19	60	0
20	60	0
21	60	0
22	60	0
23	60	52
0	61	0
1	61	47
2	61	0
3	61	0
4	61	0
5	61	0
6	61	0
7	61	0
8	61	0
9	61	0
10	61	0
11	61	0
12	61	0
13	61	0
14	61	0
15	61	0
16	61	0
17	61	0
18	61	0
19	61	0
20	61	0
21	61	25
22	61	0
23	61	25
0	62	13
1	62	13
2	62	24
3	62	13
4	62	45
5	62	0
6	62	0
7	62	0
8	62	0
9	62	0
10	62	0
11	62	0
12	62	0
13	62	35
14	62	55
15	62	0
16	62	55
17	62	0
18	62	13
19	62	24
20	62	35
21	62	0
22	62	13
23	62	55
0	63	28
1	63	35
2	63	41
3	63	28
4	63	8
5	63	8
6	63	8
7	63	15
8	63	0
9	63	0
10	63	0
11	63	0
12	63	15
13	63	0
14	63	22
15	63	0
16	63	15
17	63	0
18	63	28
19	63	28
20	63	15
21	63	8
22	63	0
23	63	53
0	64	0
1	64	44
2	64	0
3	64	0
4	64	23
5	64	0
6	64	0
7	64	0
8	64	0
9	64	0
10	64	0
11	64	0
12	64	0
13	64	23
14	64	23
15	64	0
16	64	23
17	64	23
18	64	0
19	64	0
20	64	44
21	64	0
22	64	0
23	64	44
0	65	12
1	65	23
2	65	17
3	65	9
4	65	7
5	65	10
6	65	5
7	65	2
8	65	4
9	65	0
10	65	2
11	65	9
12	65	4
13	65	21
14	65	18
15	65	5
16	65	21
17	65	20
18	65	7
19	65	13
20	65	17
21	65	5
22	65	10
23	65	17
0	66	0
1	66	0
2	66	0
3	66	0
4	66	0
5	66	0
6	66	0
7	66	0
8	66	0
9	66	0
10	66	0
11	66	0
12	66	0
13	66	0
14	66	0
15	66	47
16	66	0
17	66	0
18	66	47
19	66	0
20	66	0
21	66	0
22	66	47
23	66	0
0	67	0
1	67	0
2	67	0
3	67	0
4	67	0
5	67	0
6	67	0
7	67	0
8	67	0
9	67	0
10	67	0
11	67	0
12	67	0
13	67	0
14	67	39
15	67	0
16	67	0
17	67	0
18	67	0
19	67	0
20	67	0
21	67	0
22	67	0
23	67	0
0	68	0
1	68	0
2	68	230
3	68	0
4	68	0
5	68	0
6	68	0
7	68	0
8	68	0
9	68	0
10	68	0
11	68	0
12	68	0
13	68	0
14	68	230
15	68	0
16	68	0
17	68	0
18	68	0
19	68	0
20	68	0
21	68	0
22	68	0
23	68	0
0	69	31
1	69	23
2	69	29
3	69	17
4	69	0
5	69	11
6	69	0
7	69	0
8	69	0
9	69	3
10	69	5
11	69	7
12	69	9
13	69	11
14	69	19
15	69	13
16	69	11
17	69	11
18	69	15
19	69	15
20	69	13
21	69	13
22	69	7
23	69	23
0	70	0
1	70	0
2	70	145
3	70	0
4	70	0
5	70	0
6	70	0
7	70	0
8	70	0
9	70	0
10	70	0
11	70	0
12	70	0
13	70	0
14	70	0
15	70	0
16	70	0
17	70	49
18	70	0
19	70	0
20	70	0
21	70	49
22	70	0
23	70	0
0	71	0
1	71	0
2	71	0
3	71	0
4	71	0
5	71	0
6	71	0
7	71	0
8	71	0
9	71	0
10	71	0
11	71	0
12	71	0
13	71	77
14	71	0
15	71	130
16	71	0
17	71	0
18	71	0
19	71	0
20	71	77
21	71	0
22	71	0
23	71	0
0	72	21
1	72	22
2	72	23
3	72	20
4	72	13
5	72	3
6	72	2
7	72	4
8	72	1
9	72	2
10	72	3
11	72	11
12	72	12
13	72	9
14	72	19
15	72	12
16	72	16
17	72	17
18	72	22
19	72	19
20	72	15
21	72	14
22	72	15
23	72	18
0	73	40
1	73	0
2	73	0
3	73	0
4	73	0
5	73	0
6	73	0
7	73	0
8	73	0
9	73	0
10	73	0
11	73	0
12	73	0
13	73	0
14	73	0
15	73	40
16	73	0
17	73	0
18	73	0
19	73	0
20	73	0
21	73	40
22	73	0
23	73	0
0	74	0
1	74	0
2	74	37
3	74	0
4	74	0
5	74	0
6	74	0
7	74	0
8	74	0
9	74	0
10	74	0
11	74	0
12	74	0
13	74	0
14	74	0
15	74	0
16	74	0
17	74	0
18	74	0
19	74	0
20	74	0
21	74	0
22	74	0
23	74	37
0	75	154
1	75	0
2	75	0
3	75	0
4	75	0
5	75	0
6	75	0
7	75	0
8	75	0
9	75	0
10	75	0
11	75	0
12	75	0
13	75	0
14	75	0
15	75	0
16	75	0
17	75	0
18	75	154
19	75	0
20	75	0
21	75	0
22	75	0
23	75	0
0	76	11
1	76	17
2	76	9
3	76	8
4	76	9
5	76	5
6	76	3
7	76	0
8	76	3
9	76	4
10	76	5
11	76	6
12	76	6
13	76	6
14	76	6
15	76	9
16	76	9
17	76	14
18	76	15
19	76	16
20	76	13
21	76	13
22	76	18
23	76	14
0	77	18
1	77	17
2	77	17
3	77	14
4	77	9
5	77	5
6	77	3
7	77	2
8	77	2
9	77	2
10	77	4
11	77	9
12	77	13
13	77	15
14	77	15
15	77	16
16	77	15
17	77	15
18	77	16
19	77	15
20	77	15
21	77	15
22	77	16
23	77	17
0	78	0
1	78	17
2	78	0
3	78	32
4	78	0
5	78	17
6	78	0
7	78	0
8	78	17
9	78	17
10	78	0
11	78	0
12	78	0
13	78	0
14	78	17
15	78	46
16	78	0
17	78	32
18	78	0
19	78	0
20	78	0
21	78	0
22	78	17
23	78	0
0	79	0
1	79	0
2	79	39
3	79	0
4	79	0
5	79	0
6	79	0
7	79	0
8	79	0
9	79	0
10	79	0
11	79	0
12	79	0
13	79	39
14	79	55
15	79	0
16	79	20
17	79	0
18	79	0
19	79	0
20	79	0
21	79	20
22	79	0
23	79	0
0	80	69
1	80	37
2	80	13
3	80	13
4	80	20
5	80	13
6	80	0
7	80	0
8	80	0
9	80	0
10	80	0
11	80	0
12	80	20
13	80	0
14	80	7
15	80	59
16	80	0
17	80	7
18	80	26
19	80	13
20	80	26
21	80	0
22	80	26
23	80	13
0	81	0
1	81	0
2	81	0
3	81	0
4	81	0
5	81	0
6	81	0
7	81	0
8	81	0
9	81	0
10	81	0
11	81	0
12	81	0
13	81	0
14	81	0
15	81	0
16	81	0
17	81	0
18	81	0
19	81	0
20	81	0
21	81	137
22	81	0
23	81	0
0	82	7
1	82	13
2	82	13
3	82	19
4	82	7
5	82	3
6	82	0
7	82	3
8	82	5
9	82	0
10	82	0
11	82	3
12	82	9
13	82	13
14	82	3
15	82	3
16	82	11
17	82	7
18	82	13
19	82	7
20	82	5
21	82	13
22	82	9
23	82	7
0	83	0
1	83	0
2	83	72
3	83	0
4	83	0
5	83	0
6	83	0
7	83	0
8	83	0
9	83	0
10	83	0
11	83	0
12	83	0
13	83	0
14	83	0
15	83	0
16	83	0
17	83	0
18	83	0
19	83	0
20	83	0
21	83	123
22	83	0
23	83	0
0	84	11
1	84	39
2	84	19
3	84	14
4	84	16
5	84	7
6	84	6
7	84	0
8	84	0
9	84	5
10	84	10
11	84	3
12	84	19
13	84	10
14	84	12
15	84	5
16	84	10
17	84	14
18	84	14
19	84	7
20	84	20
21	84	11
22	84	20
23	84	23
0	85	6
1	85	0
2	85	0
3	85	0
4	85	0
5	85	0
6	85	0
7	85	0
8	85	0
9	85	0
10	85	0
11	85	17
12	85	28
13	85	22
14	85	12
15	85	17
16	85	28
17	85	0
18	85	0
19	85	6
20	85	22
21	85	17
22	85	12
23	85	0
0	86	17
1	86	16
2	86	19
3	86	16
4	86	13
5	86	1
6	86	5
7	86	0
8	86	1
9	86	2
10	86	3
11	86	2
12	86	4
13	86	10
14	86	11
15	86	8
16	86	8
17	86	6
18	86	5
19	86	9
20	86	10
21	86	17
22	86	10
23	86	24
0	87	15
1	87	0
2	87	0
3	87	28
4	87	0
5	87	0
6	87	0
7	87	0
8	87	0
9	87	0
10	87	0
11	87	0
12	87	0
13	87	0
14	87	15
15	87	52
16	87	0
17	87	28
18	87	0
19	87	0
20	87	0
21	87	15
22	87	28
23	87	0
0	88	17
1	88	19
2	88	19
3	88	14
4	88	11
5	88	8
6	88	2
7	88	2
8	88	2
9	88	1
10	88	3
11	88	6
12	88	8
13	88	12
14	88	12
15	88	16
16	88	14
17	88	14
18	88	16
19	88	15
20	88	13
21	88	13
22	88	15
23	88	14
0	89	0
1	89	0
2	89	0
3	89	0
4	89	0
5	89	0
6	89	0
7	89	0
8	89	0
9	89	0
10	89	0
11	89	0
12	89	0
13	89	0
14	89	0
15	89	0
16	89	0
17	89	0
18	89	0
19	89	0
20	89	0
21	89	0
22	89	0
23	89	0
0	90	0
1	90	0
2	90	0
3	90	49
4	90	0
5	90	0
6	90	0
7	90	0
8	90	0
9	90	0
10	90	0
11	90	0
12	90	0
13	90	0
14	90	0
15	90	0
16	90	0
17	90	0
18	90	0
19	90	0
20	90	0
21	90	0
22	90	0
23	90	0
0	91	0
1	91	0
2	91	0
3	91	0
4	91	0
5	91	0
6	91	0
7	91	0
8	91	0
9	91	0
10	91	0
11	91	0
12	91	0
13	91	0
14	91	0
15	91	0
16	91	0
17	91	0
18	91	0
19	91	0
20	91	0
21	91	0
22	91	0
23	91	137
0	92	0
1	92	0
2	92	0
3	92	0
4	92	0
5	92	0
6	92	0
7	92	0
8	92	0
9	92	0
10	92	0
11	92	0
12	92	0
13	92	0
14	92	215
15	92	0
16	92	154
17	92	0
18	92	0
19	92	0
20	92	0
21	92	0
22	92	0
23	92	0
0	93	0
1	93	18
2	93	0
3	93	0
4	93	0
5	93	0
6	93	0
7	93	0
8	93	0
9	93	0
10	93	0
11	93	0
12	93	18
13	93	0
14	93	78
15	93	0
16	93	35
17	93	0
18	93	0
19	93	0
20	93	0
21	93	18
22	93	0
23	93	0
0	94	0
1	94	0
2	94	0
3	94	0
4	94	0
5	94	0
6	94	0
7	94	0
8	94	0
9	94	0
10	94	0
11	94	0
12	94	0
13	94	0
14	94	0
15	94	0
16	94	0
17	94	0
18	94	0
19	94	0
20	94	0
21	94	0
22	94	0
23	94	0
0	95	16
1	95	38
2	95	58
3	95	8
4	95	16
5	95	0
6	95	0
7	95	0
8	95	0
9	95	0
10	95	0
11	95	0
12	95	0
13	95	8
14	95	0
15	95	24
16	95	0
17	95	16
18	95	8
19	95	0
20	95	8
21	95	16
22	95	16
23	95	16
0	96	103
1	96	58
2	96	0
3	96	58
4	96	0
5	96	0
6	96	0
7	96	0
8	96	0
9	96	0
10	96	0
11	96	0
12	96	0
13	96	0
14	96	58
15	96	58
16	96	0
17	96	0
18	96	0
19	96	0
20	96	0
21	96	0
22	96	0
23	96	0
0	97	25
1	97	29
2	97	10
3	97	7
4	97	13
5	97	10
6	97	0
7	97	2
8	97	2
9	97	2
10	97	3
11	97	15
12	97	4
13	97	10
14	97	7
15	97	20
16	97	8
17	97	10
18	97	7
19	97	7
20	97	12
21	97	3
22	97	15
23	97	13
0	98	0
1	98	0
2	98	0
3	98	0
4	98	0
5	98	0
6	98	0
7	98	0
8	98	0
9	98	0
10	98	0
11	98	0
12	98	0
13	98	0
14	98	0
15	98	0
16	98	0
17	98	0
18	98	0
19	98	0
20	98	0
21	98	0
22	98	0
23	98	0
