Counts for Apple(2) in Colombia(8):
Hour	Location Index	Count
0	0	29
1	0	29
2	0	54
3	0	0
4	0	29
5	0	0
6	0	0
7	0	29
8	0	0
9	0	0
10	0	0
11	0	0
12	0	0
13	0	54
14	0	29
15	0	0
16	0	0
17	0	29
18	0	0
19	0	54
20	0	0
21	0	0
22	0	0
23	0	0
0	1	21
1	1	40
2	1	43
3	1	46
4	1	28
5	1	4
6	1	0
7	1	0
8	1	0
9	1	8
10	1	8
11	1	18
12	1	28
13	1	28
14	1	11
15	1	14
16	1	11
17	1	24
18	1	21
19	1	18
20	1	8
21	1	34
22	1	28
23	1	18
0	2	32
1	2	50
2	2	41
3	2	22
4	2	32
5	2	22
6	2	0
7	2	0
8	2	0
9	2	0
10	2	0
11	2	0
12	2	32
13	2	32
14	2	11
15	2	11
16	2	11
17	2	11
18	2	0
19	2	11
20	2	0
21	2	11
22	2	32
23	2	32
0	3	26
1	3	27
2	3	29
3	3	25
4	3	19
5	3	8
6	3	5
7	3	3
8	3	3
9	3	3
10	3	5
11	3	12
12	3	17
13	3	17
14	3	18
15	3	18
16	3	20
17	3	17
18	3	19
19	3	19
20	3	19
21	3	18
22	3	20
23	3	22
0	4	15
1	4	19
2	4	31
3	4	40
4	4	22
5	4	21
6	4	3
7	4	3
8	4	0
9	4	3
10	4	6
11	4	8
12	4	10
13	4	16
14	4	21
15	4	14
16	4	32
17	4	24
18	4	22
19	4	32
20	4	30
21	4	27
22	4	24
23	4	17
0	5	0
1	5	0
2	5	0
3	5	0
4	5	0
5	5	0
6	5	0
7	5	0
8	5	0
9	5	0
10	5	0
11	5	0
12	5	88
13	5	0
14	5	0
15	5	0
16	5	0
17	5	0
18	5	0
19	5	0
20	5	0
21	5	0
22	5	0
23	5	0
0	6	33
1	6	15
2	6	29
3	6	19
4	6	15
5	6	5
6	6	0
7	6	0
8	6	2
9	6	4
10	6	7
11	6	4
12	6	8
13	6	4
14	6	11
15	6	7
16	6	19
17	6	10
18	6	20
19	6	15
20	6	13
21	6	13
22	6	11
23	6	15
0	7	19
1	7	14
2	7	13
3	7	17
4	7	8
5	7	7
6	7	1
7	7	6
8	7	1
9	7	2
10	7	5
11	7	5
12	7	15
13	7	9
14	7	9
15	7	9
16	7	14
17	7	9
18	7	10
19	7	10
20	7	11
21	7	10
22	7	22
23	7	19
0	8	36
1	8	0
2	8	36
3	8	0
4	8	0
5	8	0
6	8	36
7	8	0
8	8	0
9	8	0
10	8	0
11	8	0
12	8	0
13	8	36
14	8	0
15	8	0
16	8	0
17	8	0
18	8	0
19	8	0
20	8	0
21	8	0
22	8	0
23	8	0
0	9	41
1	9	61
2	9	57
3	9	24
4	9	24
5	9	0
6	9	0
7	9	0
8	9	0
9	9	0
10	9	5
11	9	5
12	9	20
13	9	10
14	9	24
15	9	0
16	9	10
17	9	15
18	9	10
19	9	76
20	9	0
21	9	15
22	9	20
23	9	29
0	10	29
1	10	29
2	10	39
3	10	19
4	10	29
5	10	19
6	10	4
7	10	0
8	10	0
9	10	4
10	10	4
11	10	12
12	10	19
13	10	12
14	10	19
15	10	8
16	10	22
17	10	32
18	10	19
19	10	19
20	10	12
21	10	15
22	10	8
23	10	19
0	11	0
1	11	0
2	11	0
3	11	88
4	11	0
5	11	0
6	11	0
7	11	0
8	11	0
9	11	0
10	11	0
11	11	0
12	11	0
13	11	0
14	11	0
15	11	0
16	11	0
17	11	0
18	11	0
19	11	0
20	11	0
21	11	0
22	11	0
23	11	0
0	12	54
1	12	45
2	12	12
3	12	45
4	12	24
5	12	24
6	12	24
7	12	0
8	12	12
9	12	0
10	12	0
11	12	12
12	12	54
13	12	24
14	12	12
15	12	24
16	12	12
17	12	12
18	12	45
19	12	0
20	12	54
21	12	0
22	12	12
23	12	24
0	13	29
1	13	28
2	13	28
3	13	23
4	13	15
5	13	8
6	13	4
7	13	3
8	13	2
9	13	3
10	13	7
11	13	13
12	13	18
13	13	24
14	13	21
15	13	23
16	13	22
17	13	21
18	13	22
19	13	21
20	13	21
21	13	22
22	13	24
23	13	29
0	14	45
1	14	45
2	14	16
3	14	16
4	14	16
5	14	16
6	14	16
7	14	0
8	14	0
9	14	0
10	14	0
11	14	0
12	14	16
13	14	16
14	14	16
15	14	0
16	14	0
17	14	31
18	14	16
19	14	0
20	14	16
21	14	58
22	14	45
23	14	82
0	15	17
1	15	32
2	15	0
3	15	0
4	15	0
5	15	0
6	15	0
7	15	0
8	15	0
9	15	0
10	15	0
11	15	0
12	15	0
13	15	32
14	15	47
15	15	60
16	15	0
17	15	32
18	15	0
19	15	125
20	15	47
21	15	0
22	15	17
23	15	32
0	16	17
1	16	20
2	16	19
3	16	15
4	16	11
5	16	6
6	16	4
7	16	2
8	16	2
9	16	2
10	16	3
11	16	6
12	16	11
13	16	10
14	16	12
15	16	13
16	16	11
17	16	14
18	16	13
19	16	15
20	16	13
21	16	12
22	16	18
23	16	15
0	17	12
1	17	19
2	17	8
3	17	4
4	17	4
5	17	4
6	17	0
7	17	0
8	17	0
9	17	0
10	17	8
11	17	8
12	17	4
13	17	22
14	17	4
15	17	8
16	17	0
17	17	0
18	17	8
19	17	19
20	17	0
21	17	8
22	17	19
23	17	8
0	18	18
1	18	35
2	18	51
3	18	0
4	18	0
5	18	18
6	18	0
7	18	0
8	18	0
9	18	0
10	18	0
11	18	0
12	18	0
13	18	18
14	18	91
15	18	35
16	18	0
17	18	0
18	18	0
19	18	0
20	18	0
21	18	0
22	18	0
23	18	35
0	19	27
1	19	23
2	19	23
3	19	10
4	19	19
5	19	14
6	19	5
7	19	0
8	19	0
9	19	10
10	19	5
11	19	5
12	19	44
13	19	0
14	19	48
15	19	19
16	19	23
17	19	5
18	19	19
19	19	10
20	19	14
21	19	14
22	19	23
23	19	51
0	20	22
1	20	41
2	20	41
3	20	22
4	20	0
5	20	0
6	20	0
7	20	0
8	20	0
9	20	0
10	20	0
11	20	11
12	20	0
13	20	0
14	20	31
15	20	22
16	20	31
17	20	59
18	20	22
19	20	11
20	20	11
21	20	41
22	20	11
23	20	22
0	21	13
1	21	16
2	21	22
3	21	11
4	21	12
5	21	4
6	21	0
7	21	2
8	21	0
9	21	3
10	21	2
11	21	3
12	21	3
13	21	12
14	21	14
15	21	7
16	21	16
17	21	11
18	21	17
19	21	27
20	21	18
21	21	14
22	21	9
23	21	22
0	22	0
1	22	0
2	22	0
3	22	0
4	22	0
5	22	0
6	22	0
7	22	0
8	22	0
9	22	0
10	22	0
11	22	0
12	22	0
13	22	0
14	22	88
15	22	0
16	22	0
17	22	0
18	22	0
19	22	0
20	22	0
21	22	0
22	22	88
23	22	0
0	23	21
1	23	7
2	23	7
3	23	14
4	23	7
5	23	0
6	23	7
7	23	0
8	23	0
9	23	0
10	23	0
11	23	14
12	23	0
13	23	14
14	23	14
15	23	14
16	23	0
17	23	7
18	23	7
19	23	0
20	23	0
21	23	7
22	23	33
23	23	39
0	24	0
1	24	0
2	24	0
3	24	0
4	24	0
5	24	0
6	24	0
7	24	0
8	24	0
9	24	0
10	24	0
11	24	0
12	24	0
13	24	0
14	24	0
15	24	0
16	24	201
17	24	0
18	24	0
19	24	0
20	24	0
21	24	0
22	24	0
23	24	137
0	25	0
1	25	29
2	25	0
3	25	0
4	25	0
5	25	0
6	25	0
7	25	0
8	25	0
9	25	0
10	25	0
11	25	0
12	25	0
13	25	0
14	25	29
15	25	0
16	25	0
17	25	29
18	25	0
19	25	29
20	25	29
21	25	0
22	25	0
23	25	29
0	26	31
1	26	76
2	26	31
3	26	16
4	26	8
5	26	0
6	26	0
7	26	0
8	26	0
9	26	0
10	26	0
11	26	31
12	26	16
13	26	0
14	26	24
15	26	31
16	26	70
17	26	24
18	26	24
19	26	0
20	26	16
21	26	31
22	26	51
23	26	24
0	27	47
1	27	47
2	27	47
3	27	0
4	27	67
5	27	0
6	27	0
7	27	0
8	27	0
9	27	25
10	27	25
11	27	25
12	27	101
13	27	116
14	27	67
15	27	67
16	27	25
17	27	0
18	27	0
19	27	25
20	27	25
21	27	67
22	27	25
23	27	47
0	28	31
1	28	31
2	28	58
3	28	36
4	28	62
5	28	16
6	28	0
7	28	0
8	28	0
9	28	0
10	28	0
11	28	16
12	28	16
13	28	16
14	28	6
15	28	11
16	28	40
17	28	36
18	28	0
19	28	49
20	28	26
21	28	6
22	28	21
23	28	16
0	29	55
1	29	98
2	29	29
3	29	29
4	29	29
5	29	8
6	29	0
7	29	23
8	29	8
9	29	23
10	29	0
11	29	61
12	29	43
13	29	29
14	29	36
15	29	29
16	29	43
17	29	15
18	29	23
19	29	15
20	29	23
21	29	83
22	29	67
23	29	43
0	30	39
1	30	35
2	30	52
3	30	32
4	30	20
5	30	28
6	30	0
7	30	5
8	30	5
9	30	5
10	30	5
11	30	20
12	30	13
13	30	9
14	30	35
15	30	35
16	30	9
17	30	17
18	30	17
19	30	5
20	30	39
21	30	24
22	30	39
23	30	59
0	31	49
1	31	26
2	31	49
3	31	26
4	31	0
5	31	88
6	31	0
7	31	0
8	31	0
9	31	0
10	31	0
11	31	0
12	31	0
13	31	88
14	31	0
15	31	0
16	31	26
17	31	0
18	31	0
19	31	0
20	31	0
21	31	0
22	31	0
23	31	49
0	32	18
1	32	6
2	32	23
3	32	18
4	32	28
5	32	23
6	32	0
7	32	6
8	32	0
9	32	0
10	32	6
11	32	0
12	32	6
13	32	12
14	32	0
15	32	23
16	32	6
17	32	28
18	32	23
19	32	6
20	32	12
21	32	12
22	32	23
23	32	6
0	33	14
1	33	44
2	33	23
3	33	14
4	33	10
5	33	0
6	33	10
7	33	0
8	33	0
9	33	0
10	33	0
11	33	0
12	33	14
13	33	5
14	33	10
15	33	10
16	33	0
17	33	36
18	33	19
19	33	14
20	33	5
21	33	44
22	33	10
23	33	14
0	34	48
1	34	25
2	34	25
3	34	68
4	34	68
5	34	25
6	34	0
7	34	0
8	34	0
9	34	0
10	34	25
11	34	25
12	34	0
13	34	0
14	34	25
15	34	0
16	34	0
17	34	0
18	34	25
19	34	118
20	34	0
21	34	48
22	34	0
23	34	0
0	35	36
1	35	19
2	35	19
3	35	19
4	35	0
5	35	52
6	35	0
7	35	0
8	35	0
9	35	36
10	35	0
11	35	36
12	35	0
13	35	0
14	35	0
15	35	0
16	35	0
17	35	0
18	35	0
19	35	36
20	35	0
21	35	52
22	35	19
23	35	36
0	36	22
1	36	24
2	36	28
3	36	21
4	36	14
5	36	8
6	36	4
7	36	2
8	36	2
9	36	3
10	36	3
11	36	9
12	36	13
13	36	18
14	36	15
15	36	17
16	36	17
17	36	18
18	36	20
19	36	20
20	36	21
21	36	19
22	36	18
23	36	20
0	37	16
1	37	0
2	37	20
3	37	31
4	37	9
5	37	9
6	37	16
7	37	0
8	37	5
9	37	0
10	37	0
11	37	0
12	37	13
13	37	31
14	37	20
15	37	16
16	37	16
17	37	13
18	37	9
19	37	13
20	37	9
21	37	13
22	37	9
23	37	16
0	38	22
1	38	23
2	38	12
3	38	14
4	38	6
5	38	2
6	38	33
7	38	0
8	38	0
9	38	2
10	38	2
11	38	15
12	38	11
13	38	30
14	38	27
15	38	19
16	38	33
17	38	34
18	38	58
19	38	27
20	38	23
21	38	14
22	38	19
23	38	11
0	39	95
1	39	95
2	39	0
3	39	0
4	39	0
5	39	0
6	39	0
7	39	0
8	39	0
9	39	0
10	39	0
11	39	0
12	39	0
13	39	0
14	39	0
15	39	0
16	39	0
17	39	0
18	39	95
19	39	0
20	39	0
21	39	0
22	39	0
23	39	0
0	40	26
1	40	13
2	40	26
3	40	26
4	40	26
5	40	0
6	40	0
7	40	0
8	40	0
9	40	0
10	40	0
11	40	0
12	40	13
13	40	13
14	40	13
15	40	26
16	40	26
17	40	26
18	40	26
19	40	13
20	40	78
21	40	0
22	40	0
23	40	0
0	41	61
1	41	86
2	41	61
3	41	0
4	41	0
5	41	0
6	41	0
7	41	0
8	41	0
9	41	0
10	41	0
11	41	0
12	41	0
13	41	0
14	41	33
15	41	0
16	41	0
17	41	33
18	41	0
19	41	0
20	41	0
21	41	0
22	41	33
23	41	61
0	42	137
1	42	0
2	42	0
3	42	0
4	42	0
5	42	0
6	42	0
7	42	0
8	42	0
9	42	0
10	42	0
11	42	0
12	42	0
13	42	0
14	42	0
15	42	0
16	42	0
17	42	137
18	42	201
19	42	137
20	42	0
21	42	0
22	42	0
23	42	0
0	43	39
1	43	20
2	43	0
3	43	7
4	43	0
5	43	7
6	43	0
7	43	0
8	43	0
9	43	0
10	43	0
11	43	0
12	43	0
13	43	0
14	43	14
15	43	7
16	43	7
17	43	7
18	43	14
19	43	14
20	43	20
21	43	14
22	43	45
23	43	14
0	44	42
1	44	0
2	44	106
3	44	0
4	44	42
5	44	0
6	44	0
7	44	0
8	44	0
9	44	0
10	44	0
11	44	0
12	44	0
13	44	0
14	44	0
15	44	0
16	44	42
17	44	0
18	44	0
19	44	0
20	44	0
21	44	0
22	44	0
23	44	77
0	45	24
1	45	30
2	45	19
3	45	24
4	45	24
5	45	0
6	45	35
7	45	0
8	45	0
9	45	7
10	45	0
11	45	0
12	45	7
13	45	13
14	45	51
15	45	30
16	45	24
17	45	30
18	45	13
19	45	35
20	45	30
21	45	24
22	45	51
23	45	19
0	46	0
1	46	0
2	46	0
3	46	0
4	46	0
5	46	0
6	46	0
7	46	0
8	46	0
9	46	0
10	46	0
11	46	0
12	46	0
13	46	0
14	46	0
15	46	0
16	46	0
17	46	0
18	46	0
19	46	0
20	46	88
21	46	0
22	46	88
23	46	88
0	47	27
1	47	30
2	47	31
3	47	27
4	47	19
5	47	9
6	47	5
7	47	3
8	47	2
9	47	3
10	47	6
11	47	12
12	47	15
13	47	17
14	47	18
15	47	19
16	47	18
17	47	19
18	47	20
19	47	19
20	47	19
21	47	19
22	47	21
23	47	24
0	48	0
1	48	0
2	48	0
3	48	0
4	48	0
5	48	0
6	48	0
7	48	0
8	48	0
9	48	0
10	48	0
11	48	0
12	48	0
13	48	0
14	48	0
15	48	0
16	48	0
17	48	0
18	48	0
19	48	0
20	48	0
21	48	0
22	48	0
23	48	0
0	49	12
1	49	12
2	49	8
3	49	7
4	49	7
5	49	5
6	49	2
7	49	0
8	49	0
9	49	0
10	49	0
11	49	19
12	49	14
13	49	20
14	49	10
15	49	7
16	49	9
17	49	19
18	49	9
19	49	10
20	49	8
21	49	17
22	49	11
23	49	5
0	50	0
1	50	0
2	50	0
3	50	0
4	50	0
5	50	0
6	50	0
7	50	0
8	50	0
9	50	0
10	50	0
11	50	0
12	50	0
13	50	0
14	50	0
15	50	0
16	50	0
17	50	0
18	50	0
19	50	0
20	50	0
21	50	0
22	50	0
23	50	0
0	51	31
1	51	93
2	51	0
3	51	93
4	51	58
5	51	16
6	51	0
7	51	0
8	51	0
9	51	0
10	51	0
11	51	58
12	51	31
13	51	58
14	51	0
15	51	58
16	51	0
17	51	31
18	51	0
19	51	16
20	51	45
21	51	0
22	51	31
23	51	31
0	52	0
1	52	0
2	52	51
3	52	0
4	52	51
5	52	0
6	52	0
7	52	0
8	52	0
9	52	0
10	52	51
11	52	0
12	52	0
13	52	0
14	52	0
15	52	0
16	52	0
17	52	123
18	52	0
19	52	0
20	52	0
21	52	0
22	52	0
23	52	0
0	53	11
1	53	0
2	53	11
3	53	22
4	53	0
5	53	0
6	53	0
7	53	0
8	53	0
9	53	0
10	53	0
11	53	0
12	53	0
13	53	0
14	53	11
15	53	0
16	53	11
17	53	0
18	53	11
19	53	0
20	53	11
21	53	11
22	53	22
23	53	0
0	54	0
1	54	0
2	54	0
3	54	0
4	54	0
5	54	0
6	54	0
7	54	0
8	54	0
9	54	0
10	54	0
11	54	0
12	54	0
13	54	0
14	54	0
15	54	0
16	54	0
17	54	0
18	54	0
19	54	230
20	54	230
21	54	0
22	54	0
23	54	0
0	55	0
1	55	0
2	55	0
3	55	154
4	55	0
5	55	0
6	55	0
7	55	0
8	55	0
9	55	0
10	55	0
11	55	0
12	55	0
13	55	0
14	55	0
15	55	0
16	55	0
17	55	0
18	55	0
19	55	0
20	55	0
21	55	0
22	55	0
23	55	0
0	56	44
1	56	0
2	56	59
3	56	44
4	56	36
5	56	0
6	56	0
7	56	0
8	56	0
9	56	0
10	56	0
11	56	27
12	56	0
13	56	19
14	56	10
15	56	19
16	56	27
17	56	59
18	56	19
19	56	59
20	56	27
21	56	27
22	56	36
23	56	19
0	57	32
1	57	19
2	57	59
3	57	14
4	57	10
5	57	0
6	57	0
7	57	5
8	57	0
9	57	0
10	57	0
11	57	19
12	57	0
13	57	14
14	57	19
15	57	14
16	57	40
17	57	23
18	57	10
19	57	19
20	57	40
21	57	10
22	57	27
23	57	10
0	58	14
1	58	26
2	58	20
3	58	14
4	58	7
5	58	20
6	58	0
7	58	7
8	58	7
9	58	7
10	58	0
11	58	7
12	58	7
13	58	14
14	58	14
15	58	14
16	58	14
17	58	14
18	58	0
19	58	0
20	58	7
21	58	14
22	58	0
23	58	38
0	59	40
1	59	109
2	59	66
3	59	11
4	59	31
5	59	0
6	59	0
7	59	0
8	59	0
9	59	31
10	59	11
11	59	58
12	59	31
13	59	0
14	59	49
15	59	40
16	59	49
17	59	49
18	59	31
19	59	21
20	59	21
21	59	11
22	59	49
23	59	89
0	60	0
1	60	0
2	60	0
3	60	0
4	60	0
5	60	0
6	60	0
7	60	0
8	60	0
9	60	0
10	60	0
11	60	0
12	60	0
13	60	0
14	60	0
15	60	28
16	60	28
17	60	0
18	60	0
19	60	52
20	60	0
21	60	0
22	60	0
23	60	0
0	61	25
1	61	25
2	61	47
3	61	25
4	61	0
5	61	0
6	61	0
7	61	0
8	61	0
9	61	0
10	61	0
11	61	25
12	61	47
13	61	0
14	61	0
15	61	67
16	61	25
17	61	0
18	61	0
19	61	101
20	61	25
21	61	0
22	61	47
23	61	0
0	62	13
1	62	0
2	62	35
3	62	24
4	62	0
5	62	24
6	62	0
7	62	0
8	62	0
9	62	13
10	62	0
11	62	0
12	62	0
13	62	0
14	62	0
15	62	13
16	62	45
17	62	0
18	62	0
19	62	35
20	62	35
21	62	0
22	62	13
23	62	0
0	63	0
1	63	64
2	63	22
3	63	22
4	63	8
5	63	0
6	63	0
7	63	8
8	63	0
9	63	0
10	63	0
11	63	0
12	63	15
13	63	15
14	63	15
15	63	15
16	63	8
17	63	22
18	63	8
19	63	35
20	63	0
21	63	41
22	63	22
23	63	22
0	64	23
1	64	23
2	64	110
3	64	0
4	64	0
5	64	0
6	64	0
7	64	0
8	64	0
9	64	0
10	64	0
11	64	0
12	64	0
13	64	0
14	64	0
15	64	0
16	64	0
17	64	0
18	64	0
19	64	44
20	64	23
21	64	23
22	64	96
23	64	80
0	65	21
1	65	36
2	65	43
3	65	30
4	65	13
5	65	5
6	65	4
7	65	0
8	65	2
9	65	2
10	65	4
11	65	17
12	65	12
13	65	20
14	65	17
15	65	15
16	65	24
17	65	26
18	65	18
19	65	20
20	65	18
21	65	18
22	65	12
23	65	18
0	66	0
1	66	0
2	66	47
3	66	0
4	66	47
5	66	0
6	66	0
7	66	0
8	66	0
9	66	0
10	66	47
11	66	0
12	66	0
13	66	0
14	66	0
15	66	0
16	66	0
17	66	0
18	66	0
19	66	0
20	66	0
21	66	85
22	66	85
23	66	0
0	67	0
1	67	72
2	67	0
3	67	0
4	67	0
5	67	0
6	67	0
7	67	0
8	67	0
9	67	0
10	67	0
11	67	0
12	67	72
13	67	72
14	67	143
15	67	0
16	67	100
17	67	143
18	67	72
19	67	0
20	67	72
21	67	0
22	67	39
23	67	0
0	68	0
1	68	0
2	68	0
3	68	0
4	68	0
5	68	0
6	68	0
7	68	0
8	68	0
9	68	0
10	68	0
11	68	0
12	68	0
13	68	0
14	68	0
15	68	0
16	68	0
17	68	0
18	68	0
19	68	0
20	68	0
21	68	0
22	68	0
23	68	0
0	69	19
1	69	13
2	69	25
3	69	17
4	69	17
5	69	15
6	69	5
7	69	0
8	69	3
9	69	0
10	69	5
11	69	9
12	69	5
13	69	9
14	69	7
15	69	15
16	69	11
17	69	13
18	69	7
19	69	9
20	69	13
21	69	15
22	69	11
23	69	11
0	70	49
1	70	0
2	70	0
3	70	88
4	70	0
5	70	0
6	70	0
7	70	0
8	70	119
9	70	0
10	70	0
11	70	0
12	70	0
13	70	0
14	70	0
15	70	0
16	70	49
17	70	0
18	70	49
19	70	0
20	70	0
21	70	0
22	70	88
23	70	0
0	71	0
1	71	0
2	71	0
3	71	0
4	71	0
5	71	0
6	71	0
7	71	0
8	71	0
9	71	0
10	71	0
11	71	0
12	71	0
13	71	0
14	71	0
15	71	0
16	71	77
17	71	0
18	71	77
19	71	77
20	71	77
21	71	0
22	71	0
23	71	0
0	72	22
1	72	25
2	72	29
3	72	22
4	72	11
5	72	6
6	72	6
7	72	6
8	72	2
9	72	2
10	72	5
11	72	23
12	72	13
13	72	11
14	72	16
15	72	16
16	72	9
17	72	18
18	72	22
19	72	19
20	72	19
21	72	17
22	72	15
23	72	17
0	73	0
1	73	0
2	73	40
3	73	0
4	73	40
5	73	0
6	73	0
7	73	0
8	73	0
9	73	0
10	73	0
11	73	74
12	73	0
13	73	0
14	73	0
15	73	0
16	73	0
17	73	0
18	73	0
19	73	0
20	73	0
21	73	40
22	73	0
23	73	40
0	74	0
1	74	68
2	74	68
3	74	0
4	74	95
5	74	0
6	74	0
7	74	0
8	74	0
9	74	0
10	74	37
11	74	0
12	74	0
13	74	0
14	74	0
15	74	0
16	74	0
17	74	0
18	74	0
19	74	0
20	74	0
21	74	0
22	74	0
23	74	0
0	75	0
1	75	0
2	75	0
3	75	0
4	75	0
5	75	0
6	75	0
7	75	0
8	75	0
9	75	0
10	75	0
11	75	0
12	75	0
13	75	0
14	75	0
15	75	0
16	75	0
17	75	0
18	75	0
19	75	0
20	75	0
21	75	0
22	75	0
23	75	0
0	76	41
1	76	39
2	76	29
3	76	28
4	76	27
5	76	11
6	76	8
7	76	3
8	76	2
9	76	0
10	76	12
11	76	11
12	76	28
13	76	18
14	76	19
15	76	25
16	76	13
17	76	20
18	76	20
19	76	26
20	76	13
21	76	23
22	76	19
23	76	15
0	77	29
1	77	28
2	77	28
3	77	23
4	77	14
5	77	7
6	77	4
7	77	3
8	77	2
9	77	3
10	77	8
11	77	15
12	77	20
13	77	24
14	77	23
15	77	24
16	77	23
17	77	23
18	77	23
19	77	21
20	77	22
21	77	23
22	77	26
23	77	30
0	78	0
1	78	17
2	78	0
3	78	17
4	78	0
5	78	0
6	78	0
7	78	0
8	78	0
9	78	0
10	78	0
11	78	17
12	78	17
13	78	0
14	78	0
15	78	17
16	78	17
17	78	0
18	78	0
19	78	0
20	78	0
21	78	0
22	78	0
23	78	32
0	79	55
1	79	0
2	79	20
3	79	0
4	79	71
5	79	0
6	79	0
7	79	0
8	79	0
9	79	0
10	79	55
11	79	39
12	79	20
13	79	85
14	79	71
15	79	0
16	79	0
17	79	0
18	79	0
19	79	0
20	79	0
21	79	20
22	79	0
23	79	71
0	80	26
1	80	26
2	80	13
3	80	7
4	80	43
5	80	7
6	80	0
7	80	0
8	80	13
9	80	0
10	80	7
11	80	7
12	80	13
13	80	7
14	80	20
15	80	7
16	80	43
17	80	43
18	80	26
19	80	20
20	80	7
21	80	20
22	80	13
23	80	13
0	81	0
1	81	0
2	81	0
3	81	0
4	81	0
5	81	137
6	81	0
7	81	0
8	81	0
9	81	0
10	81	0
11	81	0
12	81	201
13	81	137
14	81	0
15	81	0
16	81	0
17	81	0
18	81	0
19	81	0
20	81	0
21	81	0
22	81	0
23	81	0
0	82	21
1	82	48
2	82	25
3	82	23
4	82	11
5	82	9
6	82	11
7	82	3
8	82	3
9	82	3
10	82	5
11	82	3
12	82	5
13	82	3
14	82	17
15	82	19
16	82	7
17	82	7
18	82	25
19	82	33
20	82	9
21	82	11
22	82	9
23	82	15
0	83	72
1	83	0
2	83	0
3	83	0
4	83	0
5	83	0
6	83	0
7	83	0
8	83	0
9	83	0
10	83	0
11	83	0
12	83	0
13	83	0
14	83	0
15	83	0
16	83	0
17	83	72
18	83	0
19	83	0
20	83	0
21	83	0
22	83	123
23	83	123
0	84	21
1	84	35
2	84	36
3	84	15
4	84	15
5	84	14
6	84	2
7	84	0
8	84	3
9	84	3
10	84	6
11	84	16
12	84	10
13	84	15
14	84	15
15	84	14
16	84	18
17	84	9
18	84	23
19	84	12
20	84	11
21	84	12
22	84	24
23	84	20
0	85	12
1	85	6
2	85	6
3	85	6
4	85	0
5	85	0
6	85	0
7	85	0
8	85	0
9	85	0
10	85	0
11	85	12
12	85	38
13	85	47
14	85	81
15	85	52
16	85	65
17	85	42
18	85	33
19	85	56
20	85	61
21	85	42
22	85	42
23	85	28
0	86	35
1	86	52
2	86	50
3	86	53
4	86	25
5	86	20
6	86	8
7	86	2
8	86	0
9	86	2
10	86	4
11	86	16
12	86	18
13	86	29
14	86	18
15	86	33
16	86	27
17	86	28
18	86	21
19	86	29
20	86	42
21	86	34
22	86	38
23	86	39
0	87	0
1	87	40
2	87	111
3	87	94
4	87	15
5	87	0
6	87	0
7	87	15
8	87	0
9	87	0
10	87	15
11	87	15
12	87	15
13	87	28
14	87	28
15	87	15
16	87	15
17	87	15
18	87	28
19	87	40
20	87	15
21	87	15
22	87	52
23	87	52
0	88	27
1	88	30
2	88	31
3	88	29
4	88	17
5	88	10
6	88	4
7	88	2
8	88	3
9	88	2
10	88	6
11	88	11
12	88	16
13	88	19
14	88	17
15	88	19
16	88	21
17	88	20
18	88	22
19	88	21
20	88	19
21	88	20
22	88	23
23	88	23
0	89	0
1	89	154
2	89	0
3	89	0
4	89	0
5	89	0
6	89	0
7	89	0
8	89	0
9	89	0
10	89	0
11	89	0
12	89	95
13	89	0
14	89	0
15	89	0
16	89	0
17	89	0
18	89	154
19	89	0
20	89	95
21	89	0
22	89	0
23	89	0
0	90	49
1	90	0
2	90	0
3	90	0
4	90	0
5	90	0
6	90	0
7	90	0
8	90	0
9	90	0
10	90	0
11	90	0
12	90	0
13	90	0
14	90	0
15	90	0
16	90	0
17	90	0
18	90	0
19	90	0
20	90	0
21	90	0
22	90	0
23	90	0
0	91	103
1	91	0
2	91	0
3	91	58
4	91	0
5	91	0
6	91	0
7	91	0
8	91	0
9	91	0
10	91	0
11	91	0
12	91	0
13	91	0
14	91	0
15	91	0
16	91	58
17	91	58
18	91	58
19	91	0
20	91	137
21	91	0
22	91	0
23	91	103
0	92	0
1	92	0
2	92	0
3	92	0
4	92	0
5	92	0
6	92	0
7	92	0
8	92	0
9	92	0
10	92	0
11	92	0
12	92	0
13	92	0
14	92	154
15	92	0
16	92	0
17	92	0
18	92	0
19	92	0
20	92	0
21	92	0
22	92	0
23	92	0
0	93	35
1	93	18
2	93	64
3	93	18
4	93	35
5	93	0
6	93	0
7	93	0
8	93	0
9	93	0
10	93	18
11	93	18
12	93	50
13	93	0
14	93	78
15	93	50
16	93	64
17	93	50
18	93	18
19	93	35
20	93	90
21	93	0
22	93	35
23	93	35
0	94	55
1	94	55
2	94	0
3	94	55
4	94	0
5	94	0
6	94	0
7	94	0
8	94	0
9	94	0
10	94	0
11	94	0
12	94	0
13	94	55
14	94	0
15	94	0
16	94	0
17	94	132
18	94	0
19	94	0
20	94	0
21	94	55
22	94	55
23	94	55
0	95	16
1	95	0
2	95	38
3	95	38
4	95	24
5	95	8
6	95	0
7	95	0
8	95	0
9	95	0
10	95	0
11	95	0
12	95	8
13	95	8
14	95	0
15	95	0
16	95	8
17	95	0
18	95	16
19	95	0
20	95	0
21	95	0
22	95	16
23	95	8
0	96	58
1	96	58
2	96	0
3	96	0
4	96	58
5	96	0
6	96	0
7	96	0
8	96	0
9	96	0
10	96	0
11	96	0
12	96	0
13	96	0
14	96	0
15	96	0
16	96	0
17	96	58
18	96	0
19	96	0
20	96	0
21	96	0
22	96	0
23	96	0
0	97	20
1	97	26
2	97	33
3	97	17
4	97	26
5	97	22
6	97	10
7	97	3
8	97	0
9	97	0
10	97	6
11	97	15
12	97	26
13	97	23
14	97	16
15	97	26
16	97	20
17	97	38
18	97	22
19	97	16
20	97	17
21	97	23
22	97	29
23	97	23
0	98	0
1	98	97
2	98	38
3	98	0
4	98	0
5	98	0
6	98	0
7	98	0
8	98	0
9	98	0
10	98	0
11	98	0
12	98	0
13	98	38
14	98	0
15	98	70
16	98	70
17	98	38
18	98	38
19	98	0
20	98	0
21	98	38
22	98	0
23	98	0
