Counts for Huawei(6) in Colombia(8):
Hour	Location Index	Count
0	0	0
1	0	0
2	0	29
3	0	0
4	0	0
5	0	29
6	0	0
7	0	0
8	0	0
9	0	0
10	0	0
11	0	0
12	0	0
13	0	0
14	0	0
15	0	29
16	0	0
17	0	0
18	0	0
19	0	29
20	0	0
21	0	0
22	0	0
23	0	0
0	1	4
1	1	11
2	1	0
3	1	0
4	1	4
5	1	0
6	1	0
7	1	0
8	1	0
9	1	0
10	1	0
11	1	0
12	1	0
13	1	4
14	1	0
15	1	0
16	1	0
17	1	0
18	1	4
19	1	0
20	1	4
21	1	0
22	1	0
23	1	4
0	2	22
1	2	0
2	2	0
3	2	0
4	2	0
5	2	0
6	2	0
7	2	0
8	2	0
9	2	0
10	2	0
11	2	0
12	2	0
13	2	0
14	2	11
15	2	0
16	2	0
17	2	0
18	2	0
19	2	0
20	2	11
21	2	22
22	2	0
23	2	11
0	3	7
1	3	6
2	3	7
3	3	7
4	3	6
5	3	3
6	3	2
7	3	1
8	3	1
9	3	1
10	3	2
11	3	3
12	3	6
13	3	5
14	3	6
15	3	7
16	3	8
17	3	6
18	3	6
19	3	8
20	3	7
21	3	7
22	3	6
23	3	8
0	4	14
1	4	8
2	4	5
3	4	11
4	4	5
5	4	5
6	4	0
7	4	3
8	4	0
9	4	0
10	4	0
11	4	3
12	4	7
13	4	6
14	4	16
15	4	11
16	4	2
17	4	8
18	4	6
19	4	11
20	4	6
21	4	12
22	4	6
23	4	8
0	5	0
1	5	0
2	5	0
3	5	0
4	5	0
5	5	0
6	5	0
7	5	0
8	5	0
9	5	0
10	5	0
11	5	0
12	5	0
13	5	0
14	5	0
15	5	0
16	5	0
17	5	0
18	5	0
19	5	0
20	5	0
21	5	0
22	5	0
23	5	0
0	6	5
1	6	2
2	6	10
3	6	5
4	6	2
5	6	10
6	6	0
7	6	0
8	6	0
9	6	0
10	6	0
11	6	4
12	6	0
13	6	0
14	6	5
15	6	4
16	6	5
17	6	0
18	6	5
19	6	7
20	6	4
21	6	5
22	6	0
23	6	11
0	7	13
1	7	14
2	7	14
3	7	16
4	7	8
5	7	8
6	7	2
7	7	1
8	7	4
9	7	4
10	7	2
11	7	6
12	7	12
13	7	7
14	7	9
15	7	21
16	7	9
17	7	11
18	7	11
19	7	16
20	7	19
21	7	16
22	7	11
23	7	12
0	8	0
1	8	0
2	8	0
3	8	0
4	8	0
5	8	0
6	8	0
7	8	0
8	8	0
9	8	0
10	8	0
11	8	0
12	8	0
13	8	36
14	8	36
15	8	66
16	8	0
17	8	0
18	8	0
19	8	36
20	8	0
21	8	0
22	8	0
23	8	0
0	9	5
1	9	15
2	9	0
3	9	0
4	9	5
5	9	0
6	9	0
7	9	0
8	9	0
9	9	0
10	9	0
11	9	0
12	9	10
13	9	0
14	9	10
15	9	0
16	9	10
17	9	0
18	9	5
19	9	10
20	9	0
21	9	5
22	9	15
23	9	0
0	10	4
1	10	12
2	10	12
3	10	15
4	10	0
5	10	0
6	10	0
7	10	0
8	10	0
9	10	0
10	10	0
11	10	15
12	10	0
13	10	4
14	10	15
15	10	8
16	10	0
17	10	12
18	10	8
19	10	8
20	10	8
21	10	0
22	10	12
23	10	15
0	11	0
1	11	0
2	11	0
3	11	0
4	11	0
5	11	0
6	11	0
7	11	0
8	11	0
9	11	0
10	11	0
11	11	0
12	11	145
13	11	0
14	11	0
15	11	0
16	11	0
17	11	0
18	11	0
19	11	88
20	11	0
21	11	0
22	11	0
23	11	0
0	12	0
1	12	0
2	12	24
3	12	0
4	12	0
5	12	0
6	12	0
7	12	0
8	12	0
9	12	0
10	12	0
11	12	0
12	12	0
13	12	0
14	12	0
15	12	12
16	12	0
17	12	0
18	12	0
19	12	12
20	12	0
21	12	0
22	12	0
23	12	0
0	13	9
1	13	8
2	13	8
3	13	6
4	13	4
5	13	2
6	13	1
7	13	1
8	13	1
9	13	1
10	13	2
11	13	3
12	13	5
13	13	6
14	13	6
15	13	7
16	13	7
17	13	7
18	13	7
19	13	7
20	13	7
21	13	7
22	13	7
23	13	8
0	14	16
1	14	0
2	14	0
3	14	0
4	14	0
5	14	0
6	14	0
7	14	0
8	14	0
9	14	0
10	14	0
11	14	0
12	14	0
13	14	0
14	14	0
15	14	0
16	14	0
17	14	0
18	14	0
19	14	0
20	14	16
21	14	16
22	14	0
23	14	0
0	15	0
1	15	0
2	15	0
3	15	0
4	15	0
5	15	0
6	15	0
7	15	0
8	15	0
9	15	0
10	15	0
11	15	0
12	15	0
13	15	0
14	15	17
15	15	0
16	15	0
17	15	0
18	15	0
19	15	0
20	15	0
21	15	0
22	15	0
23	15	0
0	16	21
1	16	18
2	16	21
3	16	18
4	16	13
5	16	6
6	16	3
7	16	2
8	16	1
9	16	1
10	16	2
11	16	6
12	16	10
13	16	13
14	16	17
15	16	15
16	16	15
17	16	16
18	16	18
19	16	17
20	16	14
21	16	15
22	16	16
23	16	20
0	17	15
1	17	0
2	17	8
3	17	12
4	17	4
5	17	4
6	17	8
7	17	0
8	17	0
9	17	0
10	17	0
11	17	0
12	17	0
13	17	12
14	17	0
15	17	8
16	17	8
17	17	8
18	17	4
19	17	0
20	17	4
21	17	8
22	17	4
23	17	12
0	18	18
1	18	18
2	18	0
3	18	0
4	18	18
5	18	0
6	18	0
7	18	0
8	18	0
9	18	0
10	18	0
11	18	0
12	18	0
13	18	18
14	18	0
15	18	0
16	18	0
17	18	0
18	18	0
19	18	0
20	18	0
21	18	0
22	18	0
23	18	0
0	19	14
1	19	10
2	19	5
3	19	0
4	19	0
5	19	5
6	19	0
7	19	0
8	19	0
9	19	0
10	19	0
11	19	0
12	19	0
13	19	0
14	19	0
15	19	5
16	19	0
17	19	0
18	19	5
19	19	0
20	19	10
21	19	0
22	19	10
23	19	5
0	20	11
1	20	0
2	20	11
3	20	11
4	20	0
5	20	0
6	20	0
7	20	0
8	20	0
9	20	0
10	20	0
11	20	0
12	20	22
13	20	0
14	20	11
15	20	22
16	20	31
17	20	0
18	20	11
19	20	11
20	20	11
21	20	0
22	20	0
23	20	22
0	21	11
1	21	11
2	21	12
3	21	9
4	21	8
5	21	2
6	21	2
7	21	0
8	21	0
9	21	7
10	21	7
11	21	3
12	21	2
13	21	4
14	21	8
15	21	14
16	21	12
17	21	12
18	21	13
19	21	9
20	21	6
21	21	11
22	21	6
23	21	8
0	22	0
1	22	0
2	22	0
3	22	0
4	22	0
5	22	0
6	22	0
7	22	0
8	22	0
9	22	0
10	22	0
11	22	0
12	22	0
13	22	0
14	22	0
15	22	0
16	22	0
17	22	0
18	22	0
19	22	0
20	22	0
21	22	0
22	22	0
23	22	0
0	23	0
1	23	21
2	23	21
3	23	27
4	23	39
5	23	14
6	23	0
7	23	0
8	23	0
9	23	21
10	23	7
11	23	27
12	23	0
13	23	0
14	23	0
15	23	7
16	23	7
17	23	7
18	23	0
19	23	7
20	23	7
21	23	7
22	23	0
23	23	0
0	24	0
1	24	0
2	24	0
3	24	0
4	24	0
5	24	0
6	24	0
7	24	0
8	24	0
9	24	0
10	24	0
11	24	0
12	24	0
13	24	0
14	24	0
15	24	0
16	24	0
17	24	0
18	24	0
19	24	0
20	24	0
21	24	0
22	24	0
23	24	0
0	25	29
1	25	0
2	25	0
3	25	0
4	25	0
5	25	0
6	25	0
7	25	0
8	25	0
9	25	0
10	25	0
11	25	0
12	25	29
13	25	0
14	25	0
15	25	0
16	25	0
17	25	0
18	25	0
19	25	29
20	25	0
21	25	0
22	25	0
23	25	29
0	26	0
1	26	0
2	26	8
3	26	0
4	26	0
5	26	0
6	26	0
7	26	0
8	26	0
9	26	0
10	26	0
11	26	0
12	26	0
13	26	0
14	26	0
15	26	0
16	26	0
17	26	0
18	26	8
19	26	0
20	26	16
21	26	0
22	26	0
23	26	16
0	27	0
1	27	0
2	27	0
3	27	0
4	27	0
5	27	0
6	27	0
7	27	0
8	27	0
9	27	0
10	27	0
11	27	0
12	27	0
13	27	0
14	27	0
15	27	0
16	27	0
17	27	0
18	27	0
19	27	0
20	27	0
21	27	0
22	27	0
23	27	0
0	28	6
1	28	0
2	28	0
3	28	0
4	28	0
5	28	0
6	28	0
7	28	6
8	28	0
9	28	0
10	28	0
11	28	0
12	28	0
13	28	6
14	28	0
15	28	0
16	28	0
17	28	6
18	28	6
19	28	0
20	28	0
21	28	6
22	28	6
23	28	0
0	29	15
1	29	0
2	29	0
3	29	0
4	29	0
5	29	0
6	29	0
7	29	0
8	29	0
9	29	0
10	29	0
11	29	0
12	29	0
13	29	0
14	29	0
15	29	0
16	29	8
17	29	0
18	29	0
19	29	0
20	29	0
21	29	0
22	29	8
23	29	0
0	30	9
1	30	5
2	30	9
3	30	0
4	30	0
5	30	0
6	30	0
7	30	0
8	30	0
9	30	0
10	30	0
11	30	0
12	30	0
13	30	0
14	30	5
15	30	9
16	30	5
17	30	0
18	30	0
19	30	0
20	30	0
21	30	0
22	30	13
23	30	9
0	31	0
1	31	0
2	31	0
3	31	0
4	31	0
5	31	0
6	31	0
7	31	0
8	31	0
9	31	0
10	31	0
11	31	0
12	31	0
13	31	0
14	31	0
15	31	0
16	31	0
17	31	0
18	31	0
19	31	0
20	31	0
21	31	0
22	31	0
23	31	0
0	32	6
1	32	0
2	32	0
3	32	6
4	32	12
5	32	0
6	32	0
7	32	0
8	32	0
9	32	0
10	32	0
11	32	12
12	32	6
13	32	0
14	32	6
15	32	6
16	32	6
17	32	0
18	32	6
19	32	0
20	32	6
21	32	0
22	32	6
23	32	0
0	33	5
1	33	14
2	33	14
3	33	5
4	33	10
5	33	5
6	33	5
7	33	10
8	33	5
9	33	0
10	33	0
11	33	0
12	33	19
13	33	5
14	33	5
15	33	0
16	33	14
17	33	5
18	33	19
19	33	0
20	33	5
21	33	19
22	33	14
23	33	0
0	34	0
1	34	0
2	34	0
3	34	0
4	34	25
5	34	0
6	34	0
7	34	0
8	34	0
9	34	0
10	34	0
11	34	0
12	34	0
13	34	0
14	34	25
15	34	0
16	34	0
17	34	0
18	34	25
19	34	0
20	34	0
21	34	0
22	34	0
23	34	0
0	35	0
1	35	0
2	35	0
3	35	0
4	35	0
5	35	0
6	35	0
7	35	0
8	35	0
9	35	0
10	35	0
11	35	0
12	35	0
13	35	0
14	35	0
15	35	0
16	35	0
17	35	0
18	35	0
19	35	0
20	35	0
21	35	0
22	35	0
23	35	0
0	36	7
1	36	7
2	36	5
3	36	5
4	36	3
5	36	3
6	36	1
7	36	1
8	36	1
9	36	1
10	36	1
11	36	2
12	36	5
13	36	4
14	36	4
15	36	6
16	36	5
17	36	5
18	36	6
19	36	6
20	36	6
21	36	5
22	36	5
23	36	6
0	37	13
1	37	13
2	37	0
3	37	24
4	37	16
5	37	5
6	37	0
7	37	0
8	37	0
9	37	5
10	37	5
11	37	0
12	37	5
13	37	24
14	37	5
15	37	31
16	37	5
17	37	16
18	37	13
19	37	24
20	37	13
21	37	5
22	37	24
23	37	9
0	38	15
1	38	20
2	38	19
3	38	7
4	38	15
5	38	0
6	38	2
7	38	0
8	38	4
9	38	0
10	38	0
11	38	11
12	38	6
13	38	9
14	38	4
15	38	4
16	38	9
17	38	4
18	38	6
19	38	7
20	38	9
21	38	6
22	38	11
23	38	7
0	39	0
1	39	0
2	39	0
3	39	0
4	39	0
5	39	0
6	39	0
7	39	0
8	39	0
9	39	0
10	39	0
11	39	0
12	39	0
13	39	0
14	39	0
15	39	0
16	39	0
17	39	0
18	39	0
19	39	0
20	39	0
21	39	0
22	39	0
23	39	0
0	40	0
1	40	26
2	40	0
3	40	0
4	40	0
5	40	0
6	40	0
7	40	0
8	40	0
9	40	0
10	40	0
11	40	13
12	40	0
13	40	0
14	40	13
15	40	13
16	40	0
17	40	13
18	40	13
19	40	0
20	40	13
21	40	0
22	40	0
23	40	0
0	41	0
1	41	0
2	41	0
3	41	0
4	41	0
5	41	0
6	41	0
7	41	0
8	41	0
9	41	0
10	41	0
11	41	0
12	41	0
13	41	33
14	41	33
15	41	0
16	41	0
17	41	0
18	41	0
19	41	33
20	41	0
21	41	0
22	41	0
23	41	0
0	42	0
1	42	0
2	42	0
3	42	0
4	42	0
5	42	0
6	42	0
7	42	0
8	42	0
9	42	0
10	42	0
11	42	0
12	42	0
13	42	0
14	42	137
15	42	0
16	42	0
17	42	0
18	42	0
19	42	0
20	42	0
21	42	0
22	42	0
23	42	0
0	43	14
1	43	0
2	43	0
3	43	0
4	43	7
5	43	0
6	43	0
7	43	0
8	43	0
9	43	0
10	43	0
11	43	0
12	43	0
13	43	7
14	43	7
15	43	0
16	43	0
17	43	0
18	43	7
19	43	39
20	43	20
21	43	7
22	43	7
23	43	0
0	44	42
1	44	0
2	44	0
3	44	0
4	44	0
5	44	0
6	44	0
7	44	0
8	44	0
9	44	0
10	44	0
11	44	0
12	44	0
13	44	0
14	44	0
15	44	42
16	44	42
17	44	0
18	44	0
19	44	0
20	44	0
21	44	0
22	44	0
23	44	0
0	45	19
1	45	7
2	45	0
3	45	13
4	45	0
5	45	0
6	45	0
7	45	0
8	45	0
9	45	7
10	45	0
11	45	0
12	45	0
13	45	0
14	45	0
15	45	0
16	45	0
17	45	13
18	45	0
19	45	0
20	45	0
21	45	0
22	45	0
23	45	24
0	46	0
1	46	0
2	46	0
3	46	0
4	46	0
5	46	0
6	46	0
7	46	0
8	46	0
9	46	0
10	46	0
11	46	0
12	46	0
13	46	0
14	46	0
15	46	0
16	46	0
17	46	0
18	46	0
19	46	0
20	46	0
21	46	0
22	46	0
23	46	0
0	47	8
1	47	8
2	47	8
3	47	6
4	47	4
5	47	2
6	47	1
7	47	1
8	47	1
9	47	1
10	47	2
11	47	3
12	47	4
13	47	5
14	47	5
15	47	6
16	47	6
17	47	6
18	47	6
19	47	6
20	47	6
21	47	6
22	47	6
23	47	7
0	48	0
1	48	0
2	48	0
3	48	0
4	48	0
5	48	0
6	48	0
7	48	0
8	48	0
9	48	0
10	48	0
11	48	0
12	48	137
13	48	0
14	48	82
15	48	0
16	48	0
17	48	82
18	48	82
19	48	0
20	48	0
21	48	0
22	48	0
23	48	0
0	49	8
1	49	18
2	49	12
3	49	8
4	49	4
5	49	4
6	49	2
7	49	0
8	49	0
9	49	0
10	49	0
11	49	0
12	49	14
13	49	9
14	49	3
15	49	9
16	49	15
17	49	11
18	49	22
19	49	12
20	49	19
21	49	11
22	49	15
23	49	11
0	50	230
1	50	0
2	50	0
3	50	0
4	50	0
5	50	0
6	50	0
7	50	0
8	50	0
9	50	0
10	50	0
11	50	0
12	50	0
13	50	0
14	50	0
15	50	0
16	50	0
17	50	0
18	50	0
19	50	0
20	50	0
21	50	0
22	50	0
23	50	230
0	51	0
1	51	0
2	51	0
3	51	0
4	51	16
5	51	0
6	51	0
7	51	0
8	51	0
9	51	0
10	51	0
11	51	0
12	51	0
13	51	0
14	51	0
15	51	0
16	51	0
17	51	0
18	51	0
19	51	0
20	51	0
21	51	16
22	51	0
23	51	0
0	52	0
1	52	0
2	52	0
3	52	0
4	52	0
5	52	0
6	52	0
7	52	0
8	52	0
9	52	0
10	52	0
11	52	0
12	52	0
13	52	0
14	52	0
15	52	0
16	52	0
17	52	0
18	52	0
19	52	0
20	52	0
21	52	0
22	52	0
23	52	0
0	53	11
1	53	11
2	53	32
3	53	22
4	53	0
5	53	0
6	53	0
7	53	0
8	53	0
9	53	0
10	53	11
11	53	11
12	53	11
13	53	0
14	53	22
15	53	32
16	53	11
17	53	0
18	53	50
19	53	11
20	53	41
21	53	11
22	53	41
23	53	0
0	54	0
1	54	0
2	54	0
3	54	0
4	54	0
5	54	0
6	54	0
7	54	0
8	54	0
9	54	0
10	54	0
11	54	0
12	54	0
13	54	0
14	54	0
15	54	0
16	54	0
17	54	0
18	54	0
19	54	0
20	54	0
21	54	0
22	54	0
23	54	0
0	55	0
1	55	0
2	55	0
3	55	0
4	55	0
5	55	0
6	55	0
7	55	0
8	55	0
9	55	0
10	55	0
11	55	0
12	55	0
13	55	0
14	55	0
15	55	0
16	55	0
17	55	0
18	55	0
19	55	0
20	55	0
21	55	0
22	55	0
23	55	0
0	56	10
1	56	0
2	56	0
3	56	0
4	56	0
5	56	0
6	56	0
7	56	0
8	56	0
9	56	0
10	56	0
11	56	0
12	56	0
13	56	0
14	56	10
15	56	0
16	56	0
17	56	0
18	56	19
19	56	10
20	56	0
21	56	27
22	56	0
23	56	19
0	57	10
1	57	5
2	57	14
3	57	10
4	57	14
5	57	10
6	57	0
7	57	0
8	57	0
9	57	5
10	57	0
11	57	0
12	57	0
13	57	5
14	57	0
15	57	0
16	57	5
17	57	14
18	57	14
19	57	10
20	57	0
21	57	0
22	57	0
23	57	10
0	58	0
1	58	7
2	58	0
3	58	20
4	58	14
5	58	7
6	58	7
7	58	0
8	58	0
9	58	14
10	58	0
11	58	0
12	58	7
13	58	0
14	58	7
15	58	0
16	58	7
17	58	26
18	58	7
19	58	7
20	58	7
21	58	0
22	58	14
23	58	14
0	59	0
1	59	0
2	59	11
3	59	0
4	59	0
5	59	0
6	59	0
7	59	0
8	59	0
9	59	0
10	59	0
11	59	0
12	59	0
13	59	0
14	59	0
15	59	0
16	59	0
17	59	0
18	59	0
19	59	0
20	59	0
21	59	0
22	59	0
23	59	0
0	60	0
1	60	0
2	60	28
3	60	0
4	60	0
5	60	0
6	60	0
7	60	0
8	60	0
9	60	0
10	60	0
11	60	0
12	60	0
13	60	0
14	60	0
15	60	0
16	60	0
17	60	28
18	60	0
19	60	0
20	60	0
21	60	0
22	60	28
23	60	0
0	61	0
1	61	67
2	61	25
3	61	0
4	61	0
5	61	0
6	61	0
7	61	0
8	61	0
9	61	0
10	61	0
11	61	0
12	61	0
13	61	0
14	61	0
15	61	0
16	61	0
17	61	0
18	61	0
19	61	0
20	61	0
21	61	0
22	61	25
23	61	0
0	62	0
1	62	0
2	62	13
3	62	0
4	62	0
5	62	0
6	62	0
7	62	0
8	62	0
9	62	0
10	62	0
11	62	0
12	62	0
13	62	13
14	62	13
15	62	0
16	62	13
17	62	0
18	62	0
19	62	0
20	62	0
21	62	13
22	62	0
23	62	0
0	63	8
1	63	15
2	63	22
3	63	15
4	63	8
5	63	0
6	63	0
7	63	0
8	63	0
9	63	0
10	63	8
11	63	0
12	63	0
13	63	15
14	63	8
15	63	8
16	63	15
17	63	0
18	63	15
19	63	0
20	63	0
21	63	0
22	63	22
23	63	0
0	64	0
1	64	44
2	64	0
3	64	0
4	64	0
5	64	0
6	64	0
7	64	0
8	64	0
9	64	0
10	64	0
11	64	0
12	64	0
13	64	0
14	64	0
15	64	0
16	64	0
17	64	0
18	64	23
19	64	23
20	64	0
21	64	0
22	64	0
23	64	0
0	65	9
1	65	15
2	65	2
3	65	5
4	65	9
5	65	0
6	65	2
7	65	4
8	65	2
9	65	0
10	65	5
11	65	2
12	65	2
13	65	4
14	65	4
15	65	5
16	65	4
17	65	0
18	65	2
19	65	2
20	65	4
21	65	4
22	65	5
23	65	0
0	66	0
1	66	0
2	66	0
3	66	0
4	66	0
5	66	0
6	66	0
7	66	0
8	66	0
9	66	0
10	66	0
11	66	0
12	66	0
13	66	0
14	66	0
15	66	0
16	66	0
17	66	0
18	66	47
19	66	0
20	66	0
21	66	0
22	66	0
23	66	0
0	67	0
1	67	0
2	67	0
3	67	0
4	67	0
5	67	0
6	67	0
7	67	0
8	67	0
9	67	0
10	67	0
11	67	0
12	67	0
13	67	0
14	67	0
15	67	0
16	67	0
17	67	0
18	67	0
19	67	0
20	67	0
21	67	0
22	67	0
23	67	39
0	68	0
1	68	0
2	68	0
3	68	0
4	68	0
5	68	0
6	68	0
7	68	0
8	68	0
9	68	0
10	68	0
11	68	0
12	68	0
13	68	0
14	68	0
15	68	0
16	68	0
17	68	0
18	68	0
19	68	0
20	68	0
21	68	0
22	68	0
23	68	0
0	69	15
1	69	3
2	69	7
3	69	11
4	69	9
5	69	5
6	69	0
7	69	0
8	69	0
9	69	0
10	69	3
11	69	3
12	69	7
13	69	7
14	69	3
15	69	7
16	69	5
17	69	7
18	69	0
19	69	19
20	69	5
21	69	9
22	69	5
23	69	29
0	70	0
1	70	0
2	70	0
3	70	0
4	70	0
5	70	0
6	70	0
7	70	0
8	70	0
9	70	0
10	70	0
11	70	0
12	70	0
13	70	0
14	70	0
15	70	0
16	70	0
17	70	0
18	70	0
19	70	0
20	70	0
21	70	0
22	70	0
23	70	0
0	71	0
1	71	0
2	71	0
3	71	0
4	71	0
5	71	0
6	71	0
7	71	0
8	71	0
9	71	0
10	71	0
11	71	0
12	71	0
13	71	0
14	71	0
15	71	0
16	71	0
17	71	0
18	71	0
19	71	0
20	71	0
21	71	0
22	71	0
23	71	0
0	72	8
1	72	4
2	72	5
3	72	6
4	72	4
5	72	3
6	72	2
7	72	0
8	72	0
9	72	1
10	72	3
11	72	4
12	72	4
13	72	3
14	72	8
15	72	9
16	72	7
17	72	5
18	72	6
19	72	5
20	72	6
21	72	7
22	72	8
23	72	6
0	73	0
1	73	0
2	73	0
3	73	0
4	73	0
5	73	0
6	73	0
7	73	0
8	73	0
9	73	0
10	73	0
11	73	0
12	73	0
13	73	0
14	73	0
15	73	0
16	73	0
17	73	0
18	73	0
19	73	0
20	73	0
21	73	0
22	73	0
23	73	0
0	74	37
1	74	0
2	74	0
3	74	0
4	74	0
5	74	0
6	74	0
7	74	0
8	74	0
9	74	0
10	74	0
11	74	0
12	74	37
13	74	0
14	74	0
15	74	37
16	74	0
17	74	0
18	74	0
19	74	0
20	74	37
21	74	0
22	74	0
23	74	0
0	75	0
1	75	0
2	75	0
3	75	0
4	75	0
5	75	0
6	75	0
7	75	0
8	75	0
9	75	0
10	75	0
11	75	0
12	75	0
13	75	0
14	75	0
15	75	0
16	75	154
17	75	0
18	75	0
19	75	0
20	75	0
21	75	0
22	75	0
23	75	0
0	76	5
1	76	4
2	76	7
3	76	4
4	76	3
5	76	2
6	76	0
7	76	0
8	76	2
9	76	0
10	76	2
11	76	5
12	76	2
13	76	2
14	76	7
15	76	0
16	76	2
17	76	5
18	76	3
19	76	0
20	76	7
21	76	6
22	76	2
23	76	6
0	77	6
1	77	6
2	77	6
3	77	4
4	77	3
5	77	2
6	77	1
7	77	1
8	77	1
9	77	1
10	77	2
11	77	3
12	77	4
13	77	5
14	77	5
15	77	5
16	77	5
17	77	5
18	77	5
19	77	5
20	77	5
21	77	5
22	77	5
23	77	6
0	78	32
1	78	46
2	78	60
3	78	17
4	78	17
5	78	0
6	78	0
7	78	0
8	78	0
9	78	0
10	78	0
11	78	0
12	78	17
13	78	0
14	78	0
15	78	0
16	78	0
17	78	32
18	78	17
19	78	32
20	78	17
21	78	32
22	78	32
23	78	17
0	79	0
1	79	0
2	79	0
3	79	0
4	79	0
5	79	0
6	79	0
7	79	0
8	79	0
9	79	0
10	79	0
11	79	0
12	79	0
13	79	0
14	79	20
15	79	0
16	79	20
17	79	0
18	79	0
19	79	20
20	79	0
21	79	0
22	79	0
23	79	0
0	80	0
1	80	31
2	80	7
3	80	0
4	80	0
5	80	0
6	80	0
7	80	0
8	80	0
9	80	0
10	80	0
11	80	0
12	80	0
13	80	0
14	80	0
15	80	7
16	80	7
17	80	0
18	80	0
19	80	0
20	80	13
21	80	0
22	80	26
23	80	0
0	81	0
1	81	0
2	81	0
3	81	0
4	81	0
5	81	0
6	81	0
7	81	0
8	81	0
9	81	0
10	81	0
11	81	0
12	81	0
13	81	0
14	81	0
15	81	0
16	81	0
17	81	0
18	81	0
19	81	0
20	81	0
21	81	0
22	81	0
23	81	0
0	82	3
1	82	0
2	82	11
3	82	0
4	82	3
5	82	0
6	82	0
7	82	0
8	82	0
9	82	0
10	82	0
11	82	0
12	82	0
13	82	0
14	82	3
15	82	5
16	82	9
17	82	3
18	82	5
19	82	5
20	82	3
21	82	5
22	82	3
23	82	7
0	83	0
1	83	0
2	83	0
3	83	0
4	83	0
5	83	0
6	83	0
7	83	0
8	83	0
9	83	0
10	83	0
11	83	0
12	83	0
13	83	0
14	83	123
15	83	0
16	83	0
17	83	0
18	83	0
19	83	0
20	83	0
21	83	72
22	83	0
23	83	0
0	84	9
1	84	9
2	84	9
3	84	2
4	84	0
5	84	5
6	84	0
7	84	0
8	84	0
9	84	0
10	84	2
11	84	0
12	84	6
13	84	5
14	84	7
15	84	10
16	84	3
17	84	2
18	84	16
19	84	2
20	84	7
21	84	10
22	84	12
23	84	5
0	85	0
1	85	0
2	85	0
3	85	0
4	85	6
5	85	0
6	85	0
7	85	0
8	85	0
9	85	0
10	85	0
11	85	0
12	85	0
13	85	0
14	85	0
15	85	6
16	85	12
17	85	6
18	85	0
19	85	0
20	85	6
21	85	0
22	85	0
23	85	6
0	86	4
1	86	5
2	86	3
3	86	1
4	86	1
5	86	1
6	86	0
7	86	0
8	86	0
9	86	1
10	86	1
11	86	3
12	86	2
13	86	2
14	86	5
15	86	4
16	86	0
17	86	2
18	86	1
19	86	2
20	86	3
21	86	1
22	86	2
23	86	3
0	87	0
1	87	15
2	87	15
3	87	0
4	87	0
5	87	0
6	87	0
7	87	0
8	87	0
9	87	0
10	87	0
11	87	0
12	87	15
13	87	0
14	87	15
15	87	0
16	87	0
17	87	0
18	87	0
19	87	0
20	87	0
21	87	0
22	87	0
23	87	0
0	88	7
1	88	9
2	88	9
3	88	7
4	88	4
5	88	2
6	88	1
7	88	1
8	88	1
9	88	1
10	88	2
11	88	3
12	88	5
13	88	5
14	88	7
15	88	6
16	88	7
17	88	7
18	88	7
19	88	5
20	88	6
21	88	6
22	88	5
23	88	7
0	89	0
1	89	0
2	89	0
3	89	0
4	89	0
5	89	0
6	89	0
7	89	0
8	89	0
9	89	0
10	89	0
11	89	0
12	89	0
13	89	0
14	89	0
15	89	0
16	89	0
17	89	0
18	89	0
19	89	0
20	89	0
21	89	95
22	89	0
23	89	0
0	90	0
1	90	0
2	90	0
3	90	49
4	90	49
5	90	0
6	90	0
7	90	49
8	90	0
9	90	0
10	90	0
11	90	0
12	90	0
13	90	0
14	90	88
15	90	0
16	90	49
17	90	0
18	90	0
19	90	49
20	90	0
21	90	0
22	90	0
23	90	183
0	91	0
1	91	0
2	91	0
3	91	0
4	91	0
5	91	0
6	91	0
7	91	0
8	91	0
9	91	0
10	91	0
11	91	0
12	91	0
13	91	0
14	91	0
15	91	0
16	91	0
17	91	0
18	91	0
19	91	0
20	91	0
21	91	0
22	91	0
23	91	0
0	92	0
1	92	0
2	92	0
3	92	0
4	92	0
5	92	0
6	92	0
7	92	0
8	92	0
9	92	0
10	92	0
11	92	0
12	92	0
13	92	0
14	92	0
15	92	0
16	92	0
17	92	0
18	92	0
19	92	0
20	92	0
21	92	0
22	92	0
23	92	0
0	93	0
1	93	18
2	93	18
3	93	0
4	93	0
5	93	0
6	93	0
7	93	0
8	93	0
9	93	0
10	93	0
11	93	0
12	93	0
13	93	0
14	93	0
15	93	0
16	93	18
17	93	0
18	93	0
19	93	0
20	93	50
21	93	0
22	93	0
23	93	0
0	94	0
1	94	0
2	94	0
3	94	55
4	94	0
5	94	0
6	94	0
7	94	0
8	94	0
9	94	0
10	94	0
11	94	0
12	94	0
13	94	0
14	94	0
15	94	0
16	94	0
17	94	0
18	94	0
19	94	0
20	94	55
21	94	132
22	94	98
23	94	0
0	95	16
1	95	8
2	95	0
3	95	0
4	95	24
5	95	0
6	95	0
7	95	0
8	95	0
9	95	0
10	95	0
11	95	0
12	95	0
13	95	0
14	95	0
15	95	0
16	95	0
17	95	8
18	95	8
19	95	8
20	95	8
21	95	0
22	95	0
23	95	0
0	96	0
1	96	0
2	96	0
3	96	58
4	96	0
5	96	0
6	96	0
7	96	0
8	96	0
9	96	0
10	96	0
11	96	0
12	96	0
13	96	0
14	96	0
15	96	0
16	96	0
17	96	0
18	96	0
19	96	0
20	96	0
21	96	0
22	96	0
23	96	0
0	97	3
1	97	11
2	97	4
3	97	8
4	97	6
5	97	4
6	97	2
7	97	2
8	97	4
9	97	0
10	97	0
11	97	2
12	97	0
13	97	2
14	97	6
15	97	0
16	97	3
17	97	8
18	97	6
19	97	17
20	97	4
21	97	7
22	97	4
23	97	3
0	98	0
1	98	38
2	98	38
3	98	0
4	98	0
5	98	0
6	98	0
7	98	0
8	98	0
9	98	0
10	98	0
11	98	0
12	98	0
13	98	0
14	98	0
15	98	0
16	98	0
17	98	0
18	98	0
19	98	0
20	98	0
21	98	0
22	98	0
23	98	0
