Counts for Samsung(12) in Taiwan(44):
Hour	Location Index	Count
0	0	9
1	0	10
2	0	11
3	0	9
4	0	14
5	0	7
6	0	8
7	0	12
8	0	9
9	0	16
10	0	7
11	0	11
12	0	12
13	0	14
14	0	16
15	0	10
16	0	7
17	0	5
18	0	3
19	0	1
20	0	2
21	0	1
22	0	10
23	0	12
0	1	0
1	1	0
2	1	0
3	1	0
4	1	0
5	1	0
6	1	0
7	1	0
8	1	0
9	1	0
10	1	0
11	1	137
12	1	0
13	1	0
14	1	0
15	1	0
16	1	0
17	1	0
18	1	0
19	1	0
20	1	0
21	1	0
22	1	0
23	1	0
0	2	0
1	2	0
2	2	148
3	2	0
4	2	0
5	2	0
6	2	0
7	2	0
8	2	0
9	2	0
10	2	64
11	2	0
12	2	64
13	2	0
14	2	0
15	2	0
16	2	0
17	2	0
18	2	0
19	2	0
20	2	0
21	2	0
22	2	0
23	2	0
0	3	45
1	3	0
2	3	16
3	3	0
4	3	16
5	3	0
6	3	0
7	3	16
8	3	16
9	3	0
10	3	0
11	3	0
12	3	70
13	3	16
14	3	16
15	3	45
16	3	0
17	3	0
18	3	0
19	3	0
20	3	0
21	3	0
22	3	0
23	3	16
0	4	25
1	4	25
2	4	0
3	4	0
4	4	0
5	4	0
6	4	0
7	4	0
8	4	25
9	4	0
10	4	0
11	4	0
12	4	0
13	4	25
14	4	0
15	4	0
16	4	0
17	4	0
18	4	0
19	4	0
20	4	0
21	4	0
22	4	0
23	4	0
0	5	0
1	5	76
2	5	18
3	5	0
4	5	34
5	5	0
6	5	18
7	5	0
8	5	0
9	5	18
10	5	0
11	5	49
12	5	0
13	5	0
14	5	0
15	5	18
16	5	0
17	5	0
18	5	0
19	5	0
20	5	0
21	5	0
22	5	0
23	5	18
0	6	29
1	6	21
2	6	29
3	6	4
4	6	27
5	6	12
6	6	12
7	6	7
8	6	12
9	6	15
10	6	15
11	6	18
12	6	15
13	6	12
14	6	15
15	6	15
16	6	10
17	6	4
18	6	4
19	6	0
20	6	4
21	6	7
22	6	7
23	6	42
0	7	0
1	7	0
2	7	0
3	7	0
4	7	0
5	7	0
6	7	0
7	7	0
8	7	0
9	7	0
10	7	0
11	7	0
12	7	0
13	7	0
14	7	0
15	7	0
16	7	0
17	7	0
18	7	0
19	7	0
20	7	0
21	7	0
22	7	0
23	7	0
0	8	0
1	8	0
2	8	0
3	8	0
4	8	0
5	8	0
6	8	0
7	8	0
8	8	45
9	8	0
10	8	0
11	8	0
12	8	0
13	8	45
14	8	0
15	8	0
16	8	0
17	8	0
18	8	0
19	8	0
20	8	0
21	8	0
22	8	82
23	8	0
0	9	0
1	9	31
2	9	0
3	9	0
4	9	0
5	9	16
6	9	0
7	9	16
8	9	0
9	9	0
10	9	0
11	9	16
12	9	0
13	9	16
14	9	0
15	9	0
16	9	0
17	9	0
18	9	0
19	9	0
20	9	0
21	9	0
22	9	0
23	9	0
0	10	0
1	10	0
2	10	0
3	10	0
4	10	0
5	10	0
6	10	0
7	10	0
8	10	0
9	10	0
10	10	0
11	10	0
12	10	0
13	10	0
14	10	0
15	10	0
16	10	0
17	10	0
18	10	0
19	10	0
20	10	0
21	10	0
22	10	0
23	10	0
0	11	8
1	11	13
2	11	17
3	11	15
4	11	13
5	11	16
6	11	18
7	11	12
8	11	15
9	11	7
10	11	12
11	11	10
12	11	10
13	11	12
14	11	14
15	11	12
16	11	10
17	11	9
18	11	3
19	11	2
20	11	1
21	11	1
22	11	5
23	11	5
0	12	9
1	12	9
2	12	8
3	12	8
4	12	11
5	12	7
6	12	7
7	12	7
8	12	7
9	12	10
10	12	10
11	12	9
12	12	9
13	12	10
14	12	9
15	12	7
16	12	5
17	12	3
18	12	2
19	12	2
20	12	2
21	12	3
22	12	6
23	12	10
0	13	0
1	13	0
2	13	0
3	13	0
4	13	0
5	13	0
6	13	0
7	13	0
8	13	0
9	13	0
10	13	0
11	13	0
12	13	0
13	13	0
14	13	0
15	13	0
16	13	0
17	13	0
18	13	0
19	13	0
20	13	0
21	13	0
22	13	0
23	13	0
0	14	10
1	14	10
2	14	10
3	14	19
4	14	17
5	14	14
6	14	5
7	14	19
8	14	5
9	14	11
10	14	13
11	14	23
12	14	16
13	14	26
14	14	11
15	14	19
16	14	14
17	14	21
18	14	2
19	14	2
20	14	4
21	14	2
22	14	7
23	14	13
0	15	17
1	15	12
2	15	8
3	15	7
4	15	6
5	15	5
6	15	6
7	15	13
8	15	11
9	15	11
10	15	7
11	15	8
12	15	13
13	15	14
14	15	9
15	15	11
16	15	3
17	15	1
18	15	1
19	15	1
20	15	1
21	15	1
22	15	5
23	15	10
0	16	7
1	16	28
2	16	11
3	16	24
4	16	14
5	16	9
6	16	14
7	16	18
8	16	14
9	16	9
10	16	24
11	16	20
12	16	9
13	16	9
14	16	22
15	16	9
16	16	9
17	16	5
18	16	0
19	16	0
20	16	0
21	16	0
22	16	3
23	16	11
0	17	0
1	17	0
2	17	0
3	17	0
4	17	37
5	17	0
6	17	0
7	17	0
8	17	68
9	17	37
10	17	0
11	17	37
12	17	0
13	17	0
14	17	0
15	17	0
16	17	0
17	17	0
18	17	0
19	17	0
20	17	0
21	17	0
22	17	0
23	17	154
0	18	15
1	18	13
2	18	22
3	18	13
4	18	5
5	18	13
6	18	19
7	18	24
8	18	13
9	18	15
10	18	9
11	18	13
12	18	17
13	18	15
14	18	7
15	18	9
16	18	13
17	18	13
18	18	7
19	18	5
20	18	0
21	18	13
22	18	13
23	18	3
0	19	0
1	19	0
2	19	0
3	19	0
4	19	0
5	19	0
6	19	0
7	19	0
8	19	0
9	19	0
10	19	0
11	19	0
12	19	0
13	19	0
14	19	0
15	19	103
16	19	0
17	19	103
18	19	0
19	19	0
20	19	0
21	19	0
22	19	0
23	19	0
0	20	0
1	20	0
2	20	0
3	20	0
4	20	74
5	20	0
6	20	0
7	20	0
8	20	147
9	20	0
10	20	0
11	20	0
12	20	0
13	20	0
14	20	0
15	20	0
16	20	0
17	20	0
18	20	0
19	20	0
20	20	0
21	20	0
22	20	0
23	20	0
0	21	0
1	21	0
2	21	0
3	21	0
4	21	72
5	21	0
6	21	0
7	21	0
8	21	0
9	21	0
10	21	0
11	21	0
12	21	72
13	21	72
14	21	72
15	21	0
16	21	0
17	21	0
18	21	0
19	21	0
20	21	0
21	21	0
22	21	0
23	21	0
0	22	0
1	22	0
2	22	55
3	22	0
4	22	0
5	22	98
6	22	0
7	22	0
8	22	98
9	22	0
10	22	55
11	22	0
12	22	0
13	22	0
14	22	0
15	22	0
16	22	0
17	22	0
18	22	0
19	22	0
20	22	0
21	22	0
22	22	0
23	22	0
0	23	9
1	23	9
2	23	10
3	23	9
4	23	13
5	23	8
6	23	8
7	23	8
8	23	8
9	23	11
10	23	11
11	23	11
12	23	11
13	23	12
14	23	11
15	23	10
16	23	6
17	23	4
18	23	3
19	23	2
20	23	2
21	23	3
22	23	7
23	23	11
0	24	11
1	24	14
2	24	13
3	24	12
4	24	20
5	24	12
6	24	9
7	24	9
8	24	12
9	24	15
10	24	13
11	24	15
12	24	17
13	24	21
14	24	22
15	24	15
16	24	8
17	24	6
18	24	3
19	24	3
20	24	2
21	24	3
22	24	8
23	24	12
0	25	0
1	25	0
2	25	0
3	25	0
4	25	0
5	25	0
6	25	0
7	25	0
8	25	0
9	25	0
10	25	0
11	25	0
12	25	0
13	25	0
14	25	0
15	25	0
16	25	0
17	25	0
18	25	0
19	25	0
20	25	0
21	25	0
22	25	0
23	25	0
0	26	0
1	26	0
2	26	19
3	26	19
4	26	15
5	26	0
6	26	19
7	26	24
8	26	10
9	26	19
10	26	10
11	26	5
12	26	0
13	26	0
14	26	10
15	26	5
16	26	5
17	26	0
18	26	5
19	26	15
20	26	0
21	26	0
22	26	0
23	26	10
0	27	9
1	27	4
2	27	6
3	27	0
4	27	11
5	27	4
6	27	7
7	27	2
8	27	6
9	27	7
10	27	2
11	27	2
12	27	4
13	27	20
14	27	9
15	27	9
16	27	6
17	27	2
18	27	6
19	27	0
20	27	0
21	27	2
22	27	9
23	27	4
0	28	0
1	28	0
2	28	0
3	28	0
4	28	253
5	28	0
6	28	0
7	28	0
8	28	0
9	28	0
10	28	0
11	28	0
12	28	0
13	28	0
14	28	0
15	28	0
16	28	0
17	28	0
18	28	0
19	28	0
20	28	0
21	28	0
22	28	0
23	28	0
0	29	4
1	29	10
2	29	7
3	29	0
4	29	0
5	29	0
6	29	7
7	29	4
8	29	10
9	29	4
10	29	13
11	29	4
12	29	13
13	29	10
14	29	7
15	29	0
16	29	4
17	29	7
18	29	0
19	29	0
20	29	0
21	29	0
22	29	0
23	29	7
0	30	6
1	30	6
2	30	6
3	30	0
4	30	6
5	30	16
6	30	0
7	30	0
8	30	0
9	30	16
10	30	0
11	30	11
12	30	0
13	30	0
14	30	6
15	30	6
16	30	0
17	30	0
18	30	0
19	30	0
20	30	0
21	30	0
22	30	6
23	30	0
0	31	0
1	31	26
2	31	49
3	31	0
4	31	0
5	31	0
6	31	0
7	31	0
8	31	0
9	31	0
10	31	0
11	31	26
12	31	26
13	31	0
14	31	26
15	31	26
16	31	0
17	31	0
18	31	0
19	31	0
20	31	0
21	31	0
22	31	0
23	31	0
