Counts for Sony(13) in Taiwan(44):
Hour	Location Index	Count
0	0	1
1	0	3
2	0	2
3	0	1
4	0	3
5	0	2
6	0	1
7	0	2
8	0	3
9	0	3
10	0	5
11	0	5
12	0	4
13	0	2
14	0	3
15	0	0
16	0	1
17	0	0
18	0	1
19	0	0
20	0	0
21	0	1
22	0	2
23	0	4
0	1	0
1	1	0
2	1	0
3	1	0
4	1	0
5	1	0
6	1	0
7	1	0
8	1	0
9	1	0
10	1	0
11	1	0
12	1	0
13	1	0
14	1	0
15	1	0
16	1	0
17	1	0
18	1	0
19	1	0
20	1	0
21	1	0
22	1	137
23	1	137
0	2	0
1	2	0
2	2	0
3	2	112
4	2	0
5	2	0
6	2	0
7	2	0
8	2	0
9	2	0
10	2	0
11	2	0
12	2	0
13	2	0
14	2	0
15	2	0
16	2	0
17	2	0
18	2	0
19	2	0
20	2	0
21	2	0
22	2	112
23	2	0
0	3	0
1	3	0
2	3	0
3	3	0
4	3	0
5	3	0
6	3	0
7	3	0
8	3	0
9	3	0
10	3	0
11	3	0
12	3	0
13	3	0
14	3	0
15	3	0
16	3	0
17	3	16
18	3	0
19	3	0
20	3	0
21	3	0
22	3	0
23	3	0
0	4	0
1	4	0
2	4	0
3	4	0
4	4	0
5	4	0
6	4	0
7	4	25
8	4	118
9	4	25
10	4	0
11	4	0
12	4	0
13	4	0
14	4	0
15	4	0
16	4	0
17	4	25
18	4	0
19	4	0
20	4	0
21	4	0
22	4	0
23	4	0
0	5	18
1	5	0
2	5	0
3	5	0
4	5	0
5	5	18
6	5	0
7	5	0
8	5	0
9	5	0
10	5	0
11	5	34
12	5	0
13	5	0
14	5	0
15	5	0
16	5	0
17	5	0
18	5	0
19	5	0
20	5	0
21	5	0
22	5	0
23	5	0
0	6	15
1	6	21
2	6	21
3	6	12
4	6	21
5	6	15
6	6	10
7	6	12
8	6	15
9	6	0
10	6	12
11	6	7
12	6	12
13	6	4
14	6	4
15	6	18
16	6	10
17	6	0
18	6	0
19	6	0
20	6	0
21	6	4
22	6	4
23	6	10
0	7	0
1	7	0
2	7	0
3	7	0
4	7	0
5	7	0
6	7	0
7	7	0
8	7	0
9	7	0
10	7	0
11	7	0
12	7	0
13	7	0
14	7	0
15	7	0
16	7	0
17	7	0
18	7	0
19	7	0
20	7	0
21	7	0
22	7	0
23	7	0
0	8	0
1	8	0
2	8	0
3	8	0
4	8	0
5	8	0
6	8	0
7	8	0
8	8	0
9	8	0
10	8	0
11	8	0
12	8	0
13	8	0
14	8	0
15	8	0
16	8	0
17	8	0
18	8	0
19	8	0
20	8	0
21	8	0
22	8	0
23	8	0
0	9	0
1	9	0
2	9	0
3	9	0
4	9	16
5	9	16
6	9	0
7	9	0
8	9	0
9	9	0
10	9	0
11	9	0
12	9	0
13	9	0
14	9	0
15	9	0
16	9	0
17	9	0
18	9	0
19	9	0
20	9	0
21	9	0
22	9	0
23	9	0
0	10	0
1	10	0
2	10	0
3	10	0
4	10	0
5	10	0
6	10	0
7	10	0
8	10	0
9	10	0
10	10	0
11	10	0
12	10	0
13	10	0
14	10	0
15	10	0
16	10	0
17	10	0
18	10	0
19	10	0
20	10	0
21	10	0
22	10	0
23	10	0
0	11	4
1	11	7
2	11	6
3	11	6
4	11	7
5	11	8
6	11	2
7	11	3
8	11	4
9	11	1
10	11	2
11	11	3
12	11	5
13	11	4
14	11	3
15	11	4
16	11	3
17	11	0
18	11	1
19	11	1
20	11	2
21	11	1
22	11	2
23	11	2
0	12	3
1	12	3
2	12	3
3	12	3
4	12	3
5	12	2
6	12	2
7	12	2
8	12	2
9	12	3
10	12	3
11	12	3
12	12	3
13	12	3
14	12	3
15	12	2
16	12	1
17	12	1
18	12	1
19	12	1
20	12	1
21	12	1
22	12	2
23	12	3
0	13	0
1	13	0
2	13	0
3	13	0
4	13	0
5	13	0
6	13	0
7	13	0
8	13	0
9	13	0
10	13	0
11	13	0
12	13	0
13	13	0
14	13	0
15	13	0
16	13	0
17	13	0
18	13	0
19	13	0
20	13	0
21	13	0
22	13	0
23	13	0
0	14	7
1	14	4
2	14	5
3	14	0
4	14	7
5	14	4
6	14	5
7	14	0
8	14	2
9	14	10
10	14	7
11	14	10
12	14	13
13	14	7
14	14	4
15	14	5
16	14	7
17	14	2
18	14	4
19	14	5
20	14	0
21	14	0
22	14	0
23	14	8
0	15	3
1	15	4
2	15	5
3	15	5
4	15	2
5	15	8
6	15	3
7	15	3
8	15	3
9	15	1
10	15	3
11	15	5
12	15	5
13	15	4
14	15	3
15	15	3
16	15	1
17	15	3
18	15	1
19	15	1
20	15	1
21	15	0
22	15	7
23	15	3
0	16	0
1	16	3
2	16	9
3	16	20
4	16	5
5	16	0
6	16	3
7	16	5
8	16	0
9	16	0
10	16	0
11	16	16
12	16	0
13	16	3
14	16	3
15	16	3
16	16	7
17	16	3
18	16	0
19	16	0
20	16	3
21	16	0
22	16	0
23	16	5
0	17	0
1	17	0
2	17	0
3	17	0
4	17	0
5	17	0
6	17	0
7	17	0
8	17	0
9	17	0
10	17	0
11	17	0
12	17	0
13	17	0
14	17	0
15	17	0
16	17	0
17	17	0
18	17	0
19	17	0
20	17	0
21	17	0
22	17	0
23	17	0
0	18	0
1	18	0
2	18	3
3	18	3
4	18	0
5	18	3
6	18	3
7	18	0
8	18	3
9	18	3
10	18	5
11	18	3
12	18	0
13	18	0
14	18	3
15	18	0
16	18	0
17	18	3
18	18	0
19	18	0
20	18	3
21	18	3
22	18	0
23	18	3
0	19	0
1	19	0
2	19	0
3	19	0
4	19	0
5	19	0
6	19	0
7	19	0
8	19	0
9	19	0
10	19	0
11	19	0
12	19	0
13	19	0
14	19	0
15	19	0
16	19	0
17	19	0
18	19	0
19	19	0
20	19	0
21	19	0
22	19	0
23	19	0
0	20	0
1	20	0
2	20	0
3	20	0
4	20	0
5	20	0
6	20	0
7	20	0
8	20	0
9	20	0
10	20	0
11	20	0
12	20	0
13	20	0
14	20	0
15	20	0
16	20	0
17	20	0
18	20	0
19	20	0
20	20	0
21	20	0
22	20	0
23	20	0
0	21	0
1	21	0
2	21	0
3	21	72
4	21	0
5	21	0
6	21	0
7	21	0
8	21	0
9	21	0
10	21	0
11	21	0
12	21	0
13	21	0
14	21	0
15	21	72
16	21	0
17	21	0
18	21	0
19	21	0
20	21	0
21	21	0
22	21	0
23	21	0
0	22	0
1	22	0
2	22	0
3	22	55
4	22	0
5	22	0
6	22	0
7	22	55
8	22	0
9	22	0
10	22	0
11	22	0
12	22	0
13	22	0
14	22	0
15	22	0
16	22	0
17	22	0
18	22	0
19	22	0
20	22	0
21	22	0
22	22	0
23	22	0
0	23	3
1	23	3
2	23	2
3	23	2
4	23	3
5	23	2
6	23	2
7	23	2
8	23	2
9	23	3
10	23	3
11	23	3
12	23	3
13	23	3
14	23	3
15	23	3
16	23	2
17	23	1
18	23	1
19	23	1
20	23	1
21	23	1
22	23	3
23	23	3
0	24	2
1	24	3
2	24	3
3	24	5
4	24	5
5	24	3
6	24	3
7	24	5
8	24	3
9	24	5
10	24	4
11	24	3
12	24	4
13	24	7
14	24	6
15	24	4
16	24	3
17	24	2
18	24	2
19	24	0
20	24	1
21	24	1
22	24	1
23	24	3
0	25	0
1	25	0
2	25	0
3	25	0
4	25	0
5	25	0
6	25	0
7	25	0
8	25	0
9	25	0
10	25	0
11	25	0
12	25	0
13	25	0
14	25	0
15	25	0
16	25	0
17	25	0
18	25	0
19	25	0
20	25	0
21	25	0
22	25	0
23	25	0
0	26	5
1	26	5
2	26	15
3	26	15
4	26	0
5	26	0
6	26	5
7	26	0
8	26	5
9	26	0
10	26	0
11	26	10
12	26	0
13	26	5
14	26	0
15	26	0
16	26	0
17	26	0
18	26	0
19	26	0
20	26	0
21	26	5
22	26	0
23	26	0
0	27	2
1	27	9
2	27	7
3	27	0
4	27	4
5	27	0
6	27	4
7	27	6
8	27	7
9	27	11
10	27	7
11	27	4
12	27	0
13	27	4
14	27	11
15	27	0
16	27	0
17	27	0
18	27	0
19	27	2
20	27	0
21	27	6
22	27	15
23	27	2
0	28	0
1	28	0
2	28	0
3	28	0
4	28	0
5	28	0
6	28	0
7	28	0
8	28	0
9	28	0
10	28	0
11	28	0
12	28	0
13	28	0
14	28	0
15	28	0
16	28	0
17	28	0
18	28	0
19	28	0
20	28	0
21	28	0
22	28	0
23	28	0
0	29	7
1	29	0
2	29	0
3	29	4
4	29	4
5	29	0
6	29	0
7	29	0
8	29	0
9	29	0
10	29	0
11	29	4
12	29	7
13	29	0
14	29	0
15	29	0
16	29	0
17	29	0
18	29	0
19	29	0
20	29	0
21	29	0
22	29	0
23	29	0
0	30	0
1	30	0
2	30	0
3	30	0
4	30	6
5	30	6
6	30	16
7	30	11
8	30	0
9	30	0
10	30	6
11	30	0
12	30	0
13	30	0
14	30	0
15	30	0
16	30	0
17	30	0
18	30	0
19	30	0
20	30	0
21	30	0
22	30	0
23	30	0
0	31	26
1	31	0
2	31	0
3	31	0
4	31	0
5	31	0
6	31	0
7	31	0
8	31	0
9	31	0
10	31	0
11	31	0
12	31	26
13	31	0
14	31	0
15	31	0
16	31	0
17	31	0
18	31	0
19	31	0
20	31	0
21	31	0
22	31	0
23	31	0
