Counts for Samsung(12) in Turkey(46):
Hour	Location Index	Count
0	0	7
1	0	0
2	0	7
3	0	0
4	0	0
5	0	13
6	0	19
7	0	19
8	0	41
9	0	47
10	0	13
11	0	25
12	0	36
13	0	7
14	0	25
15	0	7
16	0	52
17	0	41
18	0	13
19	0	25
20	0	30
21	0	47
22	0	13
23	0	7
0	1	4
1	1	3
2	1	2
3	1	3
4	1	6
5	1	12
6	1	16
7	1	20
8	1	20
9	1	23
10	1	20
11	1	21
12	1	21
13	1	20
14	1	22
15	1	23
16	1	17
17	1	23
18	1	22
19	1	25
20	1	23
21	1	18
22	1	11
23	1	6
0	2	0
1	2	0
2	2	0
3	2	0
4	2	55
5	2	38
6	2	0
7	2	20
8	2	0
9	2	70
10	2	38
11	2	0
12	2	20
13	2	0
14	2	0
15	2	20
16	2	20
17	2	20
18	2	0
19	2	84
20	2	0
21	2	55
22	2	0
23	2	0
0	3	8
1	3	8
2	3	2
3	3	5
4	3	3
5	3	18
6	3	12
7	3	32
8	3	39
9	3	35
10	3	48
11	3	24
12	3	19
13	3	53
14	3	16
15	3	26
16	3	30
17	3	41
18	3	31
19	3	44
20	3	30
21	3	31
22	3	34
23	3	11
0	4	0
1	4	0
2	4	9
3	4	0
4	4	0
5	4	9
6	4	0
7	4	9
8	4	17
9	4	9
10	4	41
11	4	55
12	4	0
13	4	17
14	4	17
15	4	0
16	4	41
17	4	81
18	4	0
19	4	9
20	4	33
21	4	17
22	4	25
23	4	9
0	5	0
1	5	0
2	5	0
3	5	0
4	5	0
5	5	0
6	5	0
7	5	0
8	5	0
9	5	0
10	5	0
11	5	0
12	5	0
13	5	0
14	5	0
15	5	0
16	5	61
17	5	0
18	5	0
19	5	107
20	5	61
21	5	61
22	5	61
23	5	0
0	6	0
1	6	0
2	6	0
3	6	0
4	6	39
5	6	0
6	6	0
7	6	20
8	6	0
9	6	20
10	6	20
11	6	20
12	6	0
13	6	55
14	6	55
15	6	20
16	6	39
17	6	55
18	6	39
19	6	20
20	6	0
21	6	39
22	6	0
23	6	0
0	7	0
1	7	0
2	7	0
3	7	0
4	7	0
5	7	0
6	7	0
7	7	0
8	7	29
9	7	54
10	7	29
11	7	54
12	7	0
13	7	54
14	7	29
15	7	0
16	7	29
17	7	54
18	7	0
19	7	130
20	7	54
21	7	0
22	7	0
23	7	0
0	8	0
1	8	14
2	8	0
3	8	0
4	8	0
5	8	0
6	8	52
7	8	40
8	8	14
9	8	40
10	8	40
11	8	0
12	8	63
13	8	14
14	8	28
15	8	14
16	8	40
17	8	63
18	8	63
19	8	102
20	8	28
21	8	0
22	8	28
23	8	0
0	9	6
1	9	10
2	9	3
3	9	14
4	9	6
5	9	14
6	9	15
7	9	34
8	9	36
9	9	19
10	9	19
11	9	19
12	9	30
13	9	28
14	9	20
15	9	24
16	9	23
17	9	24
18	9	29
19	9	37
20	9	20
21	9	18
22	9	20
23	9	13
0	10	8
1	10	0
2	10	0
3	10	0
4	10	16
5	10	8
6	10	50
7	10	30
8	10	23
9	10	23
10	10	23
11	10	37
12	10	50
13	10	56
14	10	8
15	10	8
16	10	0
17	10	16
18	10	16
19	10	37
20	10	30
21	10	30
22	10	62
23	10	0
0	11	0
1	11	0
2	11	0
3	11	0
4	11	0
5	11	30
6	11	16
7	11	68
8	11	16
9	11	43
10	11	68
11	11	68
12	11	79
13	11	0
14	11	30
15	11	16
16	11	0
17	11	0
18	11	56
19	11	16
20	11	0
21	11	16
22	11	30
23	11	0
0	12	5
1	12	5
2	12	0
3	12	0
4	12	5
5	12	22
6	12	38
7	12	45
8	12	30
9	12	41
10	12	34
11	12	38
12	12	18
13	12	38
14	12	14
15	12	30
16	12	14
17	12	22
18	12	26
19	12	22
20	12	18
21	12	30
22	12	14
23	12	5
0	13	0
1	13	0
2	13	0
3	13	0
4	13	31
5	13	0
6	13	0
7	13	31
8	13	0
9	13	0
10	13	0
11	13	0
12	13	58
13	13	0
14	13	0
15	13	0
16	13	31
17	13	58
18	13	31
19	13	31
20	13	31
21	13	31
22	13	0
23	13	0
0	14	6
1	14	3
2	14	2
3	14	4
4	14	6
5	14	10
6	14	15
7	14	21
8	14	25
9	14	25
10	14	24
11	14	24
12	14	24
13	14	26
14	14	24
15	14	23
16	14	25
17	14	30
18	14	32
19	14	36
20	14	34
21	14	31
22	14	19
23	14	12
0	15	6
1	15	3
2	15	2
3	15	7
4	15	8
5	15	16
6	15	25
7	15	30
8	15	27
9	15	30
10	15	32
11	15	33
12	15	25
13	15	32
14	15	26
15	15	35
16	15	35
17	15	46
18	15	42
19	15	44
20	15	39
21	15	35
22	15	18
23	15	12
0	16	0
1	16	43
2	16	0
3	16	0
4	16	23
5	16	0
6	16	23
7	16	0
8	16	0
9	16	0
10	16	0
11	16	23
12	16	0
13	16	0
14	16	43
15	16	0
16	16	0
17	16	23
18	16	23
19	16	23
20	16	78
21	16	43
22	16	43
23	16	0
0	17	0
1	17	0
2	17	0
3	17	0
4	17	0
5	17	0
6	17	23
7	17	23
8	17	0
9	17	110
10	17	63
11	17	0
12	17	44
13	17	0
14	17	0
15	17	0
16	17	0
17	17	23
18	17	0
19	17	0
20	17	0
21	17	23
22	17	44
23	17	63
0	18	2
1	18	7
2	18	4
3	18	3
4	18	8
5	18	11
6	18	16
7	18	21
8	18	21
9	18	27
10	18	24
11	18	32
12	18	29
13	18	42
14	18	30
15	18	33
16	18	33
17	18	42
18	18	32
19	18	37
20	18	35
21	18	38
22	18	22
23	18	7
0	19	6
1	19	4
2	19	3
3	19	3
4	19	8
5	19	12
6	19	20
7	19	27
8	19	29
9	19	31
10	19	33
11	19	31
12	19	32
13	19	28
14	19	26
15	19	24
16	19	29
17	19	31
18	19	32
19	19	34
20	19	31
21	19	24
22	19	17
23	19	10
0	20	0
1	20	0
2	20	0
3	20	0
4	20	0
5	20	5
6	20	5
7	20	19
8	20	19
9	20	19
10	20	23
11	20	43
12	20	10
13	20	0
14	20	35
15	20	19
16	20	31
17	20	23
18	20	23
19	20	35
20	20	31
21	20	19
22	20	14
23	20	14
0	21	5
1	21	3
2	21	3
3	21	4
4	21	8
5	21	13
6	21	14
7	21	22
8	21	24
9	21	30
10	21	26
11	21	25
12	21	25
13	21	25
14	21	24
15	21	26
16	21	27
17	21	31
18	21	35
19	21	35
20	21	37
21	21	35
22	21	21
23	21	14
0	22	5
1	22	1
2	22	4
3	22	3
4	22	4
5	22	10
6	22	15
7	22	14
8	22	26
9	22	29
10	22	27
11	22	20
12	22	21
13	22	25
14	22	25
15	22	23
16	22	31
17	22	36
18	22	38
19	22	40
20	22	40
21	22	27
22	22	21
23	22	10
0	23	4
1	23	4
2	23	2
3	23	3
4	23	10
5	23	16
6	23	23
7	23	27
8	23	24
9	23	30
10	23	26
11	23	28
12	23	28
13	23	27
14	23	29
15	23	25
16	23	29
17	23	31
18	23	34
19	23	35
20	23	32
21	23	24
22	23	17
23	23	14
0	24	0
1	24	0
2	24	0
3	24	0
4	24	0
5	24	10
6	24	10
7	24	0
8	24	10
9	24	0
10	24	35
11	24	10
12	24	0
13	24	10
14	24	19
15	24	27
16	24	10
17	24	0
18	24	0
19	24	10
20	24	10
21	24	10
22	24	0
23	24	0
0	25	0
1	25	0
2	25	0
3	25	0
4	25	11
5	25	4
6	25	15
7	25	15
8	25	22
9	25	22
10	25	19
11	25	11
12	25	29
13	25	25
14	25	15
15	25	11
16	25	42
17	25	29
18	25	22
19	25	15
20	25	11
21	25	25
22	25	4
23	25	11
0	26	0
1	26	0
2	26	0
3	26	0
4	26	0
5	26	0
6	26	15
7	26	15
8	26	29
9	26	55
10	26	42
11	26	29
12	26	66
13	26	29
14	26	29
15	26	0
16	26	0
17	26	0
18	26	0
19	26	0
20	26	0
21	26	15
22	26	29
23	26	0
0	27	4
1	27	0
2	27	0
3	27	0
4	27	0
5	27	4
6	27	13
7	27	7
8	27	28
9	27	34
10	27	37
11	27	19
12	27	28
13	27	40
14	27	22
15	27	13
16	27	25
17	27	22
18	27	22
19	27	45
20	27	19
21	27	45
22	27	13
23	27	7
0	28	7
1	28	5
2	28	3
3	28	2
4	28	6
5	28	7
6	28	14
7	28	22
8	28	15
9	28	20
10	28	26
11	28	22
12	28	24
13	28	24
14	28	20
15	28	28
16	28	29
17	28	24
18	28	23
19	28	36
20	28	35
21	28	28
22	28	22
23	28	10
0	29	0
1	29	0
2	29	0
3	29	0
4	29	28
5	29	0
6	29	0
7	29	53
8	29	28
9	29	28
10	29	0
11	29	28
12	29	95
13	29	0
14	29	95
15	29	28
16	29	53
17	29	0
18	29	0
19	29	95
20	29	53
21	29	53
22	29	28
23	29	28
0	30	0
1	30	0
2	30	0
3	30	0
4	30	0
5	30	0
6	30	95
7	30	0
8	30	0
9	30	0
10	30	95
11	30	0
12	30	0
13	30	0
14	30	0
15	30	0
16	30	0
17	30	0
18	30	0
19	30	0
20	30	0
21	30	0
22	30	0
23	30	0
0	31	0
1	31	0
2	31	0
3	31	0
4	31	0
5	31	0
6	31	0
7	31	0
8	31	0
9	31	253
10	31	0
11	31	0
12	31	0
13	31	0
14	31	0
15	31	0
16	31	0
17	31	0
18	31	0
19	31	0
20	31	0
21	31	0
22	31	0
23	31	0
0	32	3
1	32	0
2	32	0
3	32	0
4	32	0
5	32	3
6	32	12
7	32	20
8	32	22
9	32	32
10	32	30
11	32	25
12	32	44
13	32	22
14	32	32
15	32	17
16	32	17
17	32	42
18	32	37
19	32	22
20	32	22
21	32	14
22	32	20
23	32	20
0	33	0
1	33	0
2	33	0
3	33	0
4	33	0
5	33	0
6	33	0
7	33	0
8	33	0
9	33	88
10	33	0
11	33	0
12	33	0
13	33	0
14	33	0
15	33	0
16	33	0
17	33	0
18	33	0
19	33	0
20	33	0
21	33	0
22	33	0
23	33	0
0	34	0
1	34	55
2	34	0
3	34	0
4	34	0
5	34	0
6	34	55
7	34	0
8	34	42
9	34	29
10	34	15
11	34	0
12	34	15
13	34	29
14	34	42
15	34	29
16	34	29
17	34	29
18	34	29
19	34	42
20	34	42
21	34	29
22	34	0
23	34	0
0	35	0
1	35	0
2	35	0
3	35	0
4	35	0
5	35	45
6	35	0
7	35	0
8	35	24
9	35	0
10	35	0
11	35	45
12	35	64
13	35	0
14	35	45
15	35	0
16	35	0
17	35	45
18	35	24
19	35	45
20	35	0
21	35	0
22	35	45
23	35	0
0	36	58
1	36	0
2	36	0
3	36	0
4	36	0
5	36	0
6	36	0
7	36	0
8	36	0
9	36	0
10	36	58
11	36	0
12	36	0
13	36	58
14	36	0
15	36	0
16	36	0
17	36	0
18	36	58
19	36	0
20	36	58
21	36	103
22	36	0
23	36	58
0	37	0
1	37	0
2	37	0
3	37	0
4	37	0
5	37	0
6	37	0
7	37	42
8	37	42
9	37	0
10	37	42
11	37	0
12	37	0
13	37	0
14	37	0
15	37	42
16	37	42
17	37	0
18	37	77
19	37	0
20	37	77
21	37	0
22	37	0
23	37	0
0	38	3
1	38	1
2	38	0
3	38	3
4	38	3
5	38	10
6	38	11
7	38	14
8	38	23
9	38	20
10	38	12
11	38	14
12	38	14
13	38	19
14	38	14
15	38	16
16	38	19
17	38	21
18	38	30
19	38	33
20	38	35
21	38	22
22	38	16
23	38	6
0	39	0
1	39	15
2	39	0
3	39	0
4	39	0
5	39	0
6	39	0
7	39	15
8	39	15
9	39	8
10	39	22
11	39	8
12	39	8
13	39	8
14	39	15
15	39	8
16	39	22
17	39	15
18	39	28
19	39	8
20	39	22
21	39	0
22	39	22
23	39	0
0	40	0
1	40	16
2	40	0
3	40	11
4	40	0
5	40	6
6	40	16
7	40	31
8	40	11
9	40	11
10	40	31
11	40	26
12	40	11
13	40	31
14	40	11
15	40	21
16	40	31
17	40	35
18	40	40
19	40	35
20	40	21
21	40	21
22	40	6
23	40	6
0	41	0
1	41	0
2	41	0
3	41	0
4	41	0
5	41	0
6	41	21
7	41	0
8	41	21
9	41	21
10	41	21
11	41	0
12	41	40
13	41	21
14	41	21
15	41	57
16	41	0
17	41	73
18	41	88
19	41	57
20	41	0
21	41	40
22	41	0
23	41	0
0	42	0
1	42	0
2	42	0
3	42	0
4	42	0
5	42	0
6	42	0
7	42	103
8	42	103
9	42	0
10	42	0
11	42	0
12	42	0
13	42	0
14	42	0
15	42	0
16	42	58
17	42	0
18	42	58
19	42	58
20	42	0
21	42	0
22	42	0
23	42	0
0	43	0
1	43	0
2	43	0
3	43	0
4	43	35
5	43	35
6	43	0
7	43	64
8	43	90
9	43	35
10	43	35
11	43	64
12	43	0
13	43	0
14	43	35
15	43	35
16	43	64
17	43	35
18	43	90
19	43	64
20	43	0
21	43	0
22	43	64
23	43	0
0	44	0
1	44	0
2	44	0
3	44	0
4	44	0
5	44	55
6	44	0
7	44	0
8	44	55
9	44	0
10	44	0
11	44	0
12	44	0
13	44	0
14	44	0
15	44	55
16	44	55
17	44	55
18	44	0
19	44	0
20	44	0
21	44	0
22	44	55
23	44	0
0	45	20
1	45	20
2	45	0
3	45	0
4	45	20
5	45	15
6	45	38
7	45	10
8	45	34
9	45	25
10	45	25
11	45	25
12	45	34
13	45	15
14	45	10
15	45	15
16	45	59
17	45	25
18	45	51
19	45	55
20	45	29
21	45	20
22	45	10
23	45	6
0	46	3
1	46	5
2	46	0
3	46	5
4	46	5
5	46	5
6	46	14
7	46	23
8	46	31
9	46	31
10	46	35
11	46	33
12	46	35
13	46	7
14	46	45
15	46	31
16	46	47
17	46	29
18	46	43
19	46	43
20	46	43
21	46	27
22	46	12
23	46	7
0	47	0
1	47	0
2	47	0
3	47	0
4	47	12
5	47	69
6	47	33
7	47	12
8	47	33
9	47	33
10	47	0
11	47	12
12	47	0
13	47	0
14	47	12
15	47	22
16	47	33
17	47	22
18	47	42
19	47	22
20	47	22
21	47	0
22	47	22
23	47	0
0	48	5
1	48	9
2	48	0
3	48	17
4	48	9
5	48	0
6	48	5
7	48	21
8	48	32
9	48	17
10	48	13
11	48	17
12	48	24
13	48	32
14	48	21
15	48	24
16	48	24
17	48	46
18	48	36
19	48	5
20	48	17
21	48	28
22	48	24
23	48	9
0	49	0
1	49	6
2	49	6
3	49	0
4	49	16
5	49	6
6	49	11
7	49	16
8	49	6
9	49	16
10	49	16
11	49	11
12	49	6
13	49	21
14	49	16
15	49	21
16	49	21
17	49	6
18	49	62
19	49	31
20	49	11
21	49	21
22	49	11
23	49	11
0	50	5
1	50	5
2	50	0
3	50	9
4	50	13
5	50	5
6	50	5
7	50	17
8	50	17
9	50	33
10	50	21
11	50	25
12	50	36
13	50	36
14	50	13
15	50	13
16	50	29
17	50	13
18	50	44
19	50	17
20	50	54
21	50	40
22	50	13
23	50	25
0	51	0
1	51	10
2	51	0
3	51	0
4	51	0
5	51	10
6	51	29
7	51	0
8	51	61
9	51	46
10	51	20
11	51	0
12	51	20
13	51	29
14	51	20
15	51	0
16	51	20
17	51	37
18	51	10
19	51	61
20	51	37
21	51	37
22	51	20
23	51	0
0	52	0
1	52	0
2	52	0
3	52	0
4	52	23
5	52	0
6	52	63
7	52	0
8	52	23
9	52	23
10	52	0
11	52	23
12	52	44
13	52	0
14	52	80
15	52	23
16	52	23
17	52	23
18	52	44
19	52	80
20	52	0
21	52	110
22	52	0
23	52	0
0	53	5
1	53	0
2	53	0
3	53	0
4	53	0
5	53	5
6	53	14
7	53	31
8	53	14
9	53	31
10	53	46
11	53	26
12	53	77
13	53	42
14	53	35
15	53	46
16	53	38
17	53	18
18	53	38
19	53	14
20	53	26
21	53	5
22	53	14
23	53	5
0	54	0
1	54	6
2	54	0
3	54	0
4	54	6
5	54	35
6	54	16
7	54	69
8	54	16
9	54	21
10	54	16
11	54	21
12	54	40
13	54	16
14	54	16
15	54	40
16	54	30
17	54	6
18	54	30
19	54	35
20	54	30
21	54	11
22	54	11
23	54	6
0	55	0
1	55	0
2	55	0
3	55	0
4	55	0
5	55	0
6	55	0
7	55	0
8	55	0
9	55	0
10	55	0
11	55	0
12	55	0
13	55	0
14	55	0
15	55	0
16	55	0
17	55	0
18	55	0
19	55	0
20	55	0
21	55	0
22	55	0
23	55	0
0	56	0
1	56	8
2	56	0
3	56	0
4	56	0
5	56	8
6	56	22
7	56	22
8	56	29
9	56	15
10	56	15
11	56	22
12	56	54
13	56	29
14	56	0
15	56	22
16	56	22
17	56	22
18	56	8
19	56	59
20	56	29
21	56	35
22	56	41
23	56	8
0	57	0
1	57	0
2	57	0
3	57	0
4	57	7
5	57	0
6	57	0
7	57	30
8	57	7
9	57	18
10	57	18
11	57	13
12	57	24
13	57	35
14	57	30
15	57	40
16	57	24
17	57	0
18	57	30
19	57	7
20	57	18
21	57	13
22	57	0
23	57	7
0	58	3
1	58	2
2	58	1
3	58	2
4	58	5
5	58	10
6	58	17
7	58	22
8	58	26
9	58	30
10	58	31
11	58	26
12	58	30
13	58	21
14	58	29
15	58	37
16	58	40
17	58	35
18	58	32
19	58	52
20	58	35
21	58	24
22	58	17
23	58	9
0	59	12
1	59	0
2	59	0
3	59	0
4	59	0
5	59	22
6	59	22
7	59	12
8	59	12
9	59	12
10	59	60
11	59	0
12	59	68
13	59	42
14	59	32
15	59	12
16	59	32
17	59	12
18	59	32
19	59	0
20	59	42
21	59	22
22	59	32
23	59	12
0	60	0
1	60	0
2	60	0
3	60	0
4	60	0
5	60	0
6	60	0
7	60	230
8	60	0
9	60	0
10	60	0
11	60	0
12	60	0
13	60	0
14	60	0
15	60	0
16	60	0
17	60	0
18	60	0
19	60	0
20	60	0
21	60	0
22	60	0
23	60	0
0	61	54
1	61	0
2	61	0
3	61	23
4	61	0
5	61	0
6	61	12
7	61	0
8	61	44
9	61	44
10	61	12
11	61	80
12	61	0
13	61	0
14	61	44
15	61	23
16	61	12
17	61	72
18	61	23
19	61	23
20	61	12
21	61	0
22	61	12
23	61	23
0	62	4
1	62	2
2	62	2
3	62	2
4	62	15
5	62	11
6	62	20
7	62	27
8	62	27
9	62	42
10	62	22
11	62	30
12	62	16
13	62	16
14	62	27
15	62	41
16	62	23
17	62	20
18	62	16
19	62	36
20	62	42
21	62	27
22	62	20
23	62	11
0	63	5
1	63	2
2	63	3
3	63	4
4	63	11
5	63	16
6	63	17
7	63	17
8	63	24
9	63	27
10	63	24
11	63	22
12	63	27
13	63	30
14	63	23
15	63	18
16	63	18
17	63	22
18	63	24
19	63	20
20	63	16
21	63	13
22	63	10
23	63	7
0	64	1
1	64	0
2	64	2
3	64	4
4	64	6
5	64	15
6	64	27
7	64	32
8	64	30
9	64	30
10	64	31
11	64	27
12	64	25
13	64	31
14	64	31
15	64	30
16	64	31
17	64	36
18	64	42
19	64	40
20	64	37
21	64	30
22	64	19
23	64	10
0	65	11
1	65	0
2	65	0
3	65	11
4	65	22
5	65	11
6	65	22
7	65	0
8	65	32
9	65	0
10	65	11
11	65	0
12	65	11
13	65	32
14	65	11
15	65	11
16	65	22
17	65	98
18	65	68
19	65	0
20	65	60
21	65	11
22	65	42
23	65	42
0	66	0
1	66	0
2	66	0
3	66	0
4	66	0
5	66	88
6	66	0
7	66	0
8	66	0
9	66	0
10	66	0
11	66	0
12	66	0
13	66	0
14	66	0
15	66	0
16	66	0
17	66	0
18	66	0
19	66	0
20	66	0
21	66	0
22	66	0
23	66	0
0	67	7
1	67	3
2	67	1
3	67	5
4	67	5
5	67	5
6	67	16
7	67	19
8	67	17
9	67	22
10	67	20
11	67	19
12	67	14
13	67	19
14	67	22
15	67	17
16	67	28
17	67	27
18	67	30
19	67	30
20	67	29
21	67	27
22	67	16
23	67	8
0	68	0
1	68	0
2	68	0
3	68	0
4	68	0
5	68	77
6	68	77
7	68	0
8	68	0
9	68	77
10	68	0
11	68	0
12	68	0
13	68	0
14	68	0
15	68	0
16	68	0
17	68	0
18	68	0
19	68	0
20	68	0
21	68	0
22	68	0
23	68	0
0	69	6
1	69	4
2	69	2
3	69	4
4	69	3
5	69	15
6	69	10
7	69	25
8	69	29
9	69	25
10	69	21
11	69	20
12	69	29
13	69	21
14	69	25
15	69	19
16	69	37
17	69	32
18	69	39
19	69	47
20	69	30
21	69	28
22	69	16
23	69	12
0	70	3
1	70	3
2	70	3
3	70	6
4	70	7
5	70	8
6	70	19
7	70	20
8	70	24
9	70	25
10	70	29
11	70	29
12	70	26
13	70	29
14	70	21
15	70	27
16	70	35
17	70	36
18	70	41
19	70	36
20	70	34
21	70	31
22	70	19
23	70	8
0	71	0
1	71	0
2	71	0
3	71	0
4	71	0
5	71	0
6	71	51
7	71	0
8	71	0
9	71	51
10	71	0
11	71	123
12	71	0
13	71	0
14	71	0
15	71	0
16	71	0
17	71	0
18	71	0
19	71	0
20	71	0
21	71	0
22	71	0
23	71	0
0	72	0
1	72	0
2	72	10
3	72	0
4	72	0
5	72	18
6	72	10
7	72	10
8	72	27
9	72	79
10	72	91
11	72	65
12	72	58
13	72	10
14	72	18
15	72	18
16	72	10
17	72	0
18	72	0
19	72	0
20	72	0
21	72	27
22	72	10
23	72	27
0	73	4
1	73	4
2	73	0
3	73	4
4	73	10
5	73	16
6	73	19
7	73	31
8	73	22
9	73	25
10	73	37
11	73	42
12	73	37
13	73	22
14	73	19
15	73	25
16	73	42
17	73	31
18	73	31
19	73	55
20	73	37
21	73	34
22	73	16
23	73	19
0	74	0
1	74	0
2	74	0
3	74	0
4	74	0
5	74	0
6	74	0
7	74	0
8	74	0
9	74	0
10	74	0
11	74	0
12	74	0
13	74	0
14	74	0
15	74	0
16	74	0
17	74	0
18	74	0
19	74	0
20	74	0
21	74	0
22	74	0
23	74	0
0	75	0
1	75	0
2	75	0
3	75	0
4	75	0
5	75	0
6	75	70
7	75	45
8	75	58
9	75	16
10	75	164
11	75	16
12	75	31
13	75	0
14	75	0
15	75	0
16	75	45
17	75	16
18	75	31
19	75	16
20	75	0
21	75	0
22	75	0
23	75	0
0	76	0
1	76	0
2	76	0
3	76	0
4	76	28
5	76	28
6	76	0
7	76	75
8	76	28
9	76	53
10	76	53
11	76	0
12	76	28
13	76	28
14	76	0
15	76	0
16	76	0
17	76	95
18	76	0
19	76	95
20	76	75
21	76	28
22	76	0
23	76	0
0	77	5
1	77	3
2	77	3
3	77	3
4	77	6
5	77	12
6	77	18
7	77	23
8	77	27
9	77	29
10	77	27
11	77	29
12	77	28
13	77	26
14	77	25
15	77	23
16	77	26
17	77	30
18	77	31
19	77	32
20	77	33
21	77	26
22	77	17
23	77	10
0	78	5
1	78	4
2	78	0
3	78	4
4	78	5
5	78	6
6	78	9
7	78	17
8	78	14
9	78	22
10	78	18
11	78	27
12	78	28
13	78	26
14	78	20
15	78	18
16	78	20
17	78	27
18	78	36
19	78	32
20	78	33
21	78	40
22	78	22
23	78	17
0	79	0
1	79	0
2	79	0
3	79	0
4	79	0
5	79	0
6	79	39
7	79	0
8	79	0
9	79	39
10	79	0
11	79	72
12	79	39
13	79	0
14	79	39
15	79	0
16	79	0
17	79	0
18	79	72
19	79	0
20	79	0
21	79	0
22	79	0
23	79	0
0	80	12
1	80	4
2	80	0
3	80	2
4	80	8
5	80	0
6	80	10
7	80	14
8	80	23
9	80	16
10	80	29
11	80	18
12	80	16
13	80	12
14	80	32
15	80	27
16	80	18
17	80	23
18	80	39
19	80	22
20	80	29
21	80	38
22	80	10
23	80	8
0	81	0
1	81	0
2	81	0
3	81	0
4	81	23
5	81	0
6	81	23
7	81	0
8	81	43
9	81	23
10	81	23
11	81	23
12	81	23
13	81	62
14	81	0
15	81	62
16	81	0
17	81	23
18	81	43
19	81	23
20	81	23
21	81	0
22	81	23
23	81	43
0	82	0
1	82	0
2	82	0
3	82	0
4	82	0
5	82	0
6	82	0
7	82	100
8	82	0
9	82	0
10	82	0
11	82	0
12	82	0
13	82	0
14	82	0
15	82	39
16	82	72
17	82	0
18	82	100
19	82	72
20	82	39
21	82	39
22	82	39
23	82	0
0	83	8
1	83	0
2	83	0
3	83	0
4	83	0
5	83	8
6	83	29
7	83	71
8	83	48
9	83	81
10	83	48
11	83	48
12	83	15
13	83	8
14	83	48
15	83	15
16	83	0
17	83	15
18	83	29
19	83	22
20	83	22
21	83	42
22	83	0
23	83	0
0	84	0
1	84	0
2	84	0
3	84	0
4	84	23
5	84	0
6	84	23
7	84	8
8	84	23
9	84	37
10	84	16
11	84	8
12	84	8
13	84	8
14	84	8
15	84	8
16	84	8
17	84	30
18	84	0
19	84	30
20	84	0
21	84	23
22	84	0
23	84	0
0	85	9
1	85	9
2	85	0
3	85	0
4	85	0
5	85	17
6	85	40
7	85	17
8	85	9
9	85	47
10	85	40
11	85	25
12	85	47
13	85	9
14	85	40
15	85	0
16	85	0
17	85	17
18	85	25
19	85	17
20	85	74
21	85	9
22	85	0
23	85	17
0	86	5
1	86	4
2	86	3
3	86	4
4	86	4
5	86	16
6	86	17
7	86	19
8	86	27
9	86	25
10	86	29
11	86	32
12	86	17
13	86	20
14	86	25
15	86	47
16	86	39
17	86	33
18	86	41
19	86	42
20	86	43
21	86	39
22	86	10
23	86	21
0	87	0
1	87	0
2	87	0
3	87	0
4	87	0
5	87	0
6	87	0
7	87	0
8	87	0
9	87	0
10	87	0
11	87	0
12	87	0
13	87	0
14	87	0
15	87	253
16	87	0
17	87	0
18	87	0
19	87	0
20	87	0
21	87	0
22	87	0
23	87	0
0	88	0
1	88	0
2	88	0
3	88	0
4	88	0
5	88	0
6	88	0
7	88	34
8	88	34
9	88	0
10	88	0
11	88	0
12	88	0
13	88	0
14	88	34
15	88	88
16	88	0
17	88	0
18	88	34
19	88	63
20	88	0
21	88	0
22	88	110
23	88	0
0	89	28
1	89	0
2	89	0
3	89	0
4	89	0
5	89	28
6	89	0
7	89	0
8	89	53
9	89	0
10	89	28
11	89	0
12	89	75
13	89	0
14	89	0
15	89	0
16	89	0
17	89	28
18	89	53
19	89	0
20	89	28
21	89	28
22	89	53
23	89	28
0	90	3
1	90	3
2	90	3
3	90	3
4	90	8
5	90	10
6	90	16
7	90	24
8	90	27
9	90	23
10	90	27
11	90	25
12	90	25
13	90	26
14	90	27
15	90	24
16	90	30
17	90	36
18	90	42
19	90	38
20	90	34
21	90	29
22	90	20
23	90	10
0	91	0
1	91	0
2	91	0
3	91	0
4	91	0
5	91	0
6	91	0
7	91	0
8	91	0
9	91	0
10	91	0
11	91	0
12	91	72
13	91	0
14	91	0
15	91	0
16	91	0
17	91	0
18	91	0
19	91	0
20	91	72
21	91	0
22	91	0
23	91	160
0	92	3
1	92	6
2	92	0
3	92	6
4	92	0
5	92	6
6	92	9
7	92	31
8	92	31
9	92	12
10	92	28
11	92	33
12	92	3
13	92	15
14	92	9
15	92	31
16	92	26
17	92	28
18	92	31
19	92	38
20	92	38
21	92	26
22	92	6
23	92	6
0	93	10
1	93	0
2	93	3
3	93	3
4	93	5
5	93	26
6	93	10
7	93	23
8	93	17
9	93	19
10	93	10
11	93	26
12	93	12
13	93	26
14	93	30
15	93	23
16	93	28
17	93	21
18	93	32
19	93	8
20	93	28
21	93	17
22	93	17
23	93	10
0	94	0
1	94	0
2	94	0
3	94	0
4	94	36
5	94	0
6	94	0
7	94	66
8	94	0
9	94	92
10	94	0
11	94	66
12	94	66
13	94	0
14	94	0
15	94	92
16	94	0
17	94	0
18	94	36
19	94	66
20	94	36
21	94	0
22	94	66
23	94	0
0	95	4
1	95	0
2	95	3
3	95	2
4	95	13
5	95	13
6	95	18
7	95	13
8	95	38
9	95	37
10	95	29
11	95	24
12	95	28
13	95	18
14	95	37
15	95	21
16	95	36
17	95	35
18	95	50
19	95	52
20	95	47
21	95	24
22	95	10
23	95	12
0	96	0
1	96	30
2	96	0
3	96	0
4	96	0
5	96	44
6	96	16
7	96	0
8	96	30
9	96	30
10	96	16
11	96	44
12	96	16
13	96	16
14	96	80
15	96	0
16	96	16
17	96	57
18	96	69
19	96	30
20	96	80
21	96	69
22	96	0
23	96	30
0	97	4
1	97	4
2	97	2
3	97	3
4	97	7
5	97	10
6	97	17
7	97	26
8	97	25
9	97	23
10	97	23
11	97	29
12	97	31
13	97	29
14	97	24
15	97	29
16	97	32
17	97	36
18	97	36
19	97	36
20	97	33
21	97	29
22	97	15
23	97	8
0	98	0
1	98	0
2	98	0
3	98	0
4	98	0
5	98	19
6	98	19
7	98	0
8	98	0
9	98	68
10	98	37
11	98	53
12	98	19
13	98	0
14	98	0
15	98	0
16	98	53
17	98	0
18	98	19
19	98	19
20	98	0
21	98	0
22	98	0
23	98	19
0	99	0
1	99	0
2	99	0
3	99	0
4	99	0
5	99	0
6	99	0
7	99	66
8	99	0
9	99	66
10	99	66
11	99	36
12	99	0
13	99	115
14	99	0
15	99	36
16	99	0
17	99	0
18	99	0
19	99	92
20	99	66
21	99	36
22	99	36
23	99	0
0	100	3
1	100	3
2	100	3
3	100	3
4	100	5
5	100	14
6	100	14
7	100	24
8	100	24
9	100	26
10	100	27
11	100	26
12	100	25
13	100	22
14	100	28
15	100	21
16	100	23
17	100	27
18	100	23
19	100	26
20	100	23
21	100	22
22	100	12
23	100	9
0	101	4
1	101	6
2	101	1
3	101	2
4	101	4
5	101	4
6	101	13
7	101	19
8	101	27
9	101	19
10	101	25
11	101	28
12	101	31
13	101	18
14	101	29
15	101	30
16	101	31
17	101	32
18	101	44
19	101	39
20	101	30
21	101	25
22	101	16
23	101	14
0	102	0
1	102	0
2	102	0
3	102	0
4	102	0
5	102	0
6	102	0
7	102	0
8	102	0
9	102	0
10	102	0
11	102	0
12	102	0
13	102	0
14	102	0
15	102	0
16	102	253
17	102	0
18	102	0
19	102	0
20	102	0
21	102	0
22	102	0
23	102	0
0	103	0
1	103	0
2	103	0
3	103	0
4	103	0
5	103	21
6	103	0
7	103	0
8	103	0
9	103	0
10	103	39
11	103	0
12	103	0
13	103	21
14	103	0
15	103	21
16	103	72
17	103	72
18	103	72
19	103	21
20	103	39
21	103	21
22	103	0
23	103	21
0	104	0
1	104	0
2	104	0
3	104	0
4	104	0
5	104	0
6	104	0
7	104	61
8	104	0
9	104	0
10	104	0
11	104	0
12	104	33
13	104	0
14	104	33
15	104	33
16	104	0
17	104	86
18	104	86
19	104	61
20	104	33
21	104	86
22	104	0
23	104	0
0	105	0
1	105	0
2	105	0
3	105	17
4	105	0
5	105	32
6	105	17
7	105	46
8	105	0
9	105	71
10	105	0
11	105	46
12	105	0
13	105	17
14	105	46
15	105	32
16	105	0
17	105	32
18	105	17
19	105	46
20	105	17
21	105	17
22	105	0
23	105	17
0	106	0
1	106	0
2	106	0
3	106	0
4	106	39
5	106	0
6	106	0
7	106	0
8	106	0
9	106	39
10	106	0
11	106	39
12	106	72
13	106	72
14	106	39
15	106	0
16	106	100
17	106	143
18	106	0
19	106	0
20	106	0
21	106	0
22	106	0
23	106	0
0	107	4
1	107	4
2	107	3
3	107	6
4	107	10
5	107	14
6	107	19
7	107	27
8	107	30
9	107	28
10	107	27
11	107	30
12	107	26
13	107	31
14	107	26
15	107	27
16	107	30
17	107	32
18	107	36
19	107	36
20	107	30
21	107	28
22	107	14
23	107	7
0	108	0
1	108	0
2	108	0
3	108	0
4	108	0
5	108	0
6	108	0
7	108	58
8	108	0
9	108	0
10	108	0
11	108	31
12	108	0
13	108	82
14	108	31
15	108	0
16	108	58
17	108	0
18	108	58
19	108	31
20	108	0
21	108	31
22	108	31
23	108	0
0	109	5
1	109	2
2	109	3
3	109	4
4	109	7
5	109	8
6	109	11
7	109	17
8	109	26
9	109	27
10	109	27
11	109	28
12	109	23
13	109	23
14	109	21
15	109	23
16	109	28
17	109	31
18	109	33
19	109	37
20	109	35
21	109	31
22	109	25
23	109	11
0	110	4
1	110	2
2	110	2
3	110	3
4	110	7
5	110	8
6	110	14
7	110	21
8	110	24
9	110	23
10	110	23
11	110	21
12	110	20
13	110	26
14	110	24
15	110	19
16	110	30
17	110	34
18	110	37
19	110	38
20	110	36
21	110	25
22	110	20
23	110	8
0	111	25
1	111	25
2	111	25
3	111	0
4	111	67
5	111	25
6	111	101
7	111	47
8	111	47
9	111	0
10	111	47
11	111	25
12	111	67
13	111	47
14	111	0
15	111	0
16	111	25
17	111	25
18	111	25
19	111	0
20	111	47
21	111	0
22	111	67
23	111	47
0	112	0
1	112	0
2	112	0
3	112	0
4	112	0
5	112	0
6	112	53
7	112	23
8	112	63
9	112	0
10	112	44
11	112	34
12	112	0
13	112	53
14	112	0
15	112	12
16	112	23
17	112	0
18	112	34
19	112	23
20	112	0
21	112	12
22	112	0
23	112	0
0	113	0
1	113	0
2	113	0
3	113	0
4	113	0
5	113	0
6	113	35
7	113	35
8	113	35
9	113	35
10	113	64
11	113	64
12	113	0
13	113	90
14	113	35
15	113	90
16	113	64
17	113	0
18	113	64
19	113	35
20	113	0
21	113	0
22	113	0
23	113	35
0	114	8
1	114	0
2	114	0
3	114	0
4	114	2
5	114	17
6	114	25
7	114	25
8	114	28
9	114	36
10	114	24
11	114	14
12	114	26
13	114	22
14	114	28
15	114	29
16	114	34
17	114	49
18	114	29
19	114	42
20	114	48
21	114	15
22	114	25
23	114	2
0	115	0
1	115	0
2	115	0
3	115	0
4	115	0
5	115	90
6	115	0
7	115	0
8	115	0
9	115	0
10	115	35
11	115	64
12	115	0
13	115	0
14	115	64
15	115	64
16	115	64
17	115	0
18	115	0
19	115	35
20	115	0
21	115	35
22	115	0
23	115	0
0	116	0
1	116	0
2	116	0
3	116	0
4	116	0
5	116	0
6	116	0
7	116	82
8	116	0
9	116	0
10	116	0
11	116	0
12	116	0
13	116	112
14	116	45
15	116	0
16	116	45
17	116	112
18	116	45
19	116	112
20	116	0
21	116	0
22	116	0
23	116	0
0	117	0
1	117	0
2	117	0
3	117	19
4	117	0
5	117	19
6	117	19
7	117	36
8	117	19
9	117	19
10	117	19
11	117	19
12	117	0
13	117	19
14	117	0
15	117	19
16	117	0
17	117	36
18	117	52
19	117	67
20	117	36
21	117	19
22	117	19
23	117	0
0	118	0
1	118	0
2	118	0
3	118	0
4	118	0
5	118	0
6	118	112
7	118	0
8	118	0
9	118	175
10	118	0
11	118	0
12	118	112
13	118	0
14	118	0
15	118	0
16	118	0
17	118	0
18	118	0
19	118	0
20	118	0
21	118	0
22	118	0
23	118	0
0	119	5
1	119	2
2	119	5
3	119	2
4	119	7
5	119	5
6	119	14
7	119	22
8	119	23
9	119	23
10	119	17
11	119	24
12	119	16
13	119	21
14	119	21
15	119	29
16	119	24
17	119	34
18	119	37
19	119	39
20	119	28
21	119	28
22	119	18
23	119	12
0	120	0
1	120	0
2	120	0
3	120	0
4	120	0
5	120	0
6	120	19
7	120	0
8	120	0
9	120	0
10	120	0
11	120	0
12	120	0
13	120	37
14	120	0
15	120	37
16	120	0
17	120	37
18	120	68
19	120	37
20	120	0
21	120	0
22	120	0
23	120	0
0	121	6
1	121	3
2	121	1
3	121	2
4	121	8
5	121	9
6	121	24
7	121	24
8	121	23
9	121	22
10	121	22
11	121	25
12	121	26
13	121	30
14	121	25
15	121	23
16	121	32
17	121	41
18	121	38
19	121	37
20	121	29
21	121	34
22	121	20
23	121	10
0	122	5
1	122	0
2	122	9
3	122	9
4	122	17
5	122	25
6	122	9
7	122	37
8	122	37
9	122	25
10	122	29
11	122	17
12	122	33
13	122	13
14	122	21
15	122	33
16	122	9
17	122	9
18	122	33
19	122	29
20	122	9
21	122	37
22	122	13
23	122	5
0	123	0
1	123	0
2	123	0
3	123	0
4	123	0
5	123	88
6	123	88
7	123	49
8	123	0
9	123	0
10	123	49
11	123	0
12	123	0
13	123	0
14	123	0
15	123	0
16	123	0
17	123	0
18	123	119
19	123	88
20	123	49
21	123	0
22	123	0
23	123	0
0	124	6
1	124	3
2	124	3
3	124	5
4	124	7
5	124	18
6	124	14
7	124	22
8	124	22
9	124	24
10	124	22
11	124	17
12	124	14
13	124	22
14	124	13
15	124	25
16	124	33
17	124	36
18	124	41
19	124	33
20	124	28
21	124	27
22	124	6
23	124	9
0	125	0
1	125	0
2	125	0
3	125	0
4	125	0
5	125	0
6	125	0
7	125	34
8	125	0
9	125	0
10	125	63
11	125	63
12	125	0
13	125	0
14	125	0
15	125	0
16	125	110
17	125	0
18	125	0
19	125	0
20	125	34
21	125	0
22	125	0
23	125	0
0	126	0
1	126	0
2	126	0
3	126	0
4	126	0
5	126	0
6	126	0
7	126	12
8	126	0
9	126	33
10	126	33
11	126	33
12	126	33
13	126	33
14	126	12
15	126	33
16	126	42
17	126	52
18	126	77
19	126	106
20	126	22
21	126	0
22	126	12
23	126	12
0	127	58
1	127	0
2	127	0
3	127	0
4	127	0
5	127	0
6	127	31
7	127	31
8	127	0
9	127	16
10	127	0
11	127	31
12	127	31
13	127	45
14	127	16
15	127	0
16	127	16
17	127	0
18	127	0
19	127	45
20	127	31
21	127	16
22	127	16
23	127	16
0	128	0
1	128	0
2	128	0
3	128	8
4	128	8
5	128	0
6	128	0
7	128	8
8	128	40
9	128	14
10	128	27
11	128	21
12	128	21
13	128	34
14	128	46
15	128	73
16	128	46
17	128	34
18	128	63
19	128	8
20	128	14
21	128	34
22	128	21
23	128	14
0	129	0
1	129	0
2	129	0
3	129	0
4	129	0
5	129	0
6	129	72
7	129	39
8	129	0
9	129	72
10	129	39
11	129	123
12	129	39
13	129	0
14	129	0
15	129	0
16	129	0
17	129	0
18	129	0
19	129	0
20	129	0
21	129	0
22	129	0
23	129	0
0	130	6
1	130	4
2	130	3
3	130	7
4	130	4
5	130	13
6	130	31
7	130	16
8	130	26
9	130	31
10	130	25
11	130	38
12	130	27
13	130	18
14	130	30
15	130	32
16	130	28
17	130	46
18	130	37
19	130	68
20	130	32
21	130	33
22	130	35
23	130	10
0	131	0
1	131	10
2	131	10
3	131	0
4	131	0
5	131	0
6	131	0
7	131	19
8	131	0
9	131	44
10	131	51
11	131	73
12	131	19
13	131	19
14	131	10
15	131	10
16	131	0
17	131	10
18	131	10
19	131	27
20	131	10
21	131	10
22	131	0
23	131	10
0	132	0
1	132	0
2	132	0
3	132	0
4	132	0
5	132	0
6	132	0
7	132	0
8	132	0
9	132	0
10	132	0
11	132	0
12	132	137
13	132	0
14	132	0
15	132	0
16	132	0
17	132	0
18	132	0
19	132	0
20	132	137
21	132	0
22	132	0
23	132	0
0	133	3
1	133	3
2	133	2
3	133	4
4	133	9
5	133	8
6	133	19
7	133	19
8	133	30
9	133	26
10	133	29
11	133	28
12	133	23
13	133	28
14	133	24
15	133	25
16	133	27
17	133	33
18	133	38
19	133	41
20	133	28
21	133	25
22	133	21
23	133	11
0	134	0
1	134	0
2	134	0
3	134	0
4	134	0
5	134	0
6	134	175
7	134	0
8	134	0
9	134	0
10	134	112
11	134	0
12	134	112
13	134	175
14	134	0
15	134	0
16	134	0
17	134	0
18	134	0
19	134	0
20	134	0
21	134	0
22	134	0
23	134	0
0	135	5
1	135	3
2	135	3
3	135	3
4	135	8
5	135	11
6	135	18
7	135	21
8	135	23
9	135	25
10	135	29
11	135	25
12	135	25
13	135	27
14	135	23
15	135	26
16	135	29
17	135	34
18	135	33
19	135	33
20	135	28
21	135	27
22	135	20
23	135	8
0	136	0
1	136	0
2	136	28
3	136	52
4	136	0
5	136	0
6	136	0
7	136	73
8	136	28
9	136	0
10	136	73
11	136	0
12	136	0
13	136	28
14	136	0
15	136	28
16	136	0
17	136	0
18	136	73
19	136	52
20	136	0
21	136	0
22	136	0
23	136	0
0	137	0
1	137	0
2	137	0
3	137	0
4	137	17
5	137	0
6	137	17
7	137	27
8	137	12
9	137	37
10	137	27
11	137	37
12	137	42
13	137	22
14	137	12
15	137	17
16	137	37
17	137	47
18	137	37
19	137	12
20	137	52
21	137	12
22	137	12
23	137	0
0	138	5
1	138	3
2	138	0
3	138	2
4	138	12
5	138	2
6	138	14
7	138	25
8	138	33
9	138	21
10	138	16
11	138	25
12	138	17
13	138	30
14	138	25
15	138	22
16	138	13
17	138	18
18	138	20
19	138	23
20	138	23
21	138	10
22	138	5
23	138	10
0	139	0
1	139	0
2	139	0
3	139	0
4	139	0
5	139	0
6	139	0
7	139	0
8	139	64
9	139	0
10	139	0
11	139	0
12	139	64
13	139	0
14	139	0
15	139	0
16	139	0
17	139	0
18	139	0
19	139	0
20	139	0
21	139	0
22	139	0
23	139	0
0	140	0
1	140	0
2	140	0
3	140	0
4	140	0
5	140	0
6	140	0
7	140	0
8	140	0
9	140	253
10	140	0
11	140	0
12	140	0
13	140	0
14	140	0
15	140	0
16	140	0
17	140	0
18	140	0
19	140	0
20	140	0
21	140	0
22	140	0
23	140	0
0	141	0
1	141	0
2	141	0
3	141	0
4	141	0
5	141	0
6	141	0
7	141	0
8	141	0
9	141	0
10	141	112
11	141	0
12	141	0
13	141	0
14	141	0
15	141	0
16	141	0
17	141	0
18	141	0
19	141	0
20	141	0
21	141	0
22	141	0
23	141	0
0	142	10
1	142	10
2	142	7
3	142	7
4	142	7
5	142	12
6	142	12
7	142	32
8	142	27
9	142	21
10	142	21
11	142	32
12	142	27
13	142	32
14	142	35
15	142	29
16	142	24
17	142	62
18	142	48
19	142	55
20	142	57
21	142	45
22	142	24
23	142	24
0	143	0
1	143	0
2	143	0
3	143	27
4	143	0
5	143	27
6	143	0
7	143	27
8	143	27
9	143	39
10	143	14
11	143	27
12	143	39
13	143	27
14	143	0
15	143	39
16	143	0
17	143	14
18	143	0
19	143	14
20	143	14
21	143	0
22	143	51
23	143	0
0	144	0
1	144	0
2	144	0
3	144	0
4	144	0
5	144	0
6	144	0
7	144	36
8	144	66
9	144	0
10	144	36
11	144	36
12	144	36
13	144	0
14	144	0
15	144	0
16	144	36
17	144	0
18	144	36
19	144	0
20	144	66
21	144	92
22	144	66
23	144	0
0	145	4
1	145	4
2	145	4
3	145	0
4	145	7
5	145	0
6	145	17
7	145	11
8	145	33
9	145	17
10	145	56
11	145	21
12	145	42
13	145	21
14	145	30
15	145	17
16	145	14
17	145	24
18	145	51
19	145	27
20	145	27
21	145	33
22	145	24
23	145	4
0	146	8
1	146	2
2	146	12
3	146	3
4	146	5
5	146	15
6	146	21
7	146	24
8	146	27
9	146	31
10	146	32
11	146	31
12	146	42
13	146	32
14	146	24
15	146	34
16	146	32
17	146	37
18	146	41
19	146	40
20	146	39
21	146	41
22	146	32
23	146	8
0	147	0
1	147	0
2	147	0
3	147	0
4	147	0
5	147	0
6	147	0
7	147	0
8	147	0
9	147	0
10	147	0
11	147	0
12	147	100
13	147	39
14	147	0
15	147	0
16	147	39
17	147	0
18	147	72
19	147	72
20	147	39
21	147	39
22	147	39
23	147	0
0	148	0
1	148	0
2	148	0
3	148	0
4	148	0
5	148	112
6	148	0
7	148	0
8	148	0
9	148	112
10	148	0
11	148	112
12	148	0
13	148	0
14	148	0
15	148	0
16	148	0
17	148	0
18	148	0
19	148	0
20	148	0
21	148	0
22	148	0
23	148	0
0	149	4
1	149	1
2	149	4
3	149	1
4	149	3
5	149	7
6	149	11
7	149	21
8	149	20
9	149	21
10	149	17
11	149	20
12	149	23
13	149	23
14	149	23
15	149	18
16	149	24
17	149	28
18	149	38
19	149	29
20	149	31
21	149	31
22	149	12
23	149	6
0	150	3
1	150	9
2	150	3
3	150	3
4	150	3
5	150	15
6	150	9
7	150	31
8	150	20
9	150	17
10	150	17
11	150	20
12	150	33
13	150	38
14	150	23
15	150	20
16	150	31
17	150	38
18	150	38
19	150	53
20	150	15
21	150	31
22	150	28
23	150	23
0	151	0
1	151	0
2	151	0
3	151	0
4	151	0
5	151	0
6	151	0
7	151	0
8	151	0
9	151	54
10	151	0
11	151	54
12	151	0
13	151	0
14	151	54
15	151	29
16	151	54
17	151	0
18	151	0
19	151	0
20	151	77
21	151	54
22	151	0
23	151	29
0	152	0
1	152	0
2	152	0
3	152	0
4	152	0
5	152	0
6	152	26
7	152	26
8	152	0
9	152	0
10	152	26
11	152	50
12	152	0
13	152	26
14	152	0
15	152	0
16	152	0
17	152	50
18	152	0
19	152	0
20	152	0
21	152	0
22	152	0
23	152	0
0	153	0
1	153	9
2	153	3
3	153	3
4	153	9
5	153	8
6	153	13
7	153	19
8	153	29
9	153	24
10	153	24
11	153	24
12	153	20
13	153	21
14	153	27
15	153	16
16	153	31
17	153	27
18	153	36
19	153	44
20	153	29
21	153	33
22	153	24
23	153	10
0	154	0
1	154	0
2	154	0
3	154	0
4	154	0
5	154	25
6	154	25
7	154	0
8	154	0
9	154	0
10	154	0
11	154	47
12	154	0
13	154	0
14	154	0
15	154	25
16	154	25
17	154	25
18	154	25
19	154	25
20	154	0
21	154	0
22	154	25
23	154	47
0	155	0
1	155	0
2	155	0
3	155	0
4	155	0
5	155	0
6	155	0
7	155	0
8	155	0
9	155	95
10	155	0
11	155	37
12	155	0
13	155	37
14	155	0
15	155	0
16	155	0
17	155	37
18	155	37
19	155	137
20	155	118
21	155	0
22	155	0
23	155	0
0	156	12
1	156	4
2	156	0
3	156	0
4	156	4
5	156	12
6	156	12
7	156	23
8	156	23
9	156	27
10	156	27
11	156	27
12	156	16
13	156	30
14	156	12
15	156	8
16	156	60
17	156	20
18	156	20
19	156	27
20	156	23
21	156	16
22	156	27
23	156	4
0	157	5
1	157	3
2	157	3
3	157	4
4	157	8
5	157	13
6	157	19
7	157	24
8	157	28
9	157	29
10	157	29
11	157	29
12	157	28
13	157	26
14	157	26
15	157	25
16	157	28
17	157	32
18	157	33
19	157	34
20	157	31
21	157	26
22	157	17
23	157	9
0	158	0
1	158	0
2	158	0
3	158	0
4	158	0
5	158	0
6	158	0
7	158	30
8	158	132
9	158	0
10	158	30
11	158	0
12	158	0
13	158	55
14	158	30
15	158	55
16	158	30
17	158	30
18	158	30
19	158	0
20	158	78
21	158	0
22	158	0
23	158	0
0	159	0
1	159	0
2	159	0
3	159	0
4	159	0
5	159	0
6	159	0
7	159	0
8	159	0
9	159	0
10	159	0
11	159	0
12	159	0
13	159	0
14	159	0
15	159	0
16	159	0
17	159	0
18	159	201
19	159	0
20	159	0
21	159	0
22	159	0
23	159	0
0	160	0
1	160	0
2	160	0
3	160	0
4	160	0
5	160	0
6	160	0
7	160	85
8	160	0
9	160	0
10	160	141
11	160	47
12	160	0
13	160	0
14	160	0
15	160	47
16	160	116
17	160	0
18	160	47
19	160	85
20	160	47
21	160	47
22	160	0
23	160	0
0	161	2
1	161	2
2	161	0
3	161	0
4	161	4
5	161	7
6	161	12
7	161	23
8	161	17
9	161	27
10	161	18
11	161	25
12	161	15
13	161	30
14	161	27
15	161	13
16	161	20
17	161	42
18	161	26
19	161	20
20	161	33
21	161	18
22	161	6
23	161	3
0	162	0
1	162	0
2	162	0
3	162	0
4	162	0
5	162	11
6	162	39
7	162	56
8	162	30
9	162	11
10	162	21
11	162	21
12	162	11
13	162	0
14	162	11
15	162	11
16	162	0
17	162	21
18	162	21
19	162	21
20	162	56
21	162	30
22	162	48
23	162	0
0	163	0
1	163	0
2	163	0
3	163	0
4	163	18
5	163	0
6	163	0
7	163	18
8	163	0
9	163	35
10	163	18
11	163	18
12	163	0
13	163	0
14	163	64
15	163	35
16	163	18
17	163	35
18	163	50
19	163	35
20	163	50
21	163	0
22	163	0
23	163	18
0	164	8
1	164	4
2	164	2
3	164	3
4	164	7
5	164	7
6	164	20
7	164	18
8	164	17
9	164	24
10	164	20
11	164	16
12	164	20
13	164	22
14	164	20
15	164	16
16	164	23
17	164	28
18	164	27
19	164	34
20	164	30
21	164	30
22	164	12
23	164	15
0	165	0
1	165	0
2	165	0
3	165	0
4	165	0
5	165	0
6	165	0
7	165	0
8	165	77
9	165	0
10	165	0
11	165	0
12	165	0
13	165	0
14	165	0
15	165	0
16	165	77
17	165	0
18	165	0
19	165	0
20	165	0
21	165	0
22	165	0
23	165	0
0	166	0
1	166	0
2	166	18
3	166	18
4	166	0
5	166	35
6	166	0
7	166	35
8	166	50
9	166	90
10	166	18
11	166	35
12	166	0
13	166	18
14	166	18
15	166	18
16	166	35
17	166	50
18	166	35
19	166	18
20	166	50
21	166	64
22	166	0
23	166	0
0	167	2
1	167	3
2	167	2
3	167	3
4	167	6
5	167	15
6	167	17
7	167	20
8	167	26
9	167	19
10	167	22
11	167	29
12	167	14
13	167	15
14	167	16
15	167	24
16	167	22
17	167	31
18	167	42
19	167	36
20	167	30
21	167	20
22	167	14
23	167	8
0	168	6
1	168	3
2	168	2
3	168	2
4	168	7
5	168	13
6	168	20
7	168	21
8	168	27
9	168	30
10	168	28
11	168	31
12	168	28
13	168	25
14	168	25
15	168	23
16	168	28
17	168	34
18	168	30
19	168	36
20	168	34
21	168	27
22	168	20
23	168	10
0	169	0
1	169	0
2	169	0
3	169	0
4	169	0
5	169	0
6	169	0
7	169	0
8	169	53
9	169	41
10	169	15
11	169	0
12	169	0
13	169	15
14	169	0
15	169	0
16	169	0
17	169	0
18	169	28
19	169	41
20	169	28
21	169	28
22	169	15
23	169	0
0	170	4
1	170	2
2	170	0
3	170	4
4	170	4
5	170	21
6	170	15
7	170	46
8	170	45
9	170	22
10	170	21
11	170	41
12	170	24
13	170	32
14	170	37
15	170	22
16	170	24
17	170	29
18	170	32
19	170	45
20	170	15
21	170	25
22	170	17
23	170	14
0	171	0
1	171	0
2	171	2
3	171	4
4	171	0
5	171	2
6	171	16
7	171	25
8	171	16
9	171	8
10	171	25
11	171	25
12	171	20
13	171	28
14	171	27
15	171	37
16	171	35
17	171	44
18	171	44
19	171	34
20	171	30
21	171	27
22	171	18
23	171	8
0	172	0
1	172	0
2	172	0
3	172	0
4	172	53
5	172	0
6	172	53
7	172	0
8	172	0
9	172	0
10	172	0
11	172	0
12	172	53
13	172	53
14	172	53
15	172	0
16	172	0
17	172	0
18	172	0
19	172	95
20	172	53
21	172	0
22	172	0
23	172	0
0	173	0
1	173	0
2	173	0
3	173	0
4	173	0
5	173	0
6	173	0
7	173	0
8	173	0
9	173	0
10	173	123
11	173	0
12	173	187
13	173	0
14	173	0
15	173	0
16	173	0
17	173	0
18	173	0
19	173	0
20	173	0
21	173	0
22	173	0
23	173	0
0	174	9
1	174	4
2	174	0
3	174	4
4	174	8
5	174	18
6	174	27
7	174	31
8	174	30
9	174	25
10	174	34
11	174	26
12	174	37
13	174	25
14	174	28
15	174	18
16	174	25
17	174	50
18	174	36
19	174	38
20	174	32
21	174	37
22	174	23
23	174	9
0	175	0
1	175	0
2	175	0
3	175	0
4	175	0
5	175	9
6	175	0
7	175	9
8	175	40
9	175	25
10	175	17
11	175	25
12	175	17
13	175	33
14	175	17
15	175	0
16	175	9
17	175	33
18	175	33
19	175	25
20	175	0
21	175	0
22	175	9
23	175	0
0	176	5
1	176	4
2	176	0
3	176	2
4	176	7
5	176	14
6	176	24
7	176	19
8	176	25
9	176	32
10	176	30
11	176	29
12	176	22
13	176	32
14	176	22
15	176	29
16	176	32
17	176	36
18	176	32
19	176	38
20	176	39
21	176	18
22	176	23
23	176	10
0	177	0
1	177	0
2	177	0
3	177	0
4	177	0
5	177	0
6	177	112
7	177	0
8	177	112
9	177	0
10	177	0
11	177	0
12	177	64
13	177	0
14	177	0
15	177	0
16	177	0
17	177	0
18	177	0
19	177	0
20	177	0
21	177	0
22	177	0
23	177	0
0	178	0
1	178	0
2	178	0
3	178	0
4	178	15
5	178	41
6	178	0
7	178	0
8	178	15
9	178	28
10	178	15
11	178	15
12	178	28
13	178	41
14	178	75
15	178	41
16	178	53
17	178	28
18	178	28
19	178	75
20	178	41
21	178	41
22	178	0
23	178	0
0	179	0
1	179	0
2	179	0
3	179	11
4	179	7
5	179	11
6	179	14
7	179	24
8	179	14
9	179	27
10	179	33
11	179	45
12	179	17
13	179	30
14	179	24
15	179	21
16	179	14
17	179	14
18	179	17
19	179	11
20	179	24
21	179	11
22	179	4
23	179	7
0	180	5
1	180	3
2	180	2
3	180	5
4	180	9
5	180	14
6	180	20
7	180	29
8	180	28
9	180	30
10	180	30
11	180	28
12	180	28
13	180	26
14	180	25
15	180	27
16	180	31
17	180	37
18	180	39
19	180	39
20	180	34
21	180	29
22	180	17
23	180	9
0	181	0
1	181	0
2	181	0
3	181	0
4	181	0
5	181	15
6	181	15
7	181	30
8	181	19
9	181	28
10	181	19
11	181	24
12	181	17
13	181	19
14	181	15
15	181	12
16	181	0
17	181	8
18	181	8
19	181	0
20	181	0
21	181	3
22	181	0
23	181	0
0	182	8
1	182	4
2	182	4
3	182	5
4	182	5
5	182	16
6	182	26
7	182	29
8	182	32
9	182	27
10	182	23
11	182	35
12	182	32
13	182	28
14	182	32
15	182	25
16	182	31
17	182	37
18	182	35
19	182	47
20	182	33
21	182	31
22	182	15
23	182	11
0	183	2
1	183	0
2	183	0
3	183	2
4	183	4
5	183	4
6	183	4
7	183	12
8	183	40
9	183	23
10	183	23
11	183	8
12	183	14
13	183	23
14	183	21
15	183	14
16	183	12
17	183	26
18	183	40
19	183	33
20	183	8
21	183	19
22	183	8
23	183	4
0	184	0
1	184	22
2	184	0
3	184	0
4	184	0
5	184	0
6	184	12
7	184	33
8	184	33
9	184	22
10	184	33
11	184	22
12	184	22
13	184	12
14	184	33
15	184	22
16	184	22
17	184	33
18	184	69
19	184	12
20	184	0
21	184	22
22	184	0
23	184	12
0	185	5
1	185	5
2	185	5
3	185	3
4	185	6
5	185	14
6	185	14
7	185	22
8	185	25
9	185	23
10	185	20
11	185	32
12	185	21
13	185	28
14	185	23
15	185	37
16	185	36
17	185	48
18	185	44
19	185	43
20	185	48
21	185	31
22	185	26
23	185	21
0	186	0
1	186	0
2	186	0
3	186	0
4	186	0
5	186	61
6	186	0
7	186	0
8	186	0
9	186	107
10	186	0
11	186	61
12	186	0
13	186	0
14	186	0
15	186	0
16	186	0
17	186	0
18	186	0
19	186	0
20	186	0
21	186	0
22	186	61
23	186	61
0	187	0
1	187	0
2	187	0
3	187	0
4	187	0
5	187	0
6	187	0
7	187	0
8	187	0
9	187	0
10	187	0
11	187	47
12	187	85
13	187	0
14	187	47
15	187	0
16	187	0
17	187	47
18	187	85
19	187	47
20	187	85
21	187	0
22	187	0
23	187	0
0	188	0
1	188	0
2	188	38
3	188	0
4	188	0
5	188	0
6	188	0
7	188	38
8	188	0
9	188	0
10	188	0
11	188	0
12	188	0
13	188	38
14	188	0
15	188	38
16	188	0
17	188	0
18	188	38
19	188	70
20	188	0
21	188	0
22	188	38
23	188	0
0	189	5
1	189	5
2	189	5
3	189	5
4	189	26
5	189	22
6	189	26
7	189	14
8	189	49
9	189	45
10	189	22
11	189	22
12	189	30
13	189	26
14	189	14
15	189	30
16	189	26
17	189	9
18	189	26
19	189	22
20	189	34
21	189	18
22	189	30
23	189	5
0	190	10
1	190	2
2	190	3
3	190	3
4	190	5
5	190	10
6	190	13
7	190	24
8	190	32
9	190	34
10	190	25
11	190	28
12	190	29
13	190	34
14	190	27
15	190	20
16	190	31
17	190	33
18	190	30
19	190	44
20	190	55
21	190	22
22	190	16
23	190	6
0	191	0
1	191	0
2	191	0
3	191	0
4	191	0
5	191	0
6	191	0
7	191	0
8	191	0
9	191	0
10	191	0
11	191	0
12	191	0
13	191	0
14	191	0
15	191	0
16	191	0
17	191	0
18	191	0
19	191	0
20	191	0
21	191	0
22	191	0
23	191	0
0	192	0
1	192	0
2	192	0
3	192	0
4	192	0
5	192	0
6	192	72
7	192	0
8	192	27
9	192	51
10	192	27
11	192	27
12	192	51
13	192	27
14	192	0
15	192	0
16	192	0
17	192	27
18	192	27
19	192	51
20	192	0
21	192	72
22	192	0
23	192	0
0	193	0
1	193	0
2	193	0
3	193	0
4	193	0
5	193	0
6	193	90
7	193	35
8	193	35
9	193	0
10	193	64
11	193	35
12	193	0
13	193	35
14	193	35
15	193	35
16	193	35
17	193	64
18	193	35
19	193	0
20	193	0
21	193	0
22	193	0
23	193	35
0	194	11
1	194	0
2	194	0
3	194	0
4	194	0
5	194	8
6	194	25
7	194	4
8	194	15
9	194	25
10	194	18
11	194	31
12	194	15
13	194	50
14	194	4
15	194	15
16	194	34
17	194	50
18	194	28
19	194	58
20	194	34
21	194	38
22	194	18
23	194	15
0	195	0
1	195	0
2	195	0
3	195	0
4	195	0
5	195	0
6	195	0
7	195	0
8	195	0
9	195	0
10	195	51
11	195	0
12	195	51
13	195	51
14	195	0
15	195	0
16	195	0
17	195	91
18	195	51
19	195	91
20	195	91
21	195	91
22	195	51
23	195	0
0	196	0
1	196	0
2	196	0
3	196	0
4	196	0
5	196	0
6	196	0
7	196	0
8	196	0
9	196	0
10	196	0
11	196	0
12	196	0
13	196	0
14	196	0
15	196	0
16	196	0
17	196	0
18	196	0
19	196	0
20	196	0
21	196	0
22	196	0
23	196	0
0	197	0
1	197	0
2	197	0
3	197	0
4	197	0
5	197	0
6	197	32
7	197	60
8	197	60
9	197	60
10	197	60
11	197	125
12	197	0
13	197	32
14	197	32
15	197	17
16	197	47
17	197	32
18	197	0
19	197	32
20	197	0
21	197	32
22	197	17
23	197	0
0	198	0
1	198	0
2	198	0
3	198	0
4	198	0
5	198	8
6	198	15
7	198	8
8	198	15
9	198	8
10	198	0
11	198	8
12	198	0
13	198	15
14	198	15
15	198	0
16	198	0
17	198	0
18	198	0
19	198	0
20	198	8
21	198	61
22	198	0
23	198	0
0	199	6
1	199	3
2	199	2
3	199	3
4	199	7
5	199	12
6	199	15
7	199	24
8	199	27
9	199	27
10	199	27
11	199	23
12	199	23
13	199	24
14	199	26
15	199	24
16	199	27
17	199	31
18	199	32
19	199	36
20	199	31
21	199	30
22	199	18
23	199	10
0	200	0
1	200	0
2	200	0
3	200	0
4	200	0
5	200	0
6	200	0
7	200	0
8	200	0
9	200	106
10	200	42
11	200	0
12	200	42
13	200	0
14	200	77
15	200	0
16	200	42
17	200	42
18	200	106
19	200	0
20	200	0
21	200	42
22	200	0
23	200	0
0	201	11
1	201	0
2	201	0
3	201	8
4	201	6
5	201	6
6	201	19
7	201	16
8	201	31
9	201	21
10	201	23
11	201	6
12	201	16
13	201	31
14	201	35
15	201	28
16	201	44
17	201	44
18	201	47
19	201	53
20	201	28
21	201	53
22	201	16
23	201	14
0	202	3
1	202	0
2	202	3
3	202	3
4	202	6
5	202	6
6	202	11
7	202	21
8	202	33
9	202	29
10	202	19
11	202	19
12	202	24
13	202	14
14	202	24
15	202	26
16	202	24
17	202	33
18	202	33
19	202	36
20	202	36
21	202	29
22	202	8
23	202	0
0	203	0
1	203	0
2	203	0
3	203	0
4	203	0
5	203	49
6	203	0
7	203	0
8	203	0
9	203	0
10	203	0
11	203	0
12	203	49
13	203	0
14	203	49
15	203	0
16	203	0
17	203	0
18	203	0
19	203	0
20	203	0
21	203	88
22	203	0
23	203	0
0	204	0
1	204	13
2	204	0
3	204	0
4	204	13
5	204	13
6	204	26
7	204	26
8	204	48
9	204	26
10	204	48
11	204	37
12	204	26
13	204	13
14	204	0
15	204	37
16	204	13
17	204	59
18	204	13
19	204	59
20	204	0
21	204	37
22	204	0
23	204	13
0	205	3
1	205	2
2	205	2
3	205	4
4	205	7
5	205	14
6	205	20
7	205	25
8	205	26
9	205	27
10	205	26
11	205	25
12	205	25
13	205	30
14	205	26
15	205	24
16	205	33
17	205	35
18	205	41
19	205	44
20	205	36
21	205	30
22	205	17
23	205	8
0	206	5
1	206	3
2	206	2
3	206	3
4	206	6
5	206	11
6	206	15
7	206	21
8	206	23
9	206	24
10	206	24
11	206	25
12	206	24
13	206	22
14	206	22
15	206	21
16	206	24
17	206	26
18	206	28
19	206	29
20	206	28
21	206	24
22	206	16
23	206	9
0	207	35
1	207	0
2	207	0
3	207	0
4	207	0
5	207	0
6	207	0
7	207	0
8	207	0
9	207	18
10	207	35
11	207	0
12	207	0
13	207	18
14	207	35
15	207	18
16	207	35
17	207	18
18	207	51
19	207	18
20	207	91
21	207	91
22	207	35
23	207	0
0	208	3
1	208	0
2	208	0
3	208	0
4	208	6
5	208	3
6	208	13
7	208	32
8	208	11
9	208	25
10	208	25
11	208	11
12	208	35
13	208	13
14	208	13
15	208	11
16	208	35
17	208	23
18	208	35
19	208	30
20	208	23
21	208	16
22	208	23
23	208	6
0	209	0
1	209	0
2	209	0
3	209	0
4	209	0
5	209	0
6	209	0
7	209	0
8	209	53
9	209	53
10	209	0
11	209	0
12	209	53
13	209	0
14	209	0
15	209	0
16	209	0
17	209	0
18	209	0
19	209	0
20	209	0
21	209	53
22	209	0
23	209	0
0	210	0
1	210	0
2	210	0
3	210	0
4	210	0
5	210	0
6	210	0
7	210	0
8	210	57
9	210	30
10	210	80
11	210	30
12	210	30
13	210	30
14	210	30
15	210	0
16	210	57
17	210	30
18	210	135
19	210	57
20	210	0
21	210	0
22	210	0
23	210	0
0	211	7
1	211	4
2	211	3
3	211	5
4	211	10
5	211	18
6	211	26
7	211	30
8	211	31
9	211	35
10	211	29
11	211	33
12	211	33
13	211	29
14	211	30
15	211	31
16	211	38
17	211	43
18	211	48
19	211	45
20	211	44
21	211	32
22	211	21
23	211	15
0	212	0
1	212	0
2	212	39
3	212	0
4	212	0
5	212	0
6	212	123
7	212	0
8	212	39
9	212	0
10	212	0
11	212	39
12	212	39
13	212	0
14	212	0
15	212	0
16	212	0
17	212	0
18	212	0
19	212	0
20	212	39
21	212	0
22	212	0
23	212	0
0	213	0
1	213	0
2	213	0
3	213	0
4	213	0
5	213	0
6	213	26
7	213	70
8	213	97
9	213	79
10	213	14
11	213	49
12	213	60
13	213	113
14	213	26
15	213	0
16	213	0
17	213	0
18	213	0
19	213	0
20	213	0
21	213	0
22	213	0
23	213	0
0	214	0
1	214	0
2	214	0
3	214	0
4	214	0
5	214	0
6	214	0
7	214	0
8	214	72
9	214	0
10	214	72
11	214	123
12	214	72
13	214	72
14	214	0
15	214	0
16	214	0
17	214	0
18	214	0
19	214	72
20	214	0
21	214	0
22	214	0
23	214	0
0	215	17
1	215	0
2	215	0
3	215	0
4	215	46
5	215	0
6	215	0
7	215	0
8	215	0
9	215	17
10	215	0
11	215	0
12	215	0
13	215	17
14	215	32
15	215	17
16	215	32
17	215	17
18	215	59
19	215	32
20	215	59
21	215	59
22	215	0
23	215	0
0	216	3
1	216	0
2	216	6
3	216	9
4	216	0
5	216	3
6	216	15
7	216	23
8	216	6
9	216	21
10	216	23
11	216	23
12	216	29
13	216	15
14	216	29
15	216	26
16	216	36
17	216	31
18	216	61
19	216	39
20	216	21
21	216	21
22	216	15
23	216	15
0	217	21
1	217	0
2	217	0
3	217	0
4	217	21
5	217	0
6	217	0
7	217	40
8	217	58
9	217	0
10	217	40
11	217	0
12	217	0
13	217	0
14	217	21
15	217	21
16	217	0
17	217	0
18	217	21
19	217	40
20	217	0
21	217	40
22	217	0
23	217	0
0	218	0
1	218	0
2	218	0
3	218	31
4	218	31
5	218	0
6	218	0
7	218	0
8	218	31
9	218	0
10	218	0
11	218	31
12	218	0
13	218	0
14	218	58
15	218	0
16	218	0
17	218	0
18	218	31
19	218	0
20	218	82
21	218	137
22	218	0
23	218	0
0	219	0
1	219	0
2	219	0
3	219	0
4	219	0
5	219	30
6	219	55
7	219	0
8	219	0
9	219	30
10	219	30
11	219	55
12	219	55
13	219	30
14	219	0
15	219	78
16	219	30
17	219	0
18	219	30
19	219	78
20	219	30
21	219	78
22	219	0
23	219	30
0	220	0
1	220	0
2	220	0
3	220	0
4	220	0
5	220	0
6	220	25
7	220	47
8	220	25
9	220	25
10	220	0
11	220	25
12	220	25
13	220	85
14	220	25
15	220	0
16	220	47
17	220	0
18	220	0
19	220	0
20	220	0
21	220	0
22	220	0
23	220	0
0	221	6
1	221	0
2	221	0
3	221	6
4	221	12
5	221	23
6	221	23
7	221	15
8	221	28
9	221	30
10	221	30
11	221	34
12	221	44
13	221	33
14	221	32
15	221	21
16	221	60
17	221	49
18	221	41
19	221	59
20	221	34
21	221	32
22	221	34
23	221	12
0	222	0
1	222	0
2	222	0
3	222	0
4	222	0
5	222	0
6	222	0
7	222	0
8	222	45
9	222	24
10	222	24
11	222	24
12	222	24
13	222	24
14	222	45
15	222	24
16	222	0
17	222	45
18	222	0
19	222	98
20	222	45
21	222	24
22	222	0
23	222	0
0	223	0
1	223	0
2	223	0
3	223	0
4	223	0
5	223	0
6	223	0
7	223	0
8	223	43
9	223	43
10	223	0
11	223	0
12	223	0
13	223	0
14	223	0
15	223	0
16	223	0
17	223	133
18	223	43
19	223	109
20	223	79
21	223	0
22	223	0
23	223	0
0	224	0
1	224	0
2	224	0
3	224	0
4	224	0
5	224	0
6	224	60
7	224	0
8	224	32
9	224	32
10	224	32
11	224	32
12	224	32
13	224	0
14	224	0
15	224	0
16	224	32
17	224	32
18	224	60
19	224	105
20	224	32
21	224	0
22	224	0
23	224	0
0	225	5
1	225	0
2	225	3
3	225	3
4	225	9
5	225	5
6	225	24
7	225	20
8	225	42
9	225	11
10	225	24
11	225	34
12	225	18
13	225	14
14	225	40
15	225	18
16	225	20
17	225	30
18	225	24
19	225	40
20	225	30
21	225	30
22	225	18
23	225	16
0	226	0
1	226	0
2	226	0
3	226	0
4	226	0
5	226	0
6	226	21
7	226	27
8	226	45
9	226	33
10	226	51
11	226	67
12	226	51
13	226	27
14	226	33
15	226	27
16	226	27
17	226	14
18	226	7
19	226	14
20	226	7
21	226	7
22	226	21
23	226	0
0	227	3
1	227	3
2	227	1
3	227	5
4	227	9
5	227	16
6	227	8
7	227	10
8	227	18
9	227	18
10	227	18
11	227	22
12	227	19
13	227	19
14	227	20
15	227	14
16	227	22
17	227	23
18	227	22
19	227	19
20	227	14
21	227	10
22	227	5
23	227	5
0	228	0
1	228	0
2	228	0
3	228	0
4	228	0
5	228	0
6	228	0
7	228	0
8	228	0
9	228	30
10	228	0
11	228	0
12	228	0
13	228	30
14	228	0
15	228	0
16	228	0
17	228	30
18	228	30
19	228	0
20	228	30
21	228	78
22	228	0
23	228	30
0	229	8
1	229	0
2	229	0
3	229	0
4	229	8
5	229	8
6	229	45
7	229	58
8	229	31
9	229	16
10	229	45
11	229	58
12	229	16
13	229	24
14	229	8
15	229	0
16	229	0
17	229	8
18	229	8
19	229	0
20	229	8
21	229	0
22	229	16
23	229	0
0	230	8
1	230	3
2	230	4
3	230	2
4	230	4
5	230	9
6	230	19
7	230	26
8	230	28
9	230	29
10	230	25
11	230	18
12	230	28
13	230	21
14	230	22
15	230	25
16	230	26
17	230	31
18	230	33
19	230	43
20	230	33
21	230	32
22	230	13
23	230	8
0	231	0
1	231	9
2	231	9
3	231	17
4	231	0
5	231	25
6	231	54
7	231	67
8	231	40
9	231	61
10	231	9
11	231	74
12	231	47
13	231	47
14	231	91
15	231	54
16	231	25
17	231	17
18	231	40
19	231	9
20	231	9
21	231	25
22	231	9
23	231	0
0	232	0
1	232	0
2	232	0
3	232	0
4	232	0
5	232	0
6	232	41
7	232	22
8	232	0
9	232	0
10	232	41
11	232	41
12	232	22
13	232	0
14	232	22
15	232	22
16	232	59
17	232	22
18	232	0
19	232	41
20	232	0
21	232	22
22	232	75
23	232	0
0	233	0
1	233	0
2	233	0
3	233	0
4	233	0
5	233	0
6	233	0
7	233	0
8	233	0
9	233	215
10	233	0
11	233	0
12	233	0
13	233	0
14	233	0
15	233	0
16	233	0
17	233	0
18	233	0
19	233	0
20	233	0
21	233	0
22	233	0
23	233	0
0	234	0
1	234	9
2	234	0
3	234	5
4	234	5
5	234	5
6	234	28
7	234	28
8	234	28
9	234	42
10	234	24
11	234	20
12	234	28
13	234	16
14	234	24
15	234	13
16	234	31
17	234	45
18	234	24
19	234	35
20	234	31
21	234	28
22	234	31
23	234	20
0	235	0
1	235	0
2	235	0
3	235	0
4	235	24
5	235	0
6	235	0
7	235	24
8	235	0
9	235	65
10	235	0
11	235	24
12	235	46
13	235	65
14	235	24
15	235	65
16	235	0
17	235	65
18	235	24
19	235	24
20	235	65
21	235	0
22	235	0
23	235	0
0	236	2
1	236	7
2	236	4
3	236	2
4	236	4
5	236	11
6	236	9
7	236	22
8	236	47
9	236	31
10	236	23
11	236	20
12	236	22
13	236	35
14	236	44
15	236	31
16	236	20
17	236	26
18	236	41
19	236	28
20	236	29
21	236	28
22	236	23
23	236	6
0	237	0
1	237	0
2	237	0
3	237	0
4	237	0
5	237	47
6	237	0
7	237	25
8	237	25
9	237	47
10	237	47
11	237	85
12	237	47
13	237	47
14	237	0
15	237	0
16	237	47
17	237	67
18	237	47
19	237	67
20	237	0
21	237	47
22	237	0
23	237	0
0	238	0
1	238	0
2	238	0
3	238	0
4	238	0
5	238	17
6	238	17
7	238	0
8	238	32
9	238	73
10	238	0
11	238	73
12	238	60
13	238	32
14	238	32
15	238	17
16	238	47
17	238	32
18	238	96
19	238	32
20	238	47
21	238	47
22	238	32
23	238	0
0	239	6
1	239	2
2	239	3
3	239	5
4	239	2
5	239	6
6	239	9
7	239	14
8	239	13
9	239	11
10	239	10
11	239	16
12	239	12
13	239	9
14	239	13
15	239	9
16	239	10
17	239	13
18	239	13
19	239	20
20	239	18
21	239	6
22	239	6
23	239	3
0	240	3
1	240	2
2	240	0
3	240	2
4	240	2
5	240	7
6	240	18
7	240	21
8	240	30
9	240	23
10	240	28
11	240	34
12	240	25
13	240	16
14	240	19
15	240	8
16	240	13
17	240	14
18	240	17
19	240	13
20	240	22
21	240	15
22	240	10
23	240	6
0	241	0
1	241	0
2	241	0
3	241	0
4	241	0
5	241	0
6	241	37
7	241	0
8	241	0
9	241	68
10	241	0
11	241	0
12	241	68
13	241	37
14	241	0
15	241	0
16	241	0
17	241	0
18	241	0
19	241	0
20	241	37
21	241	0
22	241	0
23	241	0
0	242	7
1	242	3
2	242	2
3	242	3
4	242	6
5	242	11
6	242	16
7	242	22
8	242	25
9	242	25
10	242	25
11	242	27
12	242	25
13	242	26
14	242	23
15	242	24
16	242	29
17	242	32
18	242	34
19	242	40
20	242	38
21	242	30
22	242	20
23	242	11
0	243	0
1	243	0
2	243	0
3	243	0
4	243	0
5	243	0
6	243	0
7	243	39
8	243	72
9	243	0
10	243	143
11	243	100
12	243	0
13	243	0
14	243	0
15	243	0
16	243	0
17	243	0
18	243	0
19	243	39
20	243	0
21	243	0
22	243	0
23	243	0
0	244	0
1	244	0
2	244	0
3	244	0
4	244	15
5	244	15
6	244	29
7	244	29
8	244	0
9	244	29
10	244	42
11	244	15
12	244	29
13	244	15
14	244	0
15	244	0
16	244	29
17	244	0
18	244	0
19	244	29
20	244	0
21	244	0
22	244	0
23	244	0
0	245	8
1	245	2
2	245	1
3	245	4
4	245	2
5	245	9
6	245	14
7	245	18
8	245	22
9	245	21
10	245	23
11	245	29
12	245	25
13	245	26
14	245	27
15	245	25
16	245	27
17	245	36
18	245	39
19	245	33
20	245	36
21	245	33
22	245	34
23	245	15
0	246	0
1	246	0
2	246	0
3	246	0
4	246	0
5	246	0
6	246	0
7	246	0
8	246	0
9	246	0
10	246	0
11	246	74
12	246	40
13	246	0
14	246	0
15	246	0
16	246	0
17	246	0
18	246	74
19	246	0
20	246	74
21	246	103
22	246	127
23	246	0
0	247	0
1	247	14
2	247	0
3	247	0
4	247	0
5	247	0
6	247	14
7	247	0
8	247	50
9	247	38
10	247	26
11	247	14
12	247	26
13	247	50
14	247	38
15	247	26
16	247	26
17	247	71
18	247	26
19	247	60
20	247	26
21	247	38
22	247	38
23	247	38
0	248	0
1	248	0
2	248	0
3	248	0
4	248	11
5	248	0
6	248	31
7	248	11
8	248	0
9	248	21
10	248	21
11	248	0
12	248	11
13	248	21
14	248	21
15	248	21
16	248	31
17	248	21
18	248	31
19	248	40
20	248	11
21	248	21
22	248	31
23	248	0
0	249	0
1	249	0
2	249	0
3	249	0
4	249	0
5	249	0
6	249	0
7	249	0
8	249	0
9	249	0
10	249	201
11	249	0
12	249	137
13	249	0
14	249	0
15	249	0
16	249	0
17	249	0
18	249	0
19	249	0
20	249	0
21	249	0
22	249	0
23	249	0
0	250	0
1	250	0
2	250	0
3	250	0
4	250	0
5	250	0
6	250	0
7	250	27
8	250	51
9	250	0
10	250	51
11	250	51
12	250	0
13	250	27
14	250	72
15	250	27
16	250	0
17	250	108
18	250	0
19	250	51
20	250	72
21	250	0
22	250	27
23	250	0
0	251	0
1	251	0
2	251	0
3	251	0
4	251	0
5	251	0
6	251	47
7	251	0
8	251	85
9	251	0
10	251	0
11	251	47
12	251	85
13	251	116
14	251	0
15	251	0
16	251	47
17	251	0
18	251	0
19	251	0
20	251	0
21	251	0
22	251	0
23	251	0
0	252	6
1	252	3
2	252	6
3	252	4
4	252	3
5	252	8
6	252	14
7	252	13
8	252	23
9	252	15
10	252	28
11	252	25
12	252	23
13	252	19
14	252	29
15	252	26
16	252	29
17	252	33
18	252	34
19	252	33
20	252	34
21	252	32
22	252	19
23	252	10
0	253	0
1	253	0
2	253	0
3	253	0
4	253	0
5	253	0
6	253	25
7	253	0
8	253	25
9	253	68
10	253	0
11	253	25
12	253	25
13	253	68
14	253	0
15	253	25
16	253	0
17	253	25
18	253	68
19	253	68
20	253	68
21	253	0
22	253	48
23	253	0
0	254	12
1	254	22
2	254	0
3	254	0
4	254	0
5	254	0
6	254	12
7	254	0
8	254	12
9	254	12
10	254	22
11	254	22
12	254	42
13	254	0
14	254	77
15	254	12
16	254	22
17	254	22
18	254	12
19	254	12
20	254	60
21	254	12
22	254	0
23	254	0
0	255	0
1	255	0
2	255	0
3	255	0
4	255	0
5	255	0
6	255	0
7	255	68
8	255	0
9	255	0
10	255	0
11	255	68
12	255	0
13	255	95
14	255	0
15	255	0
16	255	68
17	255	37
18	255	37
19	255	37
20	255	95
21	255	37
22	255	0
23	255	0
0	256	4
1	256	0
2	256	2
3	256	0
4	256	6
5	256	10
6	256	18
7	256	30
8	256	25
9	256	17
10	256	25
11	256	25
12	256	27
13	256	18
14	256	25
15	256	13
16	256	36
17	256	38
18	256	52
19	256	49
20	256	23
21	256	35
22	256	17
23	256	10
0	257	12
1	257	0
2	257	0
3	257	0
4	257	0
5	257	6
6	257	27
7	257	22
8	257	6
9	257	27
10	257	6
11	257	22
12	257	17
13	257	6
14	257	12
15	257	17
16	257	12
17	257	37
18	257	32
19	257	32
20	257	81
21	257	27
22	257	22
23	257	22
0	258	0
1	258	0
2	258	0
3	258	0
4	258	0
5	258	21
6	258	34
7	258	27
8	258	51
9	258	40
10	258	62
11	258	51
12	258	21
13	258	7
14	258	7
15	258	0
16	258	21
17	258	0
18	258	21
19	258	7
20	258	0
21	258	0
22	258	0
23	258	0
0	259	7
1	259	7
2	259	0
3	259	7
4	259	7
5	259	0
6	259	20
7	259	55
8	259	14
9	259	20
10	259	20
11	259	44
12	259	32
13	259	26
14	259	38
15	259	49
16	259	20
17	259	32
18	259	32
19	259	26
20	259	20
21	259	20
22	259	44
23	259	14
0	260	0
1	260	0
2	260	0
3	260	0
4	260	0
5	260	86
6	260	0
7	260	0
8	260	17
9	260	0
10	260	17
11	260	0
12	260	17
13	260	0
14	260	61
15	260	17
16	260	17
17	260	17
18	260	17
19	260	0
20	260	33
21	260	61
22	260	17
23	260	0
0	261	4
1	261	3
2	261	2
3	261	4
4	261	7
5	261	12
6	261	18
7	261	24
8	261	26
9	261	29
10	261	27
11	261	27
12	261	26
13	261	26
14	261	24
15	261	23
16	261	27
17	261	32
18	261	33
19	261	34
20	261	31
21	261	25
22	261	16
23	261	9
0	262	8
1	262	0
2	262	0
3	262	0
4	262	0
5	262	15
6	262	36
7	262	48
8	262	29
9	262	29
10	262	82
11	262	42
12	262	77
13	262	22
14	262	22
15	262	8
16	262	0
17	262	8
18	262	8
19	262	0
20	262	8
21	262	0
22	262	0
23	262	0
0	263	0
1	263	0
2	263	0
3	263	0
4	263	0
5	263	30
6	263	16
7	263	16
8	263	0
9	263	30
10	263	0
11	263	30
12	263	30
13	263	43
14	263	56
15	263	30
16	263	16
17	263	16
18	263	30
19	263	30
20	263	16
21	263	0
22	263	0
23	263	0
0	264	8
1	264	12
2	264	4
3	264	0
4	264	0
5	264	8
6	264	8
7	264	26
8	264	55
9	264	22
10	264	52
11	264	26
12	264	22
13	264	15
14	264	19
15	264	4
16	264	8
17	264	8
18	264	22
19	264	19
20	264	22
21	264	15
22	264	4
23	264	15
0	265	0
1	265	0
2	265	6
3	265	0
4	265	6
5	265	0
6	265	6
7	265	6
8	265	44
9	265	6
10	265	26
11	265	16
12	265	11
13	265	21
14	265	21
15	265	16
16	265	39
17	265	39
18	265	44
19	265	65
20	265	6
21	265	35
22	265	26
23	265	16
0	266	0
1	266	0
2	266	0
3	266	0
4	266	0
5	266	10
6	266	10
7	266	20
8	266	29
9	266	29
10	266	29
11	266	0
12	266	10
13	266	10
14	266	10
15	266	0
16	266	0
17	266	0
18	266	20
19	266	0
20	266	0
21	266	0
22	266	0
23	266	0
0	267	3
1	267	2
2	267	2
3	267	0
4	267	11
5	267	12
6	267	17
7	267	20
8	267	19
9	267	17
10	267	31
11	267	29
12	267	29
13	267	23
14	267	21
15	267	36
16	267	45
17	267	43
18	267	42
19	267	25
20	267	32
21	267	29
22	267	15
23	267	4
0	268	4
1	268	3
2	268	2
3	268	4
4	268	6
5	268	14
6	268	15
7	268	18
8	268	26
9	268	27
10	268	20
11	268	20
12	268	20
13	268	23
14	268	26
15	268	25
16	268	23
17	268	25
18	268	29
19	268	36
20	268	29
21	268	29
22	268	18
23	268	10
0	269	4
1	269	3
2	269	2
3	269	4
4	269	9
5	269	16
6	269	20
7	269	24
8	269	26
9	269	25
10	269	25
11	269	28
12	269	26
13	269	26
14	269	24
15	269	24
16	269	25
17	269	28
18	269	27
19	269	30
20	269	28
21	269	19
22	269	12
23	269	8
0	270	0
1	270	0
2	270	0
3	270	0
4	270	0
5	270	0
6	270	0
7	270	0
8	270	0
9	270	0
10	270	24
11	270	65
12	270	0
13	270	0
14	270	24
15	270	24
16	270	46
17	270	65
18	270	83
19	270	0
20	270	0
21	270	24
22	270	0
23	270	24
0	271	0
1	271	0
2	271	0
3	271	0
4	271	24
5	271	0
6	271	0
7	271	24
8	271	0
9	271	0
10	271	0
11	271	0
12	271	0
13	271	0
14	271	46
15	271	24
16	271	0
17	271	24
18	271	0
19	271	24
20	271	65
21	271	65
22	271	24
23	271	0
0	272	6
1	272	24
2	272	9
3	272	15
4	272	11
5	272	18
6	272	26
7	272	42
8	272	34
9	272	39
10	272	47
11	272	37
12	272	46
13	272	33
14	272	24
15	272	41
16	272	44
17	272	29
18	272	29
19	272	41
20	272	44
21	272	42
22	272	26
23	272	30
0	273	0
1	273	0
2	273	0
3	273	0
4	273	0
5	273	0
6	273	0
7	273	0
8	273	0
9	273	0
10	273	0
11	273	0
12	273	0
13	273	0
14	273	0
15	273	0
16	273	0
17	273	0
18	273	0
19	273	0
20	273	0
21	273	0
22	273	0
23	273	0
