Counts for Apple(2) in Turkey(46):
Hour	Location Index	Count
0	0	0
1	0	0
2	0	13
3	0	0
4	0	0
5	0	7
6	0	0
7	0	30
8	0	7
9	0	13
10	0	19
11	0	7
12	0	7
13	0	41
14	0	19
15	0	7
16	0	19
17	0	19
18	0	25
19	0	36
20	0	36
21	0	19
22	0	13
23	0	0
0	1	4
1	1	3
2	1	2
3	1	6
4	1	10
5	1	24
6	1	32
7	1	32
8	1	32
9	1	31
10	1	31
11	1	33
12	1	33
13	1	36
14	1	33
15	1	31
16	1	31
17	1	28
18	1	34
19	1	31
20	1	28
21	1	24
22	1	12
23	1	5
0	2	0
1	2	0
2	2	0
3	2	0
4	2	0
5	2	20
6	2	0
7	2	20
8	2	0
9	2	0
10	2	20
11	2	0
12	2	38
13	2	0
14	2	0
15	2	20
16	2	38
17	2	0
18	2	70
19	2	97
20	2	20
21	2	0
22	2	0
23	2	0
0	3	2
1	3	2
2	3	0
3	3	0
4	3	5
5	3	6
6	3	5
7	3	11
8	3	12
9	3	13
10	3	8
11	3	13
12	3	5
13	3	11
14	3	9
15	3	18
16	3	9
17	3	23
18	3	16
19	3	5
20	3	12
21	3	13
22	3	9
23	3	8
0	4	0
1	4	0
2	4	0
3	4	0
4	4	17
5	4	9
6	4	0
7	4	25
8	4	9
9	4	0
10	4	9
11	4	0
12	4	25
13	4	0
14	4	25
15	4	17
16	4	41
17	4	48
18	4	48
19	4	48
20	4	92
21	4	41
22	4	17
23	4	0
0	5	0
1	5	0
2	5	0
3	5	0
4	5	0
5	5	0
6	5	0
7	5	0
8	5	0
9	5	0
10	5	0
11	5	61
12	5	0
13	5	0
14	5	0
15	5	61
16	5	0
17	5	0
18	5	61
19	5	0
20	5	0
21	5	142
22	5	0
23	5	0
0	6	0
1	6	20
2	6	0
3	6	0
4	6	0
5	6	0
6	6	20
7	6	20
8	6	0
9	6	0
10	6	55
11	6	39
12	6	0
13	6	20
14	6	0
15	6	20
16	6	0
17	6	20
18	6	39
19	6	0
20	6	20
21	6	20
22	6	0
23	6	0
0	7	0
1	7	0
2	7	29
3	7	0
4	7	0
5	7	0
6	7	29
7	7	29
8	7	0
9	7	0
10	7	0
11	7	96
12	7	77
13	7	0
14	7	0
15	7	0
16	7	0
17	7	29
18	7	54
19	7	29
20	7	0
21	7	29
22	7	0
23	7	0
0	8	0
1	8	0
2	8	0
3	8	0
4	8	0
5	8	0
6	8	14
7	8	0
8	8	14
9	8	28
10	8	0
11	8	28
12	8	52
13	8	0
14	8	0
15	8	14
16	8	0
17	8	14
18	8	0
19	8	14
20	8	52
21	8	14
22	8	14
23	8	0
0	9	10
1	9	5
2	9	2
3	9	10
4	9	7
5	9	13
6	9	7
7	9	16
8	9	23
9	9	20
10	9	22
11	9	25
12	9	18
13	9	14
14	9	16
15	9	11
16	9	18
17	9	24
18	9	31
19	9	41
20	9	30
21	9	35
22	9	15
23	9	9
0	10	8
1	10	0
2	10	0
3	10	0
4	10	0
5	10	0
6	10	0
7	10	0
8	10	8
9	10	0
10	10	30
11	10	43
12	10	16
13	10	23
14	10	8
15	10	8
16	10	16
17	10	16
18	10	0
19	10	8
20	10	16
21	10	30
22	10	0
23	10	0
0	11	0
1	11	0
2	11	0
3	11	0
4	11	0
5	11	43
6	11	43
7	11	16
8	11	30
9	11	0
10	11	0
11	11	16
12	11	0
13	11	30
14	11	16
15	11	0
16	11	0
17	11	30
18	11	0
19	11	0
20	11	0
21	11	0
22	11	16
23	11	0
0	12	0
1	12	0
2	12	9
3	12	0
4	12	0
5	12	0
6	12	22
7	12	5
8	12	14
9	12	5
10	12	18
11	12	38
12	12	14
13	12	14
14	12	5
15	12	9
16	12	18
17	12	14
18	12	22
19	12	14
20	12	14
21	12	26
22	12	0
23	12	5
0	13	31
1	13	0
2	13	0
3	13	0
4	13	0
5	13	31
6	13	31
7	13	0
8	13	58
9	13	0
10	13	0
11	13	0
12	13	58
13	13	58
14	13	0
15	13	0
16	13	31
17	13	0
18	13	0
19	13	0
20	13	0
21	13	0
22	13	137
23	13	31
0	14	4
1	14	3
2	14	2
3	14	3
4	14	5
5	14	8
6	14	12
7	14	17
8	14	17
9	14	18
10	14	17
11	14	18
12	14	19
13	14	16
14	14	18
15	14	16
16	14	19
17	14	21
18	14	24
19	14	25
20	14	24
21	14	20
22	14	14
23	14	7
0	15	1
1	15	1
2	15	2
3	15	2
4	15	3
5	15	8
6	15	9
7	15	12
8	15	12
9	15	11
10	15	14
11	15	8
12	15	10
13	15	14
14	15	9
15	15	9
16	15	14
17	15	14
18	15	17
19	15	18
20	15	15
21	15	8
22	15	7
23	15	4
0	16	0
1	16	0
2	16	0
3	16	0
4	16	0
5	16	0
6	16	43
7	16	23
8	16	23
9	16	23
10	16	43
11	16	78
12	16	0
13	16	0
14	16	0
15	16	0
16	16	23
17	16	78
18	16	23
19	16	61
20	16	0
21	16	23
22	16	0
23	16	23
0	17	0
1	17	0
2	17	0
3	17	0
4	17	23
5	17	23
6	17	23
7	17	23
8	17	23
9	17	44
10	17	0
11	17	63
12	17	0
13	17	23
14	17	0
15	17	0
16	17	23
17	17	0
18	17	0
19	17	0
20	17	63
21	17	23
22	17	23
23	17	0
0	18	0
1	18	0
2	18	0
3	18	2
4	18	4
5	18	7
6	18	9
7	18	12
8	18	14
9	18	22
10	18	16
11	18	12
12	18	12
13	18	11
14	18	9
15	18	15
16	18	13
17	18	15
18	18	13
19	18	22
20	18	19
21	18	14
22	18	11
23	18	3
0	19	3
1	19	2
2	19	1
3	19	2
4	19	4
5	19	8
6	19	11
7	19	14
8	19	17
9	19	19
10	19	21
11	19	19
12	19	17
13	19	18
14	19	15
15	19	16
16	19	17
17	19	18
18	19	20
19	19	17
20	19	16
21	19	13
22	19	8
23	19	6
0	20	23
1	20	10
2	20	0
3	20	10
4	20	0
5	20	5
6	20	43
7	20	43
8	20	31
9	20	19
10	20	19
11	20	23
12	20	10
13	20	5
14	20	35
15	20	23
16	20	14
17	20	19
18	20	19
19	20	58
20	20	35
21	20	19
22	20	19
23	20	14
0	21	4
1	21	2
2	21	2
3	21	4
4	21	3
5	21	7
6	21	8
7	21	11
8	21	12
9	21	14
10	21	13
11	21	12
12	21	14
13	21	15
14	21	12
15	21	14
16	21	11
17	21	22
18	21	21
19	21	22
20	21	17
21	21	17
22	21	10
23	21	6
0	22	5
1	22	1
2	22	1
3	22	0
4	22	3
5	22	6
6	22	5
7	22	7
8	22	11
9	22	12
10	22	11
11	22	12
12	22	14
13	22	10
14	22	13
15	22	17
16	22	15
17	22	17
18	22	19
19	22	23
20	22	23
21	22	19
22	22	8
23	22	10
0	23	5
1	23	4
2	23	4
3	23	3
4	23	9
5	23	13
6	23	14
7	23	14
8	23	16
9	23	21
10	23	16
11	23	17
12	23	18
13	23	16
14	23	13
15	23	18
16	23	20
17	23	27
18	23	22
19	23	21
20	23	22
21	23	18
22	23	13
23	23	7
0	24	0
1	24	10
2	24	0
3	24	0
4	24	10
5	24	27
6	24	58
7	24	35
8	24	79
9	24	103
10	24	19
11	24	43
12	24	19
13	24	27
14	24	51
15	24	35
16	24	27
17	24	27
18	24	58
19	24	66
20	24	19
21	24	27
22	24	10
23	24	19
0	25	4
1	25	0
2	25	0
3	25	0
4	25	11
5	25	25
6	25	42
7	25	29
8	25	22
9	25	54
10	25	38
11	25	19
12	25	48
13	25	45
14	25	25
15	25	38
16	25	25
17	25	38
18	25	38
19	25	29
20	25	22
21	25	25
22	25	0
23	25	8
0	26	0
1	26	0
2	26	0
3	26	0
4	26	0
5	26	15
6	26	55
7	26	77
8	26	42
9	26	42
10	26	66
11	26	66
12	26	15
13	26	0
14	26	0
15	26	29
16	26	0
17	26	0
18	26	0
19	26	0
20	26	0
21	26	0
22	26	0
23	26	15
0	27	0
1	27	0
2	27	0
3	27	0
4	27	0
5	27	10
6	27	10
7	27	4
8	27	10
9	27	13
10	27	13
11	27	7
12	27	7
13	27	16
14	27	7
15	27	10
16	27	16
17	27	28
18	27	16
19	27	25
20	27	25
21	27	19
22	27	0
23	27	7
0	28	3
1	28	3
2	28	1
3	28	2
4	28	2
5	28	2
6	28	7
7	28	13
8	28	15
9	28	15
10	28	25
11	28	18
12	28	19
13	28	16
14	28	14
15	28	20
16	28	14
17	28	17
18	28	23
19	28	25
20	28	21
21	28	22
22	28	14
23	28	9
0	29	53
1	29	0
2	29	0
3	29	0
4	29	0
5	29	0
6	29	0
7	29	0
8	29	0
9	29	0
10	29	0
11	29	0
12	29	0
13	29	0
14	29	0
15	29	0
16	29	28
17	29	0
18	29	0
19	29	0
20	29	53
21	29	0
22	29	53
23	29	0
0	30	0
1	30	0
2	30	0
3	30	0
4	30	0
5	30	95
6	30	95
7	30	0
8	30	0
9	30	154
10	30	95
11	30	154
12	30	0
13	30	0
14	30	95
15	30	0
16	30	0
17	30	0
18	30	0
19	30	0
20	30	0
21	30	0
22	30	0
23	30	0
0	31	0
1	31	0
2	31	0
3	31	0
4	31	0
5	31	0
6	31	0
7	31	0
8	31	0
9	31	0
10	31	0
11	31	0
12	31	0
13	31	0
14	31	0
15	31	0
16	31	0
17	31	0
18	31	0
19	31	0
20	31	0
21	31	0
22	31	0
23	31	0
0	32	3
1	32	0
2	32	0
3	32	3
4	32	9
5	32	12
6	32	9
7	32	12
8	32	12
9	32	12
10	32	9
11	32	22
12	32	9
13	32	6
14	32	12
15	32	14
16	32	27
17	32	27
18	32	30
19	32	32
20	32	42
21	32	17
22	32	20
23	32	6
0	33	0
1	33	0
2	33	0
3	33	0
4	33	0
5	33	0
6	33	0
7	33	0
8	33	145
9	33	145
10	33	88
11	33	0
12	33	145
13	33	88
14	33	0
15	33	0
16	33	0
17	33	0
18	33	0
19	33	0
20	33	0
21	33	0
22	33	0
23	33	0
0	34	0
1	34	15
2	34	0
3	34	0
4	34	0
5	34	0
6	34	0
7	34	0
8	34	15
9	34	15
10	34	0
11	34	15
12	34	15
13	34	15
14	34	0
15	34	15
16	34	15
17	34	55
18	34	66
19	34	42
20	34	0
21	34	15
22	34	0
23	34	15
0	35	0
1	35	0
2	35	0
3	35	0
4	35	0
5	35	45
6	35	45
7	35	24
8	35	45
9	35	0
10	35	0
11	35	24
12	35	24
13	35	0
14	35	0
15	35	45
16	35	24
17	35	24
18	35	45
19	35	0
20	35	98
21	35	24
22	35	0
23	35	0
0	36	0
1	36	0
2	36	58
3	36	0
4	36	0
5	36	0
6	36	0
7	36	0
8	36	0
9	36	0
10	36	58
11	36	0
12	36	0
13	36	0
14	36	103
15	36	0
16	36	0
17	36	0
18	36	0
19	36	103
20	36	0
21	36	0
22	36	0
23	36	0
0	37	0
1	37	0
2	37	0
3	37	0
4	37	42
5	37	0
6	37	0
7	37	42
8	37	42
9	37	0
10	37	0
11	37	42
12	37	77
13	37	0
14	37	42
15	37	42
16	37	0
17	37	0
18	37	42
19	37	0
20	37	42
21	37	0
22	37	0
23	37	0
0	38	7
1	38	5
2	38	7
3	38	5
4	38	9
5	38	18
6	38	14
7	38	21
8	38	29
9	38	19
10	38	22
11	38	24
12	38	27
13	38	21
14	38	29
15	38	35
16	38	42
17	38	51
18	38	50
19	38	60
20	38	43
21	38	32
22	38	27
23	38	7
0	39	0
1	39	0
2	39	15
3	39	8
4	39	8
5	39	53
6	39	8
7	39	22
8	39	28
9	39	41
10	39	47
11	39	35
12	39	22
13	39	41
14	39	41
15	39	41
16	39	22
17	39	75
18	39	65
19	39	65
20	39	53
21	39	35
22	39	15
23	39	22
0	40	0
1	40	6
2	40	0
3	40	6
4	40	0
5	40	16
6	40	31
7	40	44
8	40	11
9	40	6
10	40	6
11	40	11
12	40	11
13	40	21
14	40	26
15	40	26
16	40	16
17	40	16
18	40	16
19	40	44
20	40	35
21	40	26
22	40	16
23	40	0
0	41	0
1	41	0
2	41	0
3	41	0
4	41	0
5	41	0
6	41	0
7	41	0
8	41	0
9	41	88
10	41	0
11	41	0
12	41	21
13	41	73
14	41	40
15	41	0
16	41	0
17	41	0
18	41	21
19	41	21
20	41	0
21	41	21
22	41	0
23	41	0
0	42	0
1	42	0
2	42	0
3	42	0
4	42	0
5	42	0
6	42	0
7	42	58
8	42	0
9	42	0
10	42	0
11	42	0
12	42	0
13	42	0
14	42	0
15	42	58
16	42	0
17	42	103
18	42	103
19	42	0
20	42	0
21	42	0
22	42	0
23	42	0
0	43	0
1	43	0
2	43	0
3	43	0
4	43	0
5	43	0
6	43	0
7	43	0
8	43	0
9	43	0
10	43	0
11	43	0
12	43	0
13	43	35
14	43	35
15	43	0
16	43	0
17	43	0
18	43	35
19	43	35
20	43	0
21	43	0
22	43	0
23	43	0
0	44	0
1	44	0
2	44	0
3	44	0
4	44	0
5	44	0
6	44	98
7	44	55
8	44	0
9	44	0
10	44	0
11	44	0
12	44	55
13	44	0
14	44	0
15	44	0
16	44	0
17	44	0
18	44	0
19	44	0
20	44	98
21	44	0
22	44	0
23	44	0
0	45	6
1	45	0
2	45	0
3	45	0
4	45	0
5	45	0
6	45	10
7	45	6
8	45	10
9	45	25
10	45	10
11	45	6
12	45	0
13	45	20
14	45	0
15	45	10
16	45	0
17	45	15
18	45	10
19	45	42
20	45	25
21	45	15
22	45	0
23	45	6
0	46	0
1	46	0
2	46	3
3	46	0
4	46	5
5	46	5
6	46	5
7	46	12
8	46	20
9	46	14
10	46	7
11	46	18
12	46	0
13	46	14
14	46	16
15	46	23
16	46	18
17	46	27
18	46	18
19	46	5
20	46	10
21	46	0
22	46	12
23	46	3
0	47	0
1	47	0
2	47	0
3	47	12
4	47	22
5	47	106
6	47	52
7	47	42
8	47	12
9	47	0
10	47	0
11	47	77
12	47	22
13	47	12
14	47	12
15	47	22
16	47	22
17	47	22
18	47	22
19	47	52
20	47	0
21	47	0
22	47	0
23	47	0
0	48	0
1	48	0
2	48	5
3	48	0
4	48	9
5	48	24
6	48	21
7	48	13
8	48	17
9	48	36
10	48	13
11	48	36
12	48	21
13	48	9
14	48	17
15	48	32
16	48	9
17	48	36
18	48	24
19	48	21
20	48	9
21	48	24
22	48	13
23	48	5
0	49	21
1	49	11
2	49	0
3	49	6
4	49	6
5	49	16
6	49	6
7	49	21
8	49	45
9	49	58
10	49	49
11	49	45
12	49	49
13	49	36
14	49	36
15	49	36
16	49	66
17	49	45
18	49	36
19	49	21
20	49	31
21	49	11
22	49	21
23	49	0
0	50	5
1	50	13
2	50	5
3	50	0
4	50	0
5	50	17
6	50	5
7	50	13
8	50	29
9	50	13
10	50	29
11	50	25
12	50	17
13	50	33
14	50	13
15	50	29
16	50	17
17	50	25
18	50	54
19	50	44
20	50	44
21	50	29
22	50	5
23	50	0
0	51	0
1	51	0
2	51	0
3	51	0
4	51	10
5	51	0
6	51	46
7	51	20
8	51	20
9	51	20
10	51	0
11	51	29
12	51	29
13	51	10
14	51	10
15	51	0
16	51	10
17	51	37
18	51	20
19	51	29
20	51	20
21	51	20
22	51	20
23	51	0
0	52	0
1	52	0
2	52	0
3	52	0
4	52	0
5	52	0
6	52	0
7	52	0
8	52	0
9	52	0
10	52	23
11	52	0
12	52	0
13	52	23
14	52	0
15	52	0
16	52	0
17	52	44
18	52	63
19	52	44
20	52	0
21	52	0
22	52	0
23	52	23
0	53	0
1	53	0
2	53	0
3	53	0
4	53	5
5	53	5
6	53	18
7	53	61
8	53	42
9	53	38
10	53	50
11	53	42
12	53	26
13	53	35
14	53	26
15	53	18
16	53	0
17	53	5
18	53	22
19	53	9
20	53	5
21	53	0
22	53	5
23	53	5
0	54	0
1	54	6
2	54	11
3	54	0
4	54	0
5	54	16
6	54	26
7	54	16
8	54	0
9	54	16
10	54	21
11	54	35
12	54	16
13	54	26
14	54	35
15	54	35
16	54	35
17	54	30
18	54	40
19	54	26
20	54	30
21	54	26
22	54	26
23	54	6
0	55	0
1	55	0
2	55	0
3	55	0
4	55	0
5	55	0
6	55	215
7	55	0
8	55	154
9	55	0
10	55	0
11	55	154
12	55	0
13	55	0
14	55	0
15	55	0
16	55	0
17	55	0
18	55	0
19	55	0
20	55	0
21	55	0
22	55	0
23	55	0
0	56	0
1	56	0
2	56	0
3	56	0
4	56	0
5	56	15
6	56	8
7	56	22
8	56	15
9	56	29
10	56	48
11	56	35
12	56	15
13	56	8
14	56	15
15	56	22
16	56	0
17	56	29
18	56	22
19	56	29
20	56	15
21	56	8
22	56	0
23	56	8
0	57	7
1	57	13
2	57	7
3	57	7
4	57	7
5	57	18
6	57	13
7	57	24
8	57	7
9	57	18
10	57	65
11	57	30
12	57	46
13	57	35
14	57	7
15	57	35
16	57	40
17	57	40
18	57	18
19	57	60
20	57	24
21	57	60
22	57	24
23	57	7
0	58	2
1	58	2
2	58	1
3	58	4
4	58	5
5	58	6
6	58	4
7	58	8
8	58	10
9	58	15
10	58	14
11	58	14
12	58	9
13	58	12
14	58	14
15	58	12
16	58	14
17	58	22
18	58	14
19	58	16
20	58	10
21	58	16
22	58	6
23	58	3
0	59	0
1	59	0
2	59	0
3	59	0
4	59	12
5	59	32
6	59	42
7	59	42
8	59	32
9	59	60
10	59	12
11	59	42
12	59	51
13	59	12
14	59	32
15	59	12
16	59	12
17	59	12
18	59	22
19	59	22
20	59	0
21	59	12
22	59	0
23	59	12
0	60	0
1	60	0
2	60	0
3	60	0
4	60	0
5	60	0
6	60	0
7	60	0
8	60	0
9	60	0
10	60	0
11	60	0
12	60	0
13	60	0
14	60	0
15	60	0
16	60	0
17	60	0
18	60	0
19	60	0
20	60	0
21	60	0
22	60	0
23	60	0
0	61	23
1	61	0
2	61	0
3	61	0
4	61	0
5	61	12
6	61	0
7	61	12
8	61	12
9	61	12
10	61	12
11	61	23
12	61	54
13	61	23
14	61	34
15	61	12
16	61	0
17	61	23
18	61	12
19	61	12
20	61	12
21	61	12
22	61	12
23	61	0
0	62	4
1	62	2
2	62	0
3	62	2
4	62	10
5	62	4
6	62	10
7	62	18
8	62	30
9	62	27
10	62	28
11	62	11
12	62	20
13	62	13
14	62	16
15	62	6
16	62	27
17	62	25
18	62	36
19	62	30
20	62	31
21	62	18
22	62	13
23	62	20
0	63	6
1	63	5
2	63	6
3	63	7
4	63	12
5	63	17
6	63	31
7	63	32
8	63	36
9	63	38
10	63	36
11	63	40
12	63	38
13	63	31
14	63	30
15	63	32
16	63	25
17	63	34
18	63	37
19	63	29
20	63	33
21	63	20
22	63	19
23	63	11
0	64	2
1	64	0
2	64	0
3	64	2
4	64	2
5	64	2
6	64	5
7	64	7
8	64	7
9	64	13
10	64	11
11	64	18
12	64	8
13	64	4
14	64	7
15	64	8
16	64	10
17	64	11
18	64	11
19	64	8
20	64	13
21	64	11
22	64	7
23	64	7
0	65	0
1	65	0
2	65	0
3	65	0
4	65	22
5	65	11
6	65	0
7	65	0
8	65	0
9	65	11
10	65	32
11	65	0
12	65	0
13	65	0
14	65	11
15	65	84
16	65	11
17	65	42
18	65	11
19	65	22
20	65	42
21	65	84
22	65	11
23	65	22
0	66	88
1	66	0
2	66	0
3	66	0
4	66	0
5	66	88
6	66	0
7	66	0
8	66	88
9	66	0
10	66	88
11	66	145
12	66	0
13	66	0
14	66	0
15	66	0
16	66	88
17	66	0
18	66	88
19	66	0
20	66	88
21	66	0
22	66	88
23	66	0
0	67	9
1	67	4
2	67	7
3	67	3
4	67	6
5	67	10
6	67	16
7	67	15
8	67	22
9	67	22
10	67	32
11	67	26
12	67	26
13	67	22
14	67	25
15	67	26
16	67	27
17	67	39
18	67	32
19	67	35
20	67	38
21	67	34
22	67	23
23	67	13
0	68	0
1	68	0
2	68	0
3	68	0
4	68	0
5	68	0
6	68	0
7	68	77
8	68	77
9	68	77
10	68	0
11	68	0
12	68	0
13	68	0
14	68	0
15	68	77
16	68	0
17	68	0
18	68	0
19	68	0
20	68	0
21	68	0
22	68	0
23	68	0
0	69	3
1	69	3
2	69	3
3	69	4
4	69	3
5	69	6
6	69	9
7	69	14
8	69	16
9	69	9
10	69	11
11	69	13
12	69	19
13	69	14
14	69	14
15	69	14
16	69	13
17	69	11
18	69	22
19	69	25
20	69	19
21	69	13
22	69	18
23	69	9
0	70	3
1	70	3
2	70	1
3	70	2
4	70	4
5	70	5
6	70	5
7	70	11
8	70	13
9	70	14
10	70	12
11	70	13
12	70	14
13	70	12
14	70	14
15	70	16
16	70	13
17	70	21
18	70	16
19	70	15
20	70	17
21	70	16
22	70	8
23	70	6
0	71	0
1	71	0
2	71	0
3	71	0
4	71	0
5	71	0
6	71	0
7	71	51
8	71	0
9	71	0
10	71	51
11	71	0
12	71	0
13	71	0
14	71	0
15	71	0
16	71	0
17	71	0
18	71	0
19	71	0
20	71	0
21	71	0
22	71	0
23	71	0
0	72	0
1	72	0
2	72	0
3	72	0
4	72	10
5	72	0
6	72	10
7	72	18
8	72	10
9	72	0
10	72	18
11	72	27
12	72	18
13	72	0
14	72	10
15	72	18
16	72	0
17	72	0
18	72	18
19	72	0
20	72	0
21	72	0
22	72	0
23	72	0
0	73	7
1	73	4
2	73	0
3	73	0
4	73	0
5	73	4
6	73	7
7	73	4
8	73	10
9	73	19
10	73	16
11	73	13
12	73	28
13	73	13
14	73	16
15	73	10
16	73	7
17	73	19
18	73	13
19	73	22
20	73	13
21	73	16
22	73	16
23	73	7
0	74	0
1	74	0
2	74	0
3	74	0
4	74	0
5	74	0
6	74	0
7	74	0
8	74	230
9	74	0
10	74	0
11	74	0
12	74	137
13	74	0
14	74	0
15	74	0
16	74	0
17	74	137
18	74	0
19	74	0
20	74	0
21	74	0
22	74	0
23	74	0
0	75	0
1	75	0
2	75	0
3	75	0
4	75	0
5	75	0
6	75	0
7	75	31
8	75	16
9	75	31
10	75	16
11	75	0
12	75	16
13	75	0
14	75	0
15	75	0
16	75	0
17	75	0
18	75	0
19	75	0
20	75	0
21	75	0
22	75	0
23	75	16
0	76	0
1	76	0
2	76	0
3	76	0
4	76	0
5	76	0
6	76	0
7	76	0
8	76	0
9	76	0
10	76	28
11	76	0
12	76	28
13	76	0
14	76	0
15	76	0
16	76	0
17	76	28
18	76	28
19	76	0
20	76	0
21	76	28
22	76	0
23	76	0
0	77	4
1	77	2
2	77	2
3	77	3
4	77	5
5	77	9
6	77	13
7	77	16
8	77	19
9	77	20
10	77	19
11	77	19
12	77	19
13	77	17
14	77	17
15	77	17
16	77	18
17	77	20
18	77	23
19	77	23
20	77	22
21	77	18
22	77	12
23	77	6
0	78	3
1	78	3
2	78	1
3	78	2
4	78	2
5	78	5
6	78	15
7	78	16
8	78	30
9	78	23
10	78	19
11	78	23
12	78	17
13	78	11
14	78	17
15	78	16
16	78	24
17	78	34
18	78	17
19	78	26
20	78	29
21	78	22
22	78	20
23	78	11
0	79	0
1	79	0
2	79	0
3	79	39
4	79	0
5	79	0
6	79	0
7	79	0
8	79	0
9	79	72
10	79	0
11	79	0
12	79	39
13	79	39
14	79	0
15	79	0
16	79	0
17	79	39
18	79	39
19	79	39
20	79	72
21	79	39
22	79	0
23	79	39
0	80	4
1	80	0
2	80	6
3	80	2
4	80	25
5	80	25
6	80	12
7	80	16
8	80	8
9	80	8
10	80	16
11	80	14
12	80	22
13	80	27
14	80	18
15	80	22
16	80	27
17	80	34
18	80	38
19	80	43
20	80	38
21	80	20
22	80	10
23	80	4
0	81	23
1	81	0
2	81	0
3	81	23
4	81	0
5	81	0
6	81	23
7	81	0
8	81	0
9	81	0
10	81	0
11	81	0
12	81	23
13	81	0
14	81	0
15	81	43
16	81	0
17	81	43
18	81	0
19	81	43
20	81	23
21	81	23
22	81	0
23	81	0
0	82	0
1	82	0
2	82	0
3	82	0
4	82	0
5	82	0
6	82	0
7	82	0
8	82	0
9	82	0
10	82	0
11	82	0
12	82	39
13	82	0
14	82	39
15	82	0
16	82	39
17	82	0
18	82	0
19	82	123
20	82	0
21	82	0
22	82	0
23	82	0
0	83	0
1	83	8
2	83	8
3	83	0
4	83	0
5	83	15
6	83	8
7	83	0
8	83	22
9	83	8
10	83	15
11	83	29
12	83	54
13	83	29
14	83	15
15	83	0
16	83	8
17	83	0
18	83	0
19	83	8
20	83	0
21	83	0
22	83	0
23	83	0
0	84	30
1	84	0
2	84	8
3	84	23
4	84	23
5	84	30
6	84	30
7	84	94
8	84	37
9	84	43
10	84	43
11	84	23
12	84	84
13	84	30
14	84	30
15	84	56
16	84	43
17	84	30
18	84	16
19	84	16
20	84	16
21	84	16
22	84	8
23	84	16
0	85	0
1	85	0
2	85	0
3	85	0
4	85	0
5	85	0
6	85	0
7	85	0
8	85	9
9	85	17
10	85	54
11	85	0
12	85	9
13	85	9
14	85	17
15	85	0
16	85	17
17	85	40
18	85	25
19	85	17
20	85	17
21	85	25
22	85	9
23	85	0
0	86	0
1	86	1
2	86	1
3	86	1
4	86	3
5	86	4
6	86	4
7	86	11
8	86	8
9	86	14
10	86	13
11	86	16
12	86	17
13	86	14
14	86	5
15	86	9
16	86	16
17	86	12
18	86	13
19	86	18
20	86	19
21	86	13
22	86	7
23	86	4
0	87	0
1	87	0
2	87	0
3	87	0
4	87	0
5	87	0
6	87	0
7	87	0
8	87	0
9	87	0
10	87	0
11	87	0
12	87	0
13	87	0
14	87	0
15	87	0
16	87	0
17	87	0
18	87	0
19	87	0
20	87	0
21	87	0
22	87	0
23	87	0
0	88	0
1	88	0
2	88	0
3	88	0
4	88	0
5	88	0
6	88	0
7	88	0
8	88	0
9	88	0
10	88	0
11	88	0
12	88	0
13	88	63
14	88	0
15	88	34
16	88	0
17	88	34
18	88	34
19	88	34
20	88	0
21	88	34
22	88	0
23	88	0
0	89	0
1	89	0
2	89	75
3	89	28
4	89	0
5	89	0
6	89	0
7	89	28
8	89	0
9	89	0
10	89	0
11	89	53
12	89	0
13	89	0
14	89	0
15	89	0
16	89	0
17	89	28
18	89	0
19	89	0
20	89	0
21	89	28
22	89	0
23	89	28
0	90	3
1	90	2
2	90	1
3	90	3
4	90	7
5	90	8
6	90	13
7	90	13
8	90	17
9	90	17
10	90	12
11	90	14
12	90	14
13	90	19
14	90	16
15	90	16
16	90	17
17	90	23
18	90	22
19	90	23
20	90	21
21	90	18
22	90	14
23	90	5
0	91	72
1	91	0
2	91	0
3	91	0
4	91	0
5	91	0
6	91	0
7	91	0
8	91	0
9	91	72
10	91	0
11	91	0
12	91	72
13	91	0
14	91	0
15	91	0
16	91	0
17	91	123
18	91	0
19	91	72
20	91	0
21	91	0
22	91	72
23	91	0
0	92	15
1	92	3
2	92	0
3	92	3
4	92	6
5	92	18
6	92	31
7	92	28
8	92	41
9	92	20
10	92	20
11	92	26
12	92	41
13	92	31
14	92	12
15	92	26
16	92	28
17	92	46
18	92	20
19	92	38
20	92	36
21	92	9
22	92	15
23	92	6
0	93	8
1	93	8
2	93	5
3	93	3
4	93	17
5	93	8
6	93	17
7	93	28
8	93	30
9	93	34
10	93	36
11	93	26
12	93	34
13	93	21
14	93	40
15	93	5
16	93	23
17	93	42
18	93	19
19	93	17
20	93	30
21	93	17
22	93	17
23	93	12
0	94	36
1	94	0
2	94	0
3	94	0
4	94	0
5	94	0
6	94	0
7	94	0
8	94	0
9	94	0
10	94	0
11	94	36
12	94	0
13	94	0
14	94	0
15	94	36
16	94	36
17	94	0
18	94	36
19	94	0
20	94	0
21	94	0
22	94	0
23	94	36
0	95	3
1	95	6
2	95	2
3	95	2
4	95	3
5	95	6
6	95	11
7	95	6
8	95	8
9	95	12
10	95	15
11	95	17
12	95	8
13	95	8
14	95	20
15	95	13
16	95	20
17	95	21
18	95	16
19	95	21
20	95	16
21	95	12
22	95	18
23	95	11
0	96	0
1	96	0
2	96	0
3	96	0
4	96	0
5	96	0
6	96	0
7	96	16
8	96	0
9	96	0
10	96	0
11	96	0
12	96	16
13	96	0
14	96	0
15	96	16
16	96	44
17	96	30
18	96	0
19	96	0
20	96	0
21	96	30
22	96	0
23	96	16
0	97	5
1	97	2
2	97	3
3	97	3
4	97	4
5	97	8
6	97	11
7	97	12
8	97	14
9	97	11
10	97	19
11	97	16
12	97	16
13	97	12
14	97	16
15	97	17
16	97	15
17	97	19
18	97	20
19	97	19
20	97	21
21	97	19
22	97	11
23	97	5
0	98	0
1	98	0
2	98	0
3	98	19
4	98	0
5	98	0
6	98	0
7	98	0
8	98	0
9	98	0
10	98	19
11	98	0
12	98	0
13	98	19
14	98	0
15	98	37
16	98	19
17	98	19
18	98	53
19	98	0
20	98	0
21	98	68
22	98	0
23	98	37
0	99	0
1	99	0
2	99	0
3	99	0
4	99	0
5	99	0
6	99	0
7	99	0
8	99	0
9	99	36
10	99	36
11	99	66
12	99	0
13	99	0
14	99	0
15	99	0
16	99	36
17	99	0
18	99	66
19	99	0
20	99	36
21	99	0
22	99	0
23	99	0
0	100	1
1	100	3
2	100	2
3	100	1
4	100	3
5	100	12
6	100	19
7	100	13
8	100	23
9	100	20
10	100	24
11	100	23
12	100	19
13	100	31
14	100	27
15	100	20
16	100	17
17	100	19
18	100	12
19	100	13
20	100	7
21	100	7
22	100	13
23	100	5
0	101	9
1	101	5
2	101	3
3	101	2
4	101	1
5	101	7
6	101	11
7	101	11
8	101	12
9	101	17
10	101	17
11	101	22
12	101	21
13	101	18
14	101	21
15	101	18
16	101	15
17	101	21
18	101	20
19	101	23
20	101	16
21	101	14
22	101	16
23	101	6
0	102	0
1	102	0
2	102	0
3	102	0
4	102	0
5	102	0
6	102	0
7	102	0
8	102	0
9	102	0
10	102	0
11	102	0
12	102	0
13	102	0
14	102	0
15	102	0
16	102	0
17	102	0
18	102	0
19	102	0
20	102	0
21	102	0
22	102	0
23	102	0
0	103	21
1	103	0
2	103	0
3	103	0
4	103	0
5	103	21
6	103	0
7	103	21
8	103	39
9	103	21
10	103	0
11	103	39
12	103	56
13	103	56
14	103	56
15	103	0
16	103	0
17	103	39
18	103	0
19	103	39
20	103	21
21	103	21
22	103	39
23	103	0
0	104	33
1	104	0
2	104	0
3	104	0
4	104	0
5	104	0
6	104	0
7	104	0
8	104	0
9	104	0
10	104	0
11	104	0
12	104	33
13	104	0
14	104	0
15	104	33
16	104	0
17	104	0
18	104	61
19	104	33
20	104	0
21	104	33
22	104	0
23	104	0
0	105	0
1	105	0
2	105	0
3	105	0
4	105	0
5	105	0
6	105	0
7	105	17
8	105	0
9	105	0
10	105	0
11	105	0
12	105	17
13	105	0
14	105	0
15	105	0
16	105	0
17	105	32
18	105	32
19	105	32
20	105	17
21	105	17
22	105	17
23	105	0
0	106	0
1	106	39
2	106	0
3	106	0
4	106	0
5	106	0
6	106	0
7	106	0
8	106	39
9	106	0
10	106	0
11	106	0
12	106	72
13	106	0
14	106	0
15	106	0
16	106	0
17	106	0
18	106	39
19	106	0
20	106	0
21	106	0
22	106	0
23	106	39
0	107	4
1	107	2
2	107	2
3	107	3
4	107	8
5	107	11
6	107	13
7	107	16
8	107	16
9	107	18
10	107	19
11	107	21
12	107	19
13	107	18
14	107	14
15	107	17
16	107	20
17	107	22
18	107	22
19	107	26
20	107	22
21	107	15
22	107	10
23	107	4
0	108	0
1	108	31
2	108	0
3	108	0
4	108	0
5	108	0
6	108	0
7	108	0
8	108	31
9	108	0
10	108	0
11	108	0
12	108	58
13	108	0
14	108	0
15	108	0
16	108	31
17	108	31
18	108	121
19	108	0
20	108	31
21	108	31
22	108	0
23	108	31
0	109	5
1	109	4
2	109	2
3	109	2
4	109	3
5	109	7
6	109	10
7	109	13
8	109	14
9	109	14
10	109	14
11	109	14
12	109	22
13	109	21
14	109	16
15	109	18
16	109	19
17	109	19
18	109	22
19	109	24
20	109	25
21	109	21
22	109	17
23	109	6
0	110	4
1	110	4
2	110	1
3	110	2
4	110	4
5	110	7
6	110	10
7	110	13
8	110	14
9	110	15
10	110	19
11	110	14
12	110	13
13	110	15
14	110	15
15	110	21
16	110	18
17	110	18
18	110	23
19	110	27
20	110	28
21	110	20
22	110	10
23	110	7
0	111	0
1	111	0
2	111	0
3	111	0
4	111	25
5	111	0
6	111	0
7	111	0
8	111	0
9	111	0
10	111	0
11	111	0
12	111	0
13	111	0
14	111	0
15	111	0
16	111	25
17	111	0
18	111	0
19	111	25
20	111	0
21	111	0
22	111	0
23	111	0
0	112	0
1	112	0
2	112	0
3	112	0
4	112	0
5	112	0
6	112	34
7	112	53
8	112	23
9	112	71
10	112	44
11	112	34
12	112	23
13	112	63
14	112	34
15	112	0
16	112	23
17	112	12
18	112	0
19	112	12
20	112	12
21	112	12
22	112	12
23	112	0
0	113	0
1	113	0
2	113	0
3	113	0
4	113	0
5	113	0
6	113	112
7	113	35
8	113	35
9	113	0
10	113	35
11	113	0
12	113	0
13	113	0
14	113	0
15	113	0
16	113	35
17	113	0
18	113	0
19	113	0
20	113	35
21	113	35
22	113	0
23	113	0
0	114	5
1	114	4
2	114	0
3	114	0
4	114	4
5	114	9
6	114	9
7	114	11
8	114	19
9	114	14
10	114	19
11	114	11
12	114	12
13	114	12
14	114	12
15	114	15
16	114	17
17	114	11
18	114	18
19	114	18
20	114	17
21	114	14
22	114	6
23	114	4
0	115	64
1	115	0
2	115	0
3	115	0
4	115	0
5	115	0
6	115	0
7	115	0
8	115	35
9	115	0
10	115	35
11	115	0
12	115	0
13	115	0
14	115	0
15	115	35
16	115	0
17	115	0
18	115	0
19	115	64
20	115	0
21	115	0
22	115	0
23	115	0
0	116	0
1	116	0
2	116	0
3	116	0
4	116	0
5	116	0
6	116	0
7	116	0
8	116	0
9	116	0
10	116	0
11	116	0
12	116	0
13	116	0
14	116	0
15	116	0
16	116	45
17	116	0
18	116	0
19	116	0
20	116	0
21	116	0
22	116	0
23	116	0
0	117	0
1	117	0
2	117	0
3	117	0
4	117	0
5	117	0
6	117	0
7	117	19
8	117	67
9	117	52
10	117	67
11	117	0
12	117	67
13	117	19
14	117	19
15	117	52
16	117	52
17	117	0
18	117	0
19	117	19
20	117	19
21	117	0
22	117	0
23	117	19
0	118	0
1	118	0
2	118	0
3	118	0
4	118	0
5	118	0
6	118	0
7	118	112
8	118	112
9	118	0
10	118	112
11	118	0
12	118	112
13	118	0
14	118	0
15	118	0
16	118	0
17	118	0
18	118	0
19	118	0
20	118	0
21	118	0
22	118	0
23	118	0
0	119	8
1	119	2
2	119	4
3	119	3
4	119	4
5	119	6
6	119	8
7	119	16
8	119	19
9	119	19
10	119	17
11	119	19
12	119	19
13	119	16
14	119	25
15	119	15
16	119	15
17	119	23
18	119	23
19	119	33
20	119	20
21	119	30
22	119	16
23	119	11
0	120	0
1	120	0
2	120	0
3	120	0
4	120	0
5	120	0
6	120	19
7	120	19
8	120	0
9	120	37
10	120	68
11	120	53
12	120	19
13	120	53
14	120	68
15	120	53
16	120	19
17	120	37
18	120	19
19	120	19
20	120	0
21	120	0
22	120	0
23	120	0
0	121	4
1	121	4
2	121	1
3	121	3
4	121	3
5	121	5
6	121	7
7	121	11
8	121	8
9	121	17
10	121	12
11	121	10
12	121	17
13	121	17
14	121	13
15	121	10
16	121	11
17	121	18
18	121	20
19	121	19
20	121	19
21	121	20
22	121	9
23	121	4
0	122	5
1	122	5
2	122	0
3	122	9
4	122	0
5	122	5
6	122	17
7	122	17
8	122	17
9	122	17
10	122	17
11	122	0
12	122	13
13	122	9
14	122	5
15	122	29
16	122	33
17	122	9
18	122	37
19	122	41
20	122	17
21	122	21
22	122	17
23	122	9
0	123	0
1	123	0
2	123	0
3	123	0
4	123	0
5	123	0
6	123	0
7	123	88
8	123	88
9	123	0
10	123	0
11	123	0
12	123	0
13	123	0
14	123	0
15	123	0
16	123	0
17	123	49
18	123	0
19	123	88
20	123	0
21	123	0
22	123	0
23	123	0
0	124	7
1	124	4
2	124	4
3	124	6
4	124	7
5	124	12
6	124	16
7	124	9
8	124	13
9	124	13
10	124	10
11	124	16
12	124	10
13	124	14
14	124	16
15	124	14
16	124	19
17	124	23
18	124	15
19	124	23
20	124	33
21	124	24
22	124	8
23	124	4
0	125	0
1	125	0
2	125	0
3	125	0
4	125	0
5	125	0
6	125	0
7	125	63
8	125	34
9	125	0
10	125	0
11	125	0
12	125	63
13	125	0
14	125	0
15	125	0
16	125	0
17	125	0
18	125	110
19	125	34
20	125	0
21	125	0
22	125	0
23	125	0
0	126	0
1	126	0
2	126	0
3	126	0
4	126	0
5	126	0
6	126	0
7	126	22
8	126	12
9	126	22
10	126	12
11	126	12
12	126	12
13	126	0
14	126	12
15	126	22
16	126	0
17	126	22
18	126	12
19	126	22
20	126	33
21	126	22
22	126	0
23	126	0
0	127	0
1	127	0
2	127	0
3	127	0
4	127	0
5	127	0
6	127	31
7	127	16
8	127	45
9	127	0
10	127	70
11	127	16
12	127	16
13	127	0
14	127	0
15	127	45
16	127	45
17	127	45
18	127	16
19	127	0
20	127	0
21	127	16
22	127	31
23	127	0
0	128	14
1	128	0
2	128	0
3	128	0
4	128	8
5	128	14
6	128	8
7	128	21
8	128	0
9	128	14
10	128	0
11	128	0
12	128	27
13	128	8
14	128	8
15	128	8
16	128	8
17	128	21
18	128	8
19	128	21
20	128	14
21	128	40
22	128	0
23	128	8
0	129	0
1	129	0
2	129	0
3	129	0
4	129	0
5	129	0
6	129	0
7	129	0
8	129	0
9	129	0
10	129	0
11	129	0
12	129	39
13	129	39
14	129	0
15	129	0
16	129	0
17	129	0
18	129	0
19	129	0
20	129	0
21	129	0
22	129	0
23	129	0
0	130	0
1	130	2
2	130	3
3	130	2
4	130	0
5	130	7
6	130	4
7	130	11
8	130	5
9	130	12
10	130	19
11	130	19
12	130	5
13	130	21
14	130	12
15	130	14
16	130	10
17	130	7
18	130	19
19	130	11
20	130	9
21	130	18
22	130	13
23	130	7
0	131	0
1	131	0
2	131	0
3	131	10
4	131	0
5	131	0
6	131	19
7	131	10
8	131	27
9	131	10
10	131	10
11	131	0
12	131	10
13	131	10
14	131	10
15	131	0
16	131	59
17	131	51
18	131	73
19	131	36
20	131	44
21	131	44
22	131	10
23	131	0
0	132	0
1	132	0
2	132	0
3	132	0
4	132	0
5	132	0
6	132	0
7	132	0
8	132	0
9	132	0
10	132	0
11	132	0
12	132	0
13	132	137
14	132	0
15	132	0
16	132	0
17	132	0
18	132	0
19	132	137
20	132	0
21	132	0
22	132	0
23	132	0
0	133	4
1	133	1
2	133	1
3	133	1
4	133	3
5	133	9
6	133	9
7	133	16
8	133	17
9	133	13
10	133	10
11	133	19
12	133	19
13	133	12
14	133	14
15	133	17
16	133	19
17	133	19
18	133	18
19	133	22
20	133	20
21	133	16
22	133	12
23	133	9
0	134	0
1	134	0
2	134	0
3	134	0
4	134	0
5	134	0
6	134	0
7	134	0
8	134	0
9	134	0
10	134	112
11	134	0
12	134	112
13	134	0
14	134	0
15	134	0
16	134	0
17	134	0
18	134	0
19	134	0
20	134	0
21	134	0
22	134	0
23	134	0
0	135	5
1	135	2
2	135	4
3	135	3
4	135	4
5	135	8
6	135	12
7	135	13
8	135	15
9	135	15
10	135	18
11	135	15
12	135	18
13	135	14
14	135	16
15	135	19
16	135	18
17	135	18
18	135	22
19	135	23
20	135	24
21	135	20
22	135	12
23	135	7
0	136	0
1	136	0
2	136	0
3	136	0
4	136	0
5	136	0
6	136	0
7	136	28
8	136	0
9	136	0
10	136	0
11	136	0
12	136	28
13	136	28
14	136	0
15	136	0
16	136	28
17	136	73
18	136	0
19	136	93
20	136	28
21	136	0
22	136	0
23	136	28
0	137	12
1	137	0
2	137	0
3	137	0
4	137	0
5	137	0
6	137	12
7	137	33
8	137	37
9	137	22
10	137	6
11	137	42
12	137	22
13	137	17
14	137	12
15	137	12
16	137	6
17	137	17
18	137	22
19	137	6
20	137	33
21	137	52
22	137	12
23	137	0
0	138	5
1	138	3
2	138	3
3	138	12
4	138	12
5	138	16
6	138	30
7	138	17
8	138	16
9	138	25
10	138	20
11	138	31
12	138	23
13	138	32
14	138	23
15	138	37
16	138	26
17	138	23
18	138	43
19	138	43
20	138	29
21	138	13
22	138	10
23	138	12
0	139	0
1	139	0
2	139	0
3	139	0
4	139	0
5	139	0
6	139	112
7	139	64
8	139	64
9	139	0
10	139	0
11	139	64
12	139	64
13	139	0
14	139	0
15	139	112
16	139	0
17	139	0
18	139	0
19	139	0
20	139	0
21	139	0
22	139	0
23	139	0
0	140	0
1	140	0
2	140	0
3	140	0
4	140	0
5	140	0
6	140	0
7	140	0
8	140	0
9	140	0
10	140	0
11	140	0
12	140	0
13	140	0
14	140	0
15	140	0
16	140	0
17	140	0
18	140	0
19	140	0
20	140	0
21	140	0
22	140	0
23	140	0
0	141	0
1	141	0
2	141	112
3	141	0
4	141	112
5	141	0
6	141	0
7	141	0
8	141	0
9	141	112
10	141	0
11	141	112
12	141	112
13	141	0
14	141	0
15	141	0
16	141	0
17	141	0
18	141	0
19	141	175
20	141	0
21	141	0
22	141	0
23	141	0
0	142	0
1	142	4
2	142	0
3	142	0
4	142	10
5	142	7
6	142	7
7	142	0
8	142	15
9	142	15
10	142	10
11	142	4
12	142	7
13	142	12
14	142	21
15	142	4
16	142	15
17	142	21
18	142	24
19	142	15
20	142	15
21	142	7
22	142	10
23	142	10
0	143	0
1	143	0
2	143	0
3	143	14
4	143	0
5	143	0
6	143	14
7	143	39
8	143	0
9	143	62
10	143	14
11	143	39
12	143	27
13	143	14
14	143	39
15	143	72
16	143	27
17	143	62
18	143	51
19	143	27
20	143	51
21	143	0
22	143	0
23	143	0
0	144	0
1	144	0
2	144	66
3	144	0
4	144	0
5	144	0
6	144	0
7	144	66
8	144	0
9	144	0
10	144	0
11	144	0
12	144	0
13	144	0
14	144	0
15	144	66
16	144	0
17	144	0
18	144	0
19	144	36
20	144	66
21	144	0
22	144	0
23	144	0
0	145	0
1	145	4
2	145	0
3	145	0
4	145	0
5	145	0
6	145	7
7	145	7
8	145	14
9	145	17
10	145	11
11	145	4
12	145	7
13	145	21
14	145	7
15	145	24
16	145	21
17	145	36
18	145	33
19	145	21
20	145	27
21	145	7
22	145	0
23	145	0
0	146	0
1	146	2
2	146	4
3	146	5
4	146	3
5	146	4
6	146	5
7	146	10
8	146	16
9	146	14
10	146	14
11	146	15
12	146	6
13	146	16
14	146	10
15	146	12
16	146	12
17	146	16
18	146	19
19	146	11
20	146	14
21	146	15
22	146	9
23	146	8
0	147	0
1	147	0
2	147	0
3	147	0
4	147	72
5	147	0
6	147	0
7	147	0
8	147	0
9	147	0
10	147	0
11	147	0
12	147	0
13	147	0
14	147	72
15	147	0
16	147	0
17	147	0
18	147	0
19	147	0
20	147	0
21	147	72
22	147	0
23	147	0
0	148	0
1	148	0
2	148	0
3	148	0
4	148	0
5	148	0
6	148	175
7	148	112
8	148	0
9	148	112
10	148	0
11	148	0
12	148	0
13	148	0
14	148	0
15	148	0
16	148	0
17	148	0
18	148	112
19	148	0
20	148	0
21	148	0
22	148	0
23	148	0
0	149	5
1	149	2
2	149	2
3	149	4
4	149	8
5	149	11
6	149	14
7	149	13
8	149	21
9	149	21
10	149	21
11	149	22
12	149	24
13	149	19
14	149	23
15	149	20
16	149	31
17	149	37
18	149	35
19	149	42
20	149	33
21	149	30
22	149	23
23	149	8
0	150	23
1	150	3
2	150	0
3	150	0
4	150	12
5	150	23
6	150	9
7	150	12
8	150	9
9	150	3
10	150	9
11	150	6
12	150	3
13	150	9
14	150	3
15	150	3
16	150	20
17	150	15
18	150	9
19	150	20
20	150	3
21	150	31
22	150	17
23	150	0
0	151	0
1	151	0
2	151	0
3	151	29
4	151	0
5	151	0
6	151	0
7	151	0
8	151	54
9	151	0
10	151	77
11	151	0
12	151	29
13	151	0
14	151	29
15	151	0
16	151	0
17	151	0
18	151	29
19	151	0
20	151	29
21	151	0
22	151	0
23	151	0
0	152	0
1	152	0
2	152	0
3	152	0
4	152	0
5	152	71
6	152	0
7	152	71
8	152	89
9	152	71
10	152	50
11	152	106
12	152	50
13	152	0
14	152	0
15	152	0
16	152	26
17	152	50
18	152	0
19	152	0
20	152	0
21	152	0
22	152	26
23	152	0
0	153	10
1	153	0
2	153	2
3	153	0
4	153	3
5	153	4
6	153	5
7	153	14
8	153	12
9	153	19
10	153	10
11	153	13
12	153	8
13	153	14
14	153	14
15	153	20
16	153	16
17	153	19
18	153	30
19	153	16
20	153	14
21	153	42
22	153	14
23	153	7
0	154	0
1	154	0
2	154	0
3	154	0
4	154	0
5	154	0
6	154	0
7	154	0
8	154	0
9	154	25
10	154	0
11	154	0
12	154	0
13	154	25
14	154	25
15	154	67
16	154	25
17	154	47
18	154	116
19	154	47
20	154	25
21	154	47
22	154	0
23	154	25
0	155	0
1	155	0
2	155	0
3	155	0
4	155	0
5	155	0
6	155	0
7	155	0
8	155	0
9	155	37
10	155	0
11	155	37
12	155	0
13	155	0
14	155	0
15	155	0
16	155	0
17	155	68
18	155	0
19	155	0
20	155	68
21	155	0
22	155	0
23	155	0
0	156	4
1	156	0
2	156	4
3	156	0
4	156	12
5	156	12
6	156	0
7	156	27
8	156	34
9	156	20
10	156	16
11	156	12
12	156	12
13	156	12
14	156	30
15	156	30
16	156	44
17	156	23
18	156	23
19	156	47
20	156	34
21	156	41
22	156	20
23	156	8
0	157	4
1	157	3
2	157	2
3	157	3
4	157	6
5	157	10
6	157	13
7	157	16
8	157	18
9	157	18
10	157	18
11	157	18
12	157	18
13	157	17
14	157	16
15	157	16
16	157	18
17	157	20
18	157	22
19	157	22
20	157	20
21	157	16
22	157	11
23	157	6
0	158	0
1	158	0
2	158	0
3	158	0
4	158	0
5	158	30
6	158	0
7	158	0
8	158	0
9	158	0
10	158	0
11	158	0
12	158	0
13	158	30
14	158	30
15	158	0
16	158	30
17	158	30
18	158	30
19	158	30
20	158	0
21	158	0
22	158	0
23	158	0
0	159	0
1	159	0
2	159	0
3	159	0
4	159	0
5	159	0
6	159	0
7	159	0
8	159	0
9	159	0
10	159	0
11	159	0
12	159	0
13	159	0
14	159	0
15	159	0
16	159	0
17	159	0
18	159	0
19	159	0
20	159	0
21	159	0
22	159	0
23	159	0
0	160	0
1	160	0
2	160	0
3	160	0
4	160	0
5	160	0
6	160	47
7	160	0
8	160	0
9	160	0
10	160	0
11	160	0
12	160	0
13	160	0
14	160	47
15	160	0
16	160	47
17	160	47
18	160	0
19	160	0
20	160	0
21	160	0
22	160	0
23	160	0
0	161	3
1	161	3
2	161	0
3	161	2
4	161	11
5	161	12
6	161	21
7	161	32
8	161	28
9	161	44
10	161	33
11	161	21
12	161	20
13	161	37
14	161	22
15	161	42
16	161	38
17	161	25
18	161	37
19	161	35
20	161	21
21	161	29
22	161	16
23	161	7
0	162	21
1	162	11
2	162	0
3	162	0
4	162	11
5	162	0
6	162	11
7	162	11
8	162	21
9	162	30
10	162	39
11	162	39
12	162	30
13	162	0
14	162	21
15	162	0
16	162	21
17	162	48
18	162	30
19	162	21
20	162	56
21	162	21
22	162	30
23	162	0
0	163	18
1	163	0
2	163	0
3	163	0
4	163	0
5	163	0
6	163	35
7	163	35
8	163	35
9	163	0
10	163	0
11	163	0
12	163	18
13	163	0
14	163	18
15	163	18
16	163	0
17	163	0
18	163	35
19	163	0
20	163	50
21	163	18
22	163	0
23	163	0
0	164	9
1	164	3
2	164	3
3	164	5
4	164	8
5	164	16
6	164	17
7	164	20
8	164	23
9	164	20
10	164	27
11	164	22
12	164	24
13	164	24
14	164	26
15	164	25
16	164	28
17	164	30
18	164	41
19	164	46
20	164	35
21	164	33
22	164	25
23	164	12
0	165	0
1	165	0
2	165	0
3	165	0
4	165	0
5	165	0
6	165	0
7	165	77
8	165	0
9	165	0
10	165	0
11	165	0
12	165	0
13	165	0
14	165	0
15	165	0
16	165	0
17	165	0
18	165	0
19	165	0
20	165	0
21	165	0
22	165	0
23	165	0
0	166	0
1	166	0
2	166	0
3	166	0
4	166	0
5	166	0
6	166	18
7	166	0
8	166	0
9	166	0
10	166	0
11	166	18
12	166	0
13	166	18
14	166	0
15	166	0
16	166	0
17	166	0
18	166	18
19	166	0
20	166	18
21	166	18
22	166	35
23	166	0
0	167	9
1	167	4
2	167	8
3	167	8
4	167	10
5	167	18
6	167	19
7	167	28
8	167	32
9	167	26
10	167	27
11	167	25
12	167	22
13	167	28
14	167	23
15	167	17
16	167	18
17	167	32
18	167	29
19	167	31
20	167	29
21	167	28
22	167	24
23	167	14
0	168	4
1	168	2
2	168	2
3	168	2
4	168	5
5	168	8
6	168	9
7	168	13
8	168	16
9	168	18
10	168	18
11	168	20
12	168	17
13	168	15
14	168	15
15	168	13
16	168	17
17	168	16
18	168	20
19	168	21
20	168	20
21	168	17
22	168	11
23	168	8
0	169	0
1	169	0
2	169	0
3	169	0
4	169	0
5	169	0
6	169	0
7	169	0
8	169	28
9	169	53
10	169	53
11	169	15
12	169	64
13	169	53
14	169	75
15	169	53
16	169	41
17	169	64
18	169	85
19	169	15
20	169	64
21	169	15
22	169	41
23	169	0
0	170	4
1	170	2
2	170	0
3	170	0
4	170	4
5	170	11
6	170	12
7	170	14
8	170	14
9	170	18
10	170	5
11	170	12
12	170	22
13	170	5
14	170	12
15	170	4
16	170	25
17	170	20
18	170	24
19	170	12
20	170	12
21	170	17
22	170	14
23	170	7
0	171	4
1	171	6
2	171	0
3	171	2
4	171	0
5	171	8
6	171	10
7	171	8
8	171	10
9	171	12
10	171	10
11	171	18
12	171	10
13	171	16
14	171	12
15	171	18
16	171	12
17	171	28
18	171	12
19	171	18
20	171	27
21	171	12
22	171	6
23	171	4
0	172	0
1	172	0
2	172	0
3	172	0
4	172	0
5	172	0
6	172	53
7	172	53
8	172	0
9	172	0
10	172	0
11	172	53
12	172	0
13	172	53
14	172	53
15	172	0
16	172	128
17	172	0
18	172	95
19	172	53
20	172	0
21	172	53
22	172	0
23	172	0
0	173	0
1	173	0
2	173	0
3	173	0
4	173	0
5	173	0
6	173	0
7	173	0
8	173	0
9	173	0
10	173	0
11	173	0
12	173	0
13	173	0
14	173	0
15	173	0
16	173	0
17	173	0
18	173	0
19	173	0
20	173	0
21	173	0
22	173	0
23	173	0
0	174	3
1	174	0
2	174	0
3	174	3
4	174	8
5	174	8
6	174	5
7	174	8
8	174	11
9	174	21
10	174	13
11	174	14
12	174	18
13	174	9
14	174	16
15	174	15
16	174	11
17	174	22
18	174	20
19	174	14
20	174	23
21	174	10
22	174	20
23	174	0
0	175	0
1	175	0
2	175	0
3	175	0
4	175	17
5	175	0
6	175	0
7	175	0
8	175	0
9	175	17
10	175	25
11	175	9
12	175	9
13	175	0
14	175	0
15	175	17
16	175	17
17	175	17
18	175	0
19	175	17
20	175	25
21	175	17
22	175	17
23	175	0
0	176	4
1	176	1
2	176	0
3	176	0
4	176	0
5	176	4
6	176	10
7	176	7
8	176	17
9	176	17
10	176	16
11	176	13
12	176	17
13	176	12
14	176	15
15	176	11
16	176	18
17	176	18
18	176	16
19	176	27
20	176	13
21	176	19
22	176	12
23	176	2
0	177	0
1	177	0
2	177	0
3	177	0
4	177	0
5	177	0
6	177	0
7	177	0
8	177	0
9	177	0
10	177	0
11	177	64
12	177	0
13	177	64
14	177	0
15	177	0
16	177	0
17	177	0
18	177	0
19	177	64
20	177	0
21	177	0
22	177	0
23	177	0
0	178	0
1	178	0
2	178	0
3	178	0
4	178	0
5	178	0
6	178	0
7	178	0
8	178	0
9	178	15
10	178	0
11	178	0
12	178	0
13	178	0
14	178	15
15	178	0
16	178	0
17	178	53
18	178	15
19	178	0
20	178	15
21	178	0
22	178	0
23	178	0
0	179	11
1	179	0
2	179	7
3	179	4
4	179	17
5	179	24
6	179	7
7	179	27
8	179	45
9	179	24
10	179	48
11	179	59
12	179	24
13	179	30
14	179	21
15	179	27
16	179	30
17	179	42
18	179	30
19	179	24
20	179	27
21	179	24
22	179	0
23	179	11
0	180	3
1	180	2
2	180	2
3	180	3
4	180	5
5	180	9
6	180	12
7	180	13
8	180	15
9	180	16
10	180	16
11	180	15
12	180	14
13	180	14
14	180	14
15	180	14
16	180	17
17	180	18
18	180	21
19	180	20
20	180	21
21	180	16
22	180	9
23	180	5
0	181	0
1	181	0
2	181	0
3	181	0
4	181	0
5	181	0
6	181	0
7	181	15
8	181	12
9	181	5
10	181	8
11	181	10
12	181	15
13	181	8
14	181	3
15	181	3
16	181	0
17	181	3
18	181	0
19	181	3
20	181	0
21	181	0
22	181	0
23	181	0
0	182	5
1	182	1
2	182	0
3	182	4
4	182	3
5	182	7
6	182	9
7	182	10
8	182	15
9	182	15
10	182	17
11	182	15
12	182	13
13	182	9
14	182	8
15	182	11
16	182	20
17	182	20
18	182	17
19	182	18
20	182	21
21	182	19
22	182	11
23	182	6
0	183	10
1	183	2
2	183	0
3	183	2
4	183	8
5	183	14
6	183	21
7	183	19
8	183	23
9	183	19
10	183	21
11	183	19
12	183	28
13	183	24
14	183	28
15	183	12
16	183	23
17	183	31
18	183	33
19	183	28
20	183	17
21	183	26
22	183	17
23	183	10
0	184	12
1	184	0
2	184	0
3	184	12
4	184	0
5	184	0
6	184	0
7	184	22
8	184	22
9	184	22
10	184	0
11	184	52
12	184	33
13	184	22
14	184	42
15	184	0
16	184	12
17	184	12
18	184	0
19	184	33
20	184	12
21	184	33
22	184	12
23	184	0
0	185	0
1	185	2
2	185	1
3	185	1
4	185	5
5	185	4
6	185	4
7	185	7
8	185	14
9	185	9
10	185	12
11	185	12
12	185	18
13	185	12
14	185	12
15	185	16
16	185	15
17	185	18
18	185	19
19	185	22
20	185	19
21	185	19
22	185	16
23	185	7
0	186	0
1	186	0
2	186	0
3	186	0
4	186	0
5	186	0
6	186	0
7	186	0
8	186	0
9	186	0
10	186	0
11	186	0
12	186	0
13	186	0
14	186	0
15	186	61
16	186	61
17	186	0
18	186	107
19	186	61
20	186	0
21	186	0
22	186	0
23	186	0
0	187	0
1	187	0
2	187	0
3	187	0
4	187	0
5	187	0
6	187	0
7	187	47
8	187	0
9	187	0
10	187	0
11	187	47
12	187	0
13	187	85
14	187	47
15	187	0
16	187	0
17	187	0
18	187	0
19	187	0
20	187	47
21	187	0
22	187	0
23	187	0
0	188	0
1	188	0
2	188	0
3	188	0
4	188	0
5	188	0
6	188	0
7	188	0
8	188	0
9	188	0
10	188	38
11	188	120
12	188	70
13	188	70
14	188	38
15	188	0
16	188	0
17	188	0
18	188	0
19	188	0
20	188	0
21	188	38
22	188	0
23	188	0
0	189	0
1	189	5
2	189	0
3	189	0
4	189	0
5	189	5
6	189	5
7	189	5
8	189	9
9	189	30
10	189	14
11	189	5
12	189	26
13	189	18
14	189	14
15	189	30
16	189	9
17	189	14
18	189	26
19	189	9
20	189	5
21	189	9
22	189	0
23	189	5
0	190	3
1	190	2
2	190	3
3	190	0
4	190	3
5	190	4
6	190	8
7	190	8
8	190	5
9	190	7
10	190	14
11	190	8
12	190	7
13	190	4
14	190	18
15	190	25
16	190	22
17	190	16
18	190	19
19	190	16
20	190	18
21	190	22
22	190	7
23	190	8
0	191	0
1	191	0
2	191	0
3	191	0
4	191	0
5	191	0
6	191	0
7	191	0
8	191	0
9	191	0
10	191	0
11	191	0
12	191	0
13	191	0
14	191	0
15	191	0
16	191	0
17	191	0
18	191	0
19	191	0
20	191	0
21	191	0
22	191	0
23	191	0
0	192	0
1	192	0
2	192	0
3	192	0
4	192	0
5	192	0
6	192	0
7	192	0
8	192	0
9	192	0
10	192	0
11	192	0
12	192	108
13	192	0
14	192	0
15	192	27
16	192	0
17	192	0
18	192	0
19	192	27
20	192	27
21	192	0
22	192	0
23	192	0
0	193	35
1	193	35
2	193	0
3	193	0
4	193	0
5	193	0
6	193	0
7	193	0
8	193	35
9	193	0
10	193	0
11	193	64
12	193	35
13	193	0
14	193	0
15	193	0
16	193	90
17	193	0
18	193	0
19	193	35
20	193	0
21	193	35
22	193	0
23	193	0
0	194	0
1	194	0
2	194	0
3	194	0
4	194	8
5	194	4
6	194	4
7	194	4
8	194	11
9	194	28
10	194	15
11	194	15
12	194	15
13	194	18
14	194	15
15	194	21
16	194	21
17	194	8
18	194	25
19	194	41
20	194	18
21	194	11
22	194	0
23	194	0
0	195	0
1	195	0
2	195	0
3	195	0
4	195	0
5	195	0
6	195	0
7	195	0
8	195	0
9	195	0
10	195	0
11	195	0
12	195	0
13	195	0
14	195	0
15	195	0
16	195	0
17	195	51
18	195	0
19	195	51
20	195	0
21	195	0
22	195	0
23	195	0
0	196	0
1	196	137
2	196	0
3	196	0
4	196	0
5	196	137
6	196	0
7	196	0
8	196	0
9	196	0
10	196	0
11	196	0
12	196	201
13	196	0
14	196	0
15	196	0
16	196	0
17	196	0
18	196	0
19	196	137
20	196	0
21	196	0
22	196	0
23	196	0
0	197	32
1	197	0
2	197	0
3	197	0
4	197	0
5	197	0
6	197	0
7	197	32
8	197	17
9	197	0
10	197	17
11	197	0
12	197	60
13	197	17
14	197	0
15	197	17
16	197	17
17	197	0
18	197	0
19	197	0
20	197	0
21	197	0
22	197	0
23	197	17
0	198	0
1	198	0
2	198	8
3	198	0
4	198	15
5	198	61
6	198	61
7	198	61
8	198	67
9	198	15
10	198	23
11	198	61
12	198	30
13	198	23
14	198	61
15	198	67
16	198	23
17	198	36
18	198	55
19	198	49
20	198	55
21	198	55
22	198	23
23	198	8
0	199	4
1	199	3
2	199	3
3	199	3
4	199	5
5	199	8
6	199	10
7	199	15
8	199	14
9	199	15
10	199	16
11	199	16
12	199	13
13	199	15
14	199	16
15	199	20
16	199	18
17	199	19
18	199	21
19	199	20
20	199	23
21	199	20
22	199	12
23	199	7
0	200	0
1	200	0
2	200	0
3	200	0
4	200	0
5	200	0
6	200	42
7	200	0
8	200	0
9	200	0
10	200	0
11	200	0
12	200	0
13	200	42
14	200	0
15	200	0
16	200	0
17	200	0
18	200	0
19	200	0
20	200	0
21	200	0
22	200	0
23	200	42
0	201	0
1	201	8
2	201	0
3	201	3
4	201	0
5	201	11
6	201	11
7	201	8
8	201	8
9	201	8
10	201	11
11	201	8
12	201	11
13	201	16
14	201	14
15	201	6
16	201	16
17	201	6
18	201	14
19	201	35
20	201	16
21	201	8
22	201	11
23	201	19
0	202	0
1	202	3
2	202	0
3	202	6
4	202	11
5	202	11
6	202	19
7	202	21
8	202	19
9	202	14
10	202	24
11	202	8
12	202	47
13	202	14
14	202	24
15	202	14
16	202	3
17	202	19
18	202	21
19	202	26
20	202	11
21	202	16
22	202	16
23	202	3
0	203	0
1	203	0
2	203	0
3	203	0
4	203	0
5	203	0
6	203	49
7	203	0
8	203	49
9	203	0
10	203	88
11	203	49
12	203	88
13	203	0
14	203	0
15	203	0
16	203	145
17	203	0
18	203	0
19	203	0
20	203	49
21	203	0
22	203	0
23	203	0
0	204	0
1	204	0
2	204	0
3	204	0
4	204	0
5	204	26
6	204	0
7	204	13
8	204	26
9	204	13
10	204	13
11	204	37
12	204	13
13	204	59
14	204	13
15	204	13
16	204	59
17	204	0
18	204	26
19	204	0
20	204	13
21	204	13
22	204	13
23	204	0
0	205	2
1	205	2
2	205	3
3	205	3
4	205	6
5	205	8
6	205	11
7	205	16
8	205	15
9	205	11
10	205	12
11	205	12
12	205	16
13	205	16
14	205	19
15	205	18
16	205	16
17	205	21
18	205	25
19	205	21
20	205	26
21	205	18
22	205	9
23	205	5
0	206	5
1	206	3
2	206	3
3	206	4
4	206	8
5	206	13
6	206	18
7	206	22
8	206	24
9	206	25
10	206	25
11	206	26
12	206	25
13	206	23
14	206	23
15	206	24
16	206	25
17	206	28
18	206	31
19	206	32
20	206	29
21	206	24
22	206	16
23	206	9
0	207	18
1	207	0
2	207	0
3	207	0
4	207	0
5	207	0
6	207	0
7	207	0
8	207	35
9	207	0
10	207	35
11	207	51
12	207	0
13	207	18
14	207	0
15	207	35
16	207	0
17	207	18
18	207	0
19	207	0
20	207	65
21	207	18
22	207	18
23	207	0
0	208	8
1	208	3
2	208	6
3	208	3
4	208	3
5	208	21
6	208	25
7	208	23
8	208	25
9	208	18
10	208	56
11	208	30
12	208	43
13	208	23
14	208	18
15	208	23
16	208	32
17	208	28
18	208	41
19	208	48
20	208	35
21	208	35
22	208	6
23	208	6
0	209	0
1	209	0
2	209	0
3	209	0
4	209	0
5	209	0
6	209	0
7	209	53
8	209	95
9	209	53
10	209	53
11	209	95
12	209	0
13	209	0
14	209	53
15	209	0
16	209	0
17	209	0
18	209	0
19	209	53
20	209	53
21	209	0
22	209	0
23	209	0
0	210	0
1	210	0
2	210	57
3	210	0
4	210	0
5	210	30
6	210	0
7	210	0
8	210	0
9	210	0
10	210	0
11	210	0
12	210	30
13	210	30
14	210	0
15	210	0
16	210	0
17	210	0
18	210	30
19	210	30
20	210	30
21	210	30
22	210	0
23	210	0
0	211	3
1	211	2
2	211	2
3	211	2
4	211	2
5	211	6
6	211	9
7	211	7
8	211	14
9	211	9
10	211	12
11	211	15
12	211	11
13	211	15
14	211	12
15	211	10
16	211	14
17	211	14
18	211	16
19	211	15
20	211	13
21	211	9
22	211	7
23	211	6
0	212	0
1	212	0
2	212	0
3	212	0
4	212	0
5	212	0
6	212	0
7	212	0
8	212	39
9	212	0
10	212	72
11	212	0
12	212	0
13	212	0
14	212	72
15	212	0
16	212	72
17	212	39
18	212	0
19	212	100
20	212	0
21	212	0
22	212	39
23	212	0
0	213	0
1	213	0
2	213	0
3	213	0
4	213	0
5	213	26
6	213	14
7	213	38
8	213	26
9	213	14
10	213	38
11	213	60
12	213	38
13	213	14
14	213	14
15	213	0
16	213	0
17	213	0
18	213	0
19	213	0
20	213	0
21	213	0
22	213	0
23	213	0
0	214	0
1	214	0
2	214	0
3	214	0
4	214	0
5	214	0
6	214	0
7	214	0
8	214	0
9	214	72
10	214	72
11	214	72
12	214	72
13	214	0
14	214	0
15	214	0
16	214	72
17	214	72
18	214	0
19	214	0
20	214	0
21	214	0
22	214	0
23	214	0
0	215	17
1	215	0
2	215	0
3	215	0
4	215	17
5	215	17
6	215	0
7	215	32
8	215	46
9	215	32
10	215	0
11	215	59
12	215	46
13	215	17
14	215	46
15	215	0
16	215	83
17	215	17
18	215	17
19	215	104
20	215	32
21	215	0
22	215	0
23	215	17
0	216	6
1	216	0
2	216	3
3	216	0
4	216	3
5	216	0
6	216	3
7	216	6
8	216	12
9	216	9
10	216	9
11	216	6
12	216	15
13	216	6
14	216	12
15	216	15
16	216	15
17	216	29
18	216	6
19	216	9
20	216	21
21	216	31
22	216	15
23	216	3
0	217	0
1	217	0
2	217	0
3	217	0
4	217	0
5	217	0
6	217	21
7	217	21
8	217	21
9	217	21
10	217	21
11	217	21
12	217	21
13	217	0
14	217	0
15	217	0
16	217	58
17	217	21
18	217	21
19	217	58
20	217	21
21	217	0
22	217	21
23	217	0
0	218	0
1	218	0
2	218	0
3	218	0
4	218	0
5	218	0
6	218	0
7	218	0
8	218	31
9	218	0
10	218	31
11	218	0
12	218	0
13	218	0
14	218	0
15	218	58
16	218	31
17	218	31
18	218	82
19	218	31
20	218	58
21	218	82
22	218	0
23	218	0
0	219	0
1	219	0
2	219	0
3	219	0
4	219	0
5	219	0
6	219	0
7	219	0
8	219	0
9	219	0
10	219	0
11	219	0
12	219	55
13	219	30
14	219	30
15	219	0
16	219	0
17	219	0
18	219	55
19	219	30
20	219	0
21	219	0
22	219	0
23	219	0
0	220	0
1	220	0
2	220	0
3	220	0
4	220	0
5	220	0
6	220	25
7	220	85
8	220	0
9	220	47
10	220	0
11	220	25
12	220	67
13	220	67
14	220	0
15	220	25
16	220	0
17	220	0
18	220	25
19	220	25
20	220	0
21	220	0
22	220	0
23	220	25
0	221	0
1	221	6
2	221	0
3	221	0
4	221	8
5	221	5
6	221	3
7	221	6
8	221	9
9	221	9
10	221	8
11	221	11
12	221	21
13	221	11
14	221	8
15	221	5
16	221	19
17	221	17
18	221	25
19	221	15
20	221	17
21	221	17
22	221	11
23	221	5
0	222	0
1	222	0
2	222	0
3	222	0
4	222	0
5	222	64
6	222	24
7	222	45
8	222	24
9	222	24
10	222	0
11	222	24
12	222	0
13	222	0
14	222	0
15	222	45
16	222	0
17	222	0
18	222	0
19	222	0
20	222	45
21	222	0
22	222	0
23	222	0
0	223	0
1	223	0
2	223	0
3	223	0
4	223	0
5	223	0
6	223	0
7	223	79
8	223	43
9	223	0
10	223	0
11	223	43
12	223	0
13	223	0
14	223	0
15	223	0
16	223	79
17	223	79
18	223	0
19	223	79
20	223	0
21	223	0
22	223	0
23	223	0
0	224	32
1	224	0
2	224	0
3	224	0
4	224	0
5	224	0
6	224	84
7	224	32
8	224	0
9	224	0
10	224	0
11	224	0
12	224	0
13	224	0
14	224	0
15	224	32
16	224	0
17	224	0
18	224	0
19	224	0
20	224	0
21	224	32
22	224	0
23	224	0
0	225	3
1	225	0
2	225	0
3	225	3
4	225	5
5	225	3
6	225	14
7	225	24
8	225	9
9	225	20
10	225	9
11	225	5
12	225	5
13	225	3
14	225	22
15	225	9
16	225	18
17	225	24
18	225	30
19	225	24
20	225	28
21	225	16
22	225	16
23	225	16
0	226	14
1	226	0
2	226	7
3	226	0
4	226	0
5	226	7
6	226	21
7	226	7
8	226	7
9	226	21
10	226	0
11	226	33
12	226	0
13	226	0
14	226	0
15	226	14
16	226	0
17	226	7
18	226	0
19	226	0
20	226	7
21	226	7
22	226	0
23	226	0
0	227	12
1	227	4
2	227	5
3	227	9
4	227	22
5	227	24
6	227	30
7	227	22
8	227	22
9	227	34
10	227	28
11	227	30
12	227	39
13	227	40
14	227	27
15	227	27
16	227	38
17	227	47
18	227	49
19	227	41
20	227	38
21	227	17
22	227	18
23	227	11
0	228	0
1	228	0
2	228	30
3	228	0
4	228	0
5	228	0
6	228	0
7	228	0
8	228	0
9	228	0
10	228	0
11	228	30
12	228	0
13	228	0
14	228	0
15	228	30
16	228	0
17	228	55
18	228	78
19	228	0
20	228	0
21	228	30
22	228	0
23	228	0
0	229	8
1	229	8
2	229	8
3	229	0
4	229	0
5	229	0
6	229	16
7	229	16
8	229	24
9	229	8
10	229	8
11	229	24
12	229	8
13	229	8
14	229	8
15	229	8
16	229	24
17	229	24
18	229	38
19	229	38
20	229	16
21	229	0
22	229	8
23	229	16
0	230	7
1	230	2
2	230	1
3	230	3
4	230	4
5	230	10
6	230	11
7	230	21
8	230	24
9	230	15
10	230	18
11	230	22
12	230	17
13	230	19
14	230	19
15	230	18
16	230	15
17	230	20
18	230	24
19	230	21
20	230	32
21	230	22
22	230	12
23	230	5
0	231	0
1	231	0
2	231	0
3	231	0
4	231	0
5	231	0
6	231	17
7	231	40
8	231	33
9	231	47
10	231	0
11	231	17
12	231	0
13	231	0
14	231	0
15	231	9
16	231	0
17	231	17
18	231	17
19	231	0
20	231	0
21	231	9
22	231	0
23	231	0
0	232	0
1	232	0
2	232	0
3	232	0
4	232	22
5	232	0
6	232	0
7	232	22
8	232	0
9	232	0
10	232	0
11	232	41
12	232	22
13	232	22
14	232	0
15	232	75
16	232	22
17	232	59
18	232	0
19	232	22
20	232	75
21	232	0
22	232	41
23	232	0
0	233	0
1	233	0
2	233	0
3	233	0
4	233	0
5	233	0
6	233	0
7	233	0
8	233	0
9	233	154
10	233	0
11	233	154
12	233	0
13	233	0
14	233	0
15	233	0
16	233	0
17	233	0
18	233	0
19	233	0
20	233	0
21	233	0
22	233	0
23	233	0
0	234	0
1	234	0
2	234	0
3	234	0
4	234	0
5	234	0
6	234	9
7	234	5
8	234	13
9	234	5
10	234	5
11	234	9
12	234	16
13	234	9
14	234	5
15	234	9
16	234	13
17	234	9
18	234	5
19	234	9
20	234	9
21	234	5
22	234	5
23	234	5
0	235	0
1	235	0
2	235	0
3	235	0
4	235	0
5	235	0
6	235	0
7	235	0
8	235	24
9	235	46
10	235	24
11	235	0
12	235	0
13	235	0
14	235	24
15	235	46
16	235	24
17	235	24
18	235	46
19	235	46
20	235	0
21	235	0
22	235	0
23	235	0
0	236	9
1	236	7
2	236	0
3	236	0
4	236	2
5	236	6
6	236	14
7	236	11
8	236	19
9	236	15
10	236	12
11	236	14
12	236	22
13	236	14
14	236	9
15	236	12
16	236	17
17	236	28
18	236	23
19	236	11
20	236	20
21	236	26
22	236	9
23	236	7
0	237	0
1	237	0
2	237	25
3	237	0
4	237	0
5	237	0
6	237	0
7	237	25
8	237	0
9	237	0
10	237	0
11	237	0
12	237	47
13	237	0
14	237	25
15	237	0
16	237	25
17	237	25
18	237	25
19	237	0
20	237	0
21	237	0
22	237	0
23	237	0
0	238	17
1	238	0
2	238	0
3	238	0
4	238	0
5	238	0
6	238	0
7	238	0
8	238	0
9	238	32
10	238	0
11	238	0
12	238	0
13	238	17
14	238	17
15	238	0
16	238	17
17	238	32
18	238	0
19	238	0
20	238	47
21	238	32
22	238	0
23	238	17
0	239	29
1	239	32
2	239	26
3	239	29
4	239	30
5	239	29
6	239	31
7	239	30
8	239	36
9	239	32
10	239	36
11	239	27
12	239	44
13	239	37
14	239	31
15	239	34
16	239	36
17	239	28
18	239	32
19	239	29
20	239	44
21	239	33
22	239	26
23	239	23
0	240	6
1	240	0
2	240	2
3	240	0
4	240	3
5	240	8
6	240	37
7	240	50
8	240	56
9	240	54
10	240	47
11	240	61
12	240	47
13	240	28
14	240	20
15	240	20
16	240	18
17	240	26
18	240	15
19	240	22
20	240	19
21	240	15
22	240	8
23	240	6
0	241	0
1	241	0
2	241	0
3	241	0
4	241	0
5	241	0
6	241	0
7	241	0
8	241	118
9	241	37
10	241	0
11	241	37
12	241	118
13	241	95
14	241	37
15	241	0
16	241	37
17	241	68
18	241	0
19	241	0
20	241	0
21	241	0
22	241	0
23	241	0
0	242	3
1	242	2
2	242	2
3	242	2
4	242	4
5	242	8
6	242	10
7	242	12
8	242	15
9	242	15
10	242	16
11	242	15
12	242	13
13	242	12
14	242	14
15	242	13
16	242	18
17	242	18
18	242	22
19	242	24
20	242	22
21	242	20
22	242	13
23	242	6
0	243	0
1	243	0
2	243	0
3	243	0
4	243	0
5	243	0
6	243	0
7	243	100
8	243	72
9	243	72
10	243	0
11	243	39
12	243	39
13	243	0
14	243	0
15	243	0
16	243	0
17	243	0
18	243	39
19	243	0
20	243	0
21	243	0
22	243	0
23	243	0
0	244	0
1	244	0
2	244	0
3	244	0
4	244	0
5	244	29
6	244	29
7	244	66
8	244	42
9	244	66
10	244	96
11	244	66
12	244	0
13	244	42
14	244	15
15	244	29
16	244	0
17	244	0
18	244	15
19	244	0
20	244	29
21	244	0
22	244	15
23	244	0
0	245	5
1	245	2
2	245	1
3	245	2
4	245	2
5	245	4
6	245	5
7	245	10
8	245	11
9	245	12
10	245	10
11	245	10
12	245	13
13	245	7
14	245	8
15	245	9
16	245	8
17	245	11
18	245	24
19	245	13
20	245	16
21	245	18
22	245	13
23	245	7
0	246	0
1	246	0
2	246	74
3	246	0
4	246	0
5	246	0
6	246	0
7	246	0
8	246	0
9	246	0
10	246	0
11	246	74
12	246	0
13	246	0
14	246	0
15	246	0
16	246	0
17	246	0
18	246	0
19	246	0
20	246	0
21	246	0
22	246	0
23	246	0
0	247	0
1	247	0
2	247	14
3	247	0
4	247	0
5	247	0
6	247	0
7	247	0
8	247	26
9	247	0
10	247	0
11	247	14
12	247	14
13	247	0
14	247	0
15	247	0
16	247	14
17	247	50
18	247	0
19	247	14
20	247	0
21	247	0
22	247	0
23	247	14
0	248	21
1	248	0
2	248	11
3	248	0
4	248	0
5	248	21
6	248	31
7	248	11
8	248	21
9	248	40
10	248	11
11	248	40
12	248	31
13	248	11
14	248	49
15	248	40
16	248	31
17	248	21
18	248	40
19	248	40
20	248	0
21	248	21
22	248	21
23	248	0
0	249	0
1	249	0
2	249	0
3	249	0
4	249	0
5	249	0
6	249	0
7	249	137
8	249	0
9	249	0
10	249	0
11	249	0
12	249	0
13	249	0
14	249	0
15	249	0
16	249	0
17	249	0
18	249	0
19	249	0
20	249	0
21	249	0
22	249	0
23	249	0
0	250	27
1	250	0
2	250	0
3	250	0
4	250	0
5	250	27
6	250	27
7	250	27
8	250	0
9	250	0
10	250	0
11	250	0
12	250	0
13	250	0
14	250	0
15	250	0
16	250	0
17	250	0
18	250	0
19	250	0
20	250	51
21	250	0
22	250	27
23	250	0
0	251	0
1	251	0
2	251	0
3	251	0
4	251	0
5	251	47
6	251	47
7	251	0
8	251	0
9	251	85
10	251	0
11	251	0
12	251	85
13	251	47
14	251	47
15	251	0
16	251	0
17	251	0
18	251	0
19	251	0
20	251	0
21	251	0
22	251	0
23	251	0
0	252	5
1	252	1
2	252	3
3	252	3
4	252	4
5	252	5
6	252	9
7	252	11
8	252	12
9	252	15
10	252	17
11	252	13
12	252	17
13	252	14
14	252	16
15	252	13
16	252	15
17	252	15
18	252	21
19	252	35
20	252	23
21	252	24
22	252	19
23	252	6
0	253	0
1	253	0
2	253	0
3	253	0
4	253	0
5	253	48
6	253	0
7	253	0
8	253	25
9	253	0
10	253	0
11	253	25
12	253	25
13	253	0
14	253	48
15	253	0
16	253	48
17	253	0
18	253	48
19	253	0
20	253	25
21	253	25
22	253	0
23	253	0
0	254	12
1	254	0
2	254	0
3	254	0
4	254	12
5	254	0
6	254	0
7	254	0
8	254	22
9	254	22
10	254	22
11	254	12
12	254	22
13	254	0
14	254	12
15	254	22
16	254	12
17	254	0
18	254	33
19	254	12
20	254	0
21	254	12
22	254	0
23	254	0
0	255	0
1	255	0
2	255	0
3	255	0
4	255	0
5	255	0
6	255	37
7	255	37
8	255	0
9	255	0
10	255	37
11	255	0
12	255	0
13	255	37
14	255	0
15	255	0
16	255	0
17	255	0
18	255	95
19	255	37
20	255	37
21	255	0
22	255	37
23	255	0
0	256	2
1	256	2
2	256	2
3	256	6
4	256	6
5	256	27
6	256	18
7	256	6
8	256	11
9	256	18
10	256	20
11	256	11
12	256	17
13	256	8
14	256	15
15	256	23
16	256	15
17	256	25
18	256	18
19	256	18
20	256	6
21	256	2
22	256	11
23	256	4
0	257	0
1	257	0
2	257	0
3	257	0
4	257	0
5	257	12
6	257	0
7	257	12
8	257	27
9	257	12
10	257	6
11	257	0
12	257	12
13	257	22
14	257	12
15	257	17
16	257	12
17	257	32
18	257	0
19	257	32
20	257	17
21	257	12
22	257	0
23	257	0
0	258	0
1	258	0
2	258	7
3	258	27
4	258	0
5	258	0
6	258	14
7	258	21
8	258	46
9	258	14
10	258	21
11	258	21
12	258	7
13	258	34
14	258	0
15	258	21
16	258	7
17	258	40
18	258	7
19	258	27
20	258	7
21	258	0
22	258	7
23	258	7
0	259	0
1	259	0
2	259	0
3	259	0
4	259	7
5	259	26
6	259	14
7	259	26
8	259	14
9	259	20
10	259	7
11	259	7
12	259	14
13	259	0
14	259	7
15	259	0
16	259	20
17	259	7
18	259	26
19	259	20
20	259	14
21	259	7
22	259	7
23	259	0
0	260	0
1	260	0
2	260	0
3	260	0
4	260	33
5	260	0
6	260	0
7	260	17
8	260	0
9	260	0
10	260	33
11	260	33
12	260	17
13	260	33
14	260	33
15	260	17
16	260	47
17	260	33
18	260	0
19	260	47
20	260	17
21	260	61
22	260	0
23	260	0
0	261	4
1	261	3
2	261	2
3	261	3
4	261	6
5	261	10
6	261	14
7	261	17
8	261	20
9	261	20
10	261	19
11	261	20
12	261	19
13	261	18
14	261	18
15	261	18
16	261	21
17	261	23
18	261	26
19	261	26
20	261	23
21	261	20
22	261	12
23	261	7
0	262	15
1	262	0
2	262	0
3	262	0
4	262	15
5	262	22
6	262	8
7	262	8
8	262	29
9	262	22
10	262	22
11	262	42
12	262	42
13	262	29
14	262	15
15	262	22
16	262	15
17	262	8
18	262	0
19	262	15
20	262	0
21	262	15
22	262	15
23	262	8
0	263	0
1	263	0
2	263	0
3	263	0
4	263	0
5	263	0
6	263	0
7	263	0
8	263	0
9	263	16
10	263	16
11	263	43
12	263	16
13	263	43
14	263	43
15	263	0
16	263	0
17	263	0
18	263	30
19	263	0
20	263	0
21	263	16
22	263	16
23	263	0
0	264	4
1	264	0
2	264	0
3	264	0
4	264	0
5	264	4
6	264	4
7	264	52
8	264	42
9	264	42
10	264	42
11	264	29
12	264	33
13	264	22
14	264	22
15	264	12
16	264	29
17	264	8
18	264	12
19	264	8
20	264	12
21	264	22
22	264	4
23	264	0
0	265	0
1	265	0
2	265	0
3	265	0
4	265	0
5	265	6
6	265	6
7	265	26
8	265	11
9	265	30
10	265	11
11	265	39
12	265	6
13	265	11
14	265	11
15	265	26
16	265	11
17	265	21
18	265	30
19	265	6
20	265	16
21	265	26
22	265	11
23	265	11
0	266	10
1	266	46
2	266	0
3	266	0
4	266	10
5	266	46
6	266	0
7	266	62
8	266	70
9	266	20
10	266	10
11	266	20
12	266	38
13	266	20
14	266	20
15	266	46
16	266	38
17	266	10
18	266	70
19	266	20
20	266	20
21	266	55
22	266	29
23	266	0
0	267	3
1	267	2
2	267	2
3	267	2
4	267	6
5	267	3
6	267	12
7	267	12
8	267	10
9	267	14
10	267	7
11	267	14
12	267	13
13	267	16
14	267	9
15	267	12
16	267	24
17	267	18
18	267	19
19	267	27
20	267	18
21	267	12
22	267	7
23	267	4
0	268	6
1	268	2
2	268	4
3	268	2
4	268	7
5	268	10
6	268	17
7	268	18
8	268	22
9	268	20
10	268	26
11	268	23
12	268	22
13	268	24
14	268	19
15	268	26
16	268	22
17	268	27
18	268	23
19	268	29
20	268	30
21	268	22
22	268	11
23	268	6
0	269	4
1	269	3
2	269	2
3	269	4
4	269	11
5	269	19
6	269	23
7	269	25
8	269	26
9	269	25
10	269	24
11	269	24
12	269	24
13	269	24
14	269	24
15	269	27
16	269	23
17	269	27
18	269	27
19	269	27
20	269	25
21	269	17
22	269	11
23	269	8
0	270	24
1	270	0
2	270	0
3	270	0
4	270	0
5	270	0
6	270	24
7	270	83
8	270	0
9	270	0
10	270	65
11	270	0
12	270	46
13	270	0
14	270	24
15	270	24
16	270	24
17	270	24
18	270	83
19	270	46
20	270	83
21	270	46
22	270	0
23	270	46
0	271	0
1	271	0
2	271	0
3	271	0
4	271	24
5	271	24
6	271	46
7	271	24
8	271	24
9	271	46
10	271	46
11	271	46
12	271	24
13	271	0
14	271	24
15	271	46
16	271	46
17	271	24
18	271	65
19	271	24
20	271	46
21	271	0
22	271	24
23	271	0
0	272	0
1	272	2
2	272	0
3	272	0
4	272	6
5	272	6
6	272	8
7	272	8
8	272	5
9	272	12
10	272	15
11	272	9
12	272	14
13	272	8
14	272	5
15	272	5
16	272	8
17	272	5
18	272	17
19	272	8
20	272	17
21	272	12
22	272	0
23	272	6
0	273	0
1	273	0
2	273	0
3	273	0
4	273	0
5	273	0
6	273	0
7	273	0
8	273	0
9	273	0
10	273	0
11	273	0
12	273	0
13	273	0
14	273	0
15	273	0
16	273	0
17	273	0
18	273	0
19	273	0
20	273	0
21	273	0
22	273	0
23	273	0
