Counts for Samsung(12) in Pakistan(32):
Hour	Location Index	Count
0	0	0
1	0	3
2	0	5
3	0	7
4	0	5
5	0	10
6	0	19
7	0	16
8	0	14
9	0	45
10	0	25
11	0	27
12	0	21
13	0	23
14	0	27
15	0	21
16	0	23
17	0	19
18	0	7
19	0	7
20	0	5
21	0	0
22	0	0
23	0	0
0	1	0
1	1	0
2	1	0
3	1	14
4	1	39
5	1	27
6	1	0
7	1	39
8	1	27
9	1	14
10	1	0
11	1	0
12	1	0
13	1	27
14	1	0
15	1	14
16	1	61
17	1	14
18	1	27
19	1	0
20	1	0
21	1	0
22	1	0
23	1	0
0	2	0
1	2	18
2	2	35
3	2	0
4	2	0
5	2	50
6	2	18
7	2	18
8	2	0
9	2	18
10	2	0
11	2	35
12	2	18
13	2	18
14	2	0
15	2	18
16	2	18
17	2	0
18	2	18
19	2	35
20	2	18
21	2	0
22	2	0
23	2	0
0	3	0
1	3	0
2	3	0
3	3	0
4	3	0
5	3	21
6	3	0
7	3	58
8	3	0
9	3	0
10	3	0
11	3	0
12	3	21
13	3	21
14	3	40
15	3	40
16	3	0
17	3	0
18	3	0
19	3	21
20	3	0
21	3	0
22	3	0
23	3	0
0	4	0
1	4	0
2	4	0
3	4	55
4	4	0
5	4	0
6	4	55
7	4	0
8	4	0
9	4	0
10	4	0
11	4	0
12	4	0
13	4	55
14	4	0
15	4	0
16	4	0
17	4	0
18	4	0
19	4	0
20	4	0
21	4	55
22	4	0
23	4	0
0	5	0
1	5	0
2	5	0
3	5	0
4	5	0
5	5	28
6	5	0
7	5	28
8	5	95
9	5	28
10	5	0
11	5	0
12	5	0
13	5	0
14	5	28
15	5	0
16	5	75
17	5	0
18	5	0
19	5	0
20	5	28
21	5	0
22	5	0
23	5	0
0	6	0
1	6	11
2	6	0
3	6	3
4	6	0
5	6	3
6	6	6
7	6	0
8	6	11
9	6	11
10	6	16
11	6	6
12	6	0
13	6	3
14	6	6
15	6	6
16	6	3
17	6	6
18	6	11
19	6	14
20	6	6
21	6	11
22	6	16
23	6	3
0	7	0
1	7	0
2	7	88
3	7	0
4	7	0
5	7	0
6	7	0
7	7	0
8	7	0
9	7	0
10	7	0
11	7	0
12	7	0
13	7	0
14	7	0
15	7	0
16	7	0
17	7	0
18	7	0
19	7	0
20	7	0
21	7	0
22	7	0
23	7	0
0	8	7
1	8	0
2	8	25
3	8	22
4	8	13
5	8	7
6	8	25
7	8	37
8	8	4
9	8	22
10	8	0
11	8	7
12	8	39
13	8	34
14	8	37
15	8	16
16	8	19
17	8	19
18	8	34
19	8	19
20	8	7
21	8	16
22	8	13
23	8	7
0	9	5
1	9	5
2	9	6
3	9	6
4	9	11
5	9	8
6	9	13
7	9	15
8	9	10
9	9	16
10	9	15
11	9	18
12	9	16
13	9	18
14	9	18
15	9	11
16	9	20
17	9	20
18	9	21
19	9	18
20	9	16
21	9	11
22	9	10
23	9	7
0	10	0
1	10	0
2	10	16
3	10	0
4	10	8
5	10	8
6	10	0
7	10	75
8	10	0
9	10	0
10	10	31
11	10	8
12	10	8
13	10	0
14	10	8
15	10	37
16	10	31
17	10	16
18	10	23
19	10	51
20	10	37
21	10	0
22	10	8
23	10	8
0	11	0
1	11	0
2	11	0
3	11	18
4	11	9
5	11	9
6	11	9
7	11	42
8	11	9
9	11	26
10	11	9
11	11	18
12	11	0
13	11	18
14	11	42
15	11	18
16	11	9
17	11	18
18	11	9
19	11	18
20	11	0
21	11	0
22	11	26
23	11	9
0	12	0
1	12	0
2	12	0
3	12	0
4	12	0
5	12	0
6	12	0
7	12	43
8	12	0
9	12	23
10	12	79
11	12	23
12	12	23
13	12	23
14	12	0
15	12	79
16	12	79
17	12	109
18	12	23
19	12	0
20	12	23
21	12	0
22	12	62
23	12	0
0	13	0
1	13	13
2	13	7
3	13	7
4	13	16
5	13	16
6	13	13
7	13	7
8	13	0
9	13	13
10	13	13
11	13	13
12	13	16
13	13	19
14	13	16
15	13	13
16	13	28
17	13	13
18	13	28
19	13	10
20	13	19
21	13	0
22	13	0
23	13	0
0	14	0
1	14	0
2	14	0
3	14	62
4	14	23
5	14	0
6	14	0
7	14	23
8	14	0
9	14	0
10	14	23
11	14	0
12	14	0
13	14	0
14	14	0
15	14	0
16	14	0
17	14	0
18	14	79
19	14	79
20	14	43
21	14	0
22	14	0
23	14	23
0	15	0
1	15	30
2	15	16
3	15	0
4	15	0
5	15	16
6	15	0
7	15	43
8	15	0
9	15	16
10	15	16
11	15	43
12	15	0
13	15	0
14	15	30
15	15	0
16	15	43
17	15	0
18	15	0
19	15	0
20	15	0
21	15	0
22	15	0
23	15	0
0	16	0
1	16	0
2	16	0
3	16	0
4	16	29
5	16	0
6	16	0
7	16	0
8	16	15
9	16	29
10	16	15
11	16	15
12	16	0
13	16	15
14	16	15
15	16	15
16	16	29
17	16	15
18	16	0
19	16	29
20	16	0
21	16	0
22	16	0
23	16	0
0	17	0
1	17	0
2	17	0
3	17	0
4	17	0
5	17	0
6	17	0
7	17	0
8	17	95
9	17	0
10	17	0
11	17	37
12	17	0
13	17	0
14	17	19
15	17	0
16	17	0
17	17	19
18	17	0
19	17	0
20	17	19
21	17	0
22	17	0
23	17	0
0	18	4
1	18	5
2	18	6
3	18	7
4	18	12
5	18	13
6	18	17
7	18	16
8	18	17
9	18	18
10	18	17
11	18	18
12	18	13
13	18	17
14	18	16
15	18	15
16	18	17
17	18	16
18	18	15
19	18	19
20	18	11
21	18	8
22	18	5
23	18	5
0	19	0
1	19	4
2	19	8
3	19	18
4	19	9
5	19	8
6	19	33
7	19	30
8	19	25
9	19	20
10	19	31
11	19	16
12	19	6
13	19	20
14	19	14
15	19	19
16	19	20
17	19	19
18	19	17
19	19	15
20	19	9
21	19	6
22	19	0
23	19	5
0	20	0
1	20	28
2	20	0
3	20	0
4	20	0
5	20	28
6	20	53
7	20	28
8	20	0
9	20	28
10	20	0
11	20	0
12	20	0
13	20	0
14	20	0
15	20	28
16	20	0
17	20	28
18	20	0
19	20	28
20	20	28
21	20	0
22	20	28
23	20	0
0	21	4
1	21	7
2	21	11
3	21	8
4	21	11
5	21	15
6	21	20
7	21	18
8	21	15
9	21	20
10	21	21
11	21	17
12	21	16
13	21	18
14	21	14
15	21	20
16	21	17
17	21	21
18	21	20
19	21	16
20	21	12
21	21	6
22	21	4
23	21	5
0	22	0
1	22	0
2	22	0
3	22	48
4	22	0
5	22	37
6	22	0
7	22	48
8	22	26
9	22	59
10	22	48
11	22	26
12	22	37
13	22	0
14	22	13
15	22	26
16	22	0
17	22	0
18	22	26
19	22	37
20	22	0
21	22	0
22	22	0
23	22	0
0	23	0
1	23	0
2	23	0
3	23	0
4	23	19
5	23	0
6	23	0
7	23	36
8	23	52
9	23	19
10	23	19
11	23	0
12	23	19
13	23	0
14	23	0
15	23	0
16	23	52
17	23	0
18	23	19
19	23	0
20	23	19
21	23	0
22	23	0
23	23	0
0	24	6
1	24	3
2	24	9
3	24	2
4	24	24
5	24	52
6	24	40
7	24	17
8	24	18
9	24	25
10	24	23
11	24	13
12	24	20
13	24	18
14	24	11
15	24	11
16	24	19
17	24	23
18	24	22
19	24	22
20	24	9
21	24	11
22	24	2
23	24	4
0	25	37
1	25	0
2	25	0
3	25	19
4	25	0
5	25	0
6	25	0
7	25	0
8	25	68
9	25	0
10	25	0
11	25	19
12	25	0
13	25	0
14	25	0
15	25	19
16	25	0
17	25	0
18	25	0
19	25	0
20	25	0
21	25	0
22	25	0
23	25	0
0	26	9
1	26	5
2	26	9
3	26	16
4	26	13
5	26	13
6	26	20
7	26	9
8	26	9
9	26	13
10	26	28
11	26	9
12	26	16
13	26	31
14	26	38
15	26	13
16	26	20
17	26	28
18	26	35
19	26	38
20	26	5
21	26	16
22	26	13
23	26	13
0	27	0
1	27	2
2	27	8
3	27	10
4	27	5
5	27	11
6	27	10
7	27	10
8	27	8
9	27	19
10	27	13
11	27	11
12	27	12
13	27	14
14	27	18
15	27	12
16	27	22
17	27	20
18	27	16
19	27	22
20	27	13
21	27	6
22	27	0
23	27	5
0	28	3
1	28	13
2	28	14
3	28	8
4	28	8
5	28	15
6	28	20
7	28	17
8	28	18
9	28	23
10	28	26
11	28	14
12	28	22
13	28	13
14	28	11
15	28	22
16	28	30
17	28	35
18	28	19
19	28	22
20	28	22
21	28	6
22	28	1
23	28	4
0	29	0
1	29	0
2	29	0
3	29	0
4	29	0
5	29	0
6	29	51
7	29	91
8	29	0
9	29	0
10	29	0
11	29	0
12	29	0
13	29	0
14	29	51
15	29	0
16	29	0
17	29	0
18	29	0
19	29	0
20	29	51
21	29	0
22	29	0
23	29	0
0	30	0
1	30	0
2	30	0
3	30	25
4	30	25
5	30	46
6	30	36
7	30	25
8	30	56
9	30	36
10	30	0
11	30	13
12	30	36
13	30	25
14	30	13
15	30	36
16	30	46
17	30	0
18	30	56
19	30	13
20	30	0
21	30	0
22	30	0
23	30	0
0	31	0
1	31	58
2	31	0
3	31	0
4	31	31
5	31	0
6	31	21
7	31	11
8	31	21
9	31	11
10	31	11
11	31	0
12	31	0
13	31	11
14	31	11
15	31	0
16	31	11
17	31	21
18	31	11
19	31	11
20	31	11
21	31	0
22	31	0
23	31	0
0	32	0
1	32	0
2	32	0
3	32	34
4	32	63
5	32	0
6	32	34
7	32	0
8	32	63
9	32	34
10	32	34
11	32	0
12	32	0
13	32	0
14	32	0
15	32	0
16	32	34
17	32	0
18	32	0
19	32	34
20	32	0
21	32	0
22	32	0
23	32	0
0	33	0
1	33	0
2	33	0
3	33	0
4	33	0
5	33	0
6	33	0
7	33	14
8	33	14
9	33	0
10	33	0
11	33	0
12	33	0
13	33	0
14	33	0
15	33	0
16	33	14
17	33	0
18	33	14
19	33	0
20	33	0
21	33	0
22	33	0
23	33	0
0	34	0
1	34	9
2	34	9
3	34	0
4	34	9
5	34	9
6	34	39
7	34	9
8	34	9
9	34	9
10	34	59
11	34	9
12	34	0
13	34	24
14	34	32
15	34	39
16	34	0
17	34	39
18	34	59
19	34	52
20	34	0
21	34	0
22	34	0
23	34	9
0	35	0
1	35	0
2	35	0
3	35	0
4	35	0
5	35	0
6	35	0
7	35	0
8	35	0
9	35	0
10	35	90
11	35	0
12	35	35
13	35	0
14	35	0
15	35	0
16	35	35
17	35	0
18	35	35
19	35	0
20	35	0
21	35	0
22	35	0
23	35	0
0	36	4
1	36	4
2	36	4
3	36	0
4	36	0
5	36	15
6	36	8
7	36	23
8	36	8
9	36	12
10	36	0
11	36	12
12	36	12
13	36	15
14	36	8
15	36	43
16	36	23
17	36	23
18	36	23
19	36	23
20	36	15
21	36	0
22	36	12
23	36	4
0	37	0
1	37	0
2	37	0
3	37	37
4	37	0
5	37	20
6	37	20
7	37	20
8	37	0
9	37	37
10	37	37
11	37	0
12	37	0
13	37	37
14	37	54
15	37	0
16	37	20
17	37	20
18	37	0
19	37	54
20	37	20
21	37	0
22	37	37
23	37	0
0	38	0
1	38	0
2	38	0
3	38	0
4	38	22
5	38	0
6	38	0
7	38	22
8	38	41
9	38	22
10	38	0
11	38	0
12	38	41
13	38	41
14	38	59
15	38	22
16	38	0
17	38	0
18	38	41
19	38	0
20	38	0
21	38	0
22	38	0
23	38	0
0	39	0
1	39	0
2	39	0
3	39	0
4	39	0
5	39	35
6	39	0
7	39	18
8	39	0
9	39	65
10	39	0
11	39	0
12	39	0
13	39	18
14	39	91
15	39	0
16	39	0
17	39	18
18	39	0
19	39	0
20	39	0
21	39	0
22	39	0
23	39	0
0	40	0
1	40	0
2	40	0
3	40	0
4	40	0
5	40	0
6	40	0
7	40	0
8	40	0
9	40	0
10	40	0
11	40	0
12	40	0
13	40	0
14	40	0
15	40	0
16	40	0
17	40	0
18	40	0
19	40	0
20	40	0
21	40	0
22	40	0
23	40	0
0	41	0
1	41	0
2	41	0
3	41	0
4	41	0
5	41	0
6	41	0
7	41	67
8	41	25
9	41	67
10	41	25
11	41	25
12	41	25
13	41	0
14	41	0
15	41	0
16	41	0
17	41	67
18	41	0
19	41	67
20	41	47
21	41	0
22	41	0
23	41	0
0	42	5
1	42	5
2	42	7
3	42	5
4	42	10
5	42	9
6	42	13
7	42	10
8	42	12
9	42	17
10	42	21
11	42	18
12	42	17
13	42	20
14	42	9
15	42	16
16	42	7
17	42	17
18	42	5
19	42	9
20	42	17
21	42	20
22	42	6
23	42	3
0	43	0
1	43	0
2	43	0
3	43	0
4	43	18
5	43	0
6	43	18
7	43	26
8	43	18
9	43	26
10	43	0
11	43	0
12	43	9
13	43	0
14	43	9
15	43	41
16	43	55
17	43	26
18	43	0
19	43	0
20	43	26
21	43	0
22	43	9
23	43	18
0	44	3
1	44	4
2	44	5
3	44	7
4	44	9
5	44	12
6	44	13
7	44	16
8	44	16
9	44	18
10	44	19
11	44	17
12	44	15
13	44	16
14	44	17
15	44	18
16	44	17
17	44	19
18	44	20
19	44	18
20	44	14
21	44	9
22	44	6
23	44	5
0	45	0
1	45	0
2	45	0
3	45	0
4	45	0
5	45	0
6	45	68
7	45	0
8	45	0
9	45	0
10	45	0
11	45	0
12	45	0
13	45	118
14	45	0
15	45	68
16	45	0
17	45	68
18	45	68
19	45	68
20	45	0
21	45	0
22	45	0
23	45	0
0	46	6
1	46	3
2	46	5
3	46	5
4	46	7
5	46	8
6	46	9
7	46	13
8	46	13
9	46	15
10	46	22
11	46	17
12	46	15
13	46	23
14	46	16
15	46	11
16	46	17
17	46	15
18	46	22
19	46	24
20	46	15
21	46	9
22	46	9
23	46	4
0	47	20
1	47	20
2	47	0
3	47	0
4	47	20
5	47	20
6	47	20
7	47	20
8	47	20
9	47	71
10	47	20
11	47	0
12	47	0
13	47	0
14	47	20
15	47	0
16	47	20
17	47	20
18	47	0
19	47	39
20	47	39
21	47	0
22	47	0
23	47	0
0	48	6
1	48	11
2	48	6
3	48	6
4	48	0
5	48	6
6	48	21
7	48	31
8	48	16
9	48	16
10	48	36
11	48	49
12	48	40
13	48	16
14	48	36
15	48	36
16	48	11
17	48	11
18	48	0
19	48	6
20	48	36
21	48	26
22	48	0
23	48	0
0	49	0
1	49	0
2	49	17
3	49	0
4	49	17
5	49	17
6	49	17
7	49	0
8	49	0
9	49	0
10	49	0
11	49	0
12	49	0
13	49	0
14	49	17
15	49	33
16	49	0
17	49	0
18	49	33
19	49	0
20	49	17
21	49	0
22	49	0
23	49	0
0	50	0
1	50	0
2	50	0
3	50	0
4	50	0
5	50	0
6	50	0
7	50	0
8	50	0
9	50	0
10	50	123
11	50	123
12	50	0
13	50	0
14	50	0
15	50	0
16	50	0
17	50	0
18	50	123
19	50	0
20	50	0
21	50	0
22	50	0
23	50	0
0	51	3
1	51	6
2	51	8
3	51	9
4	51	11
5	51	14
6	51	17
7	51	16
8	51	17
9	51	18
10	51	20
11	51	18
12	51	16
13	51	17
14	51	19
15	51	19
16	51	19
17	51	20
18	51	19
19	51	19
20	51	13
21	51	8
22	51	5
23	51	4
0	52	0
1	52	0
2	52	0
3	52	18
4	52	0
5	52	0
6	52	0
7	52	0
8	52	18
9	52	51
10	52	0
11	52	0
12	52	18
13	52	0
14	52	35
15	52	0
16	52	35
17	52	0
18	52	0
19	52	0
20	52	0
21	52	0
22	52	18
23	52	0
0	53	5
1	53	0
2	53	0
3	53	5
4	53	21
5	53	87
6	53	36
7	53	32
8	53	21
9	53	9
10	53	21
11	53	17
12	53	0
13	53	17
14	53	17
15	53	17
16	53	9
17	53	32
18	53	32
19	53	17
20	53	0
21	53	0
22	53	0
23	53	0
0	54	3
1	54	5
2	54	4
3	54	11
4	54	17
5	54	16
6	54	20
7	54	30
8	54	11
9	54	22
10	54	13
11	54	10
12	54	11
13	54	15
14	54	23
15	54	18
16	54	24
17	54	22
18	54	14
19	54	10
20	54	11
21	54	4
22	54	3
23	54	2
0	55	17
1	55	0
2	55	0
3	55	0
4	55	48
5	55	48
6	55	17
7	55	0
8	55	62
9	55	33
10	55	17
11	55	33
12	55	0
13	55	0
14	55	0
15	55	0
16	55	0
17	55	33
18	55	0
19	55	0
20	55	0
21	55	62
22	55	17
23	55	0
0	56	5
1	56	3
2	56	5
3	56	14
4	56	10
5	56	19
6	56	14
7	56	14
8	56	20
9	56	19
10	56	18
11	56	20
12	56	15
13	56	20
14	56	20
15	56	14
16	56	17
17	56	20
18	56	22
19	56	28
20	56	18
21	56	8
22	56	5
23	56	3
0	57	0
1	57	30
2	57	0
3	57	0
4	57	0
5	57	0
6	57	0
7	57	16
8	57	0
9	57	79
10	57	68
11	57	16
12	57	0
13	57	30
14	57	16
15	57	56
16	57	90
17	57	16
18	57	16
19	57	0
20	57	16
21	57	0
22	57	0
23	57	16
0	58	3
1	58	5
2	58	8
3	58	10
4	58	16
5	58	16
6	58	22
7	58	24
8	58	22
9	58	21
10	58	22
11	58	17
12	58	15
13	58	18
14	58	16
15	58	15
16	58	16
17	58	18
18	58	14
19	58	19
20	58	12
21	58	9
22	58	6
23	58	4
0	59	6
1	59	0
2	59	12
3	59	9
4	59	0
5	59	37
6	59	46
7	59	9
8	59	14
9	59	19
10	59	9
11	59	12
12	59	12
13	59	17
14	59	19
15	59	39
16	59	32
17	59	17
18	59	12
19	59	12
20	59	3
21	59	0
22	59	3
23	59	3
0	60	0
1	60	0
2	60	0
3	60	0
4	60	0
5	60	0
6	60	0
7	60	0
8	60	0
9	60	0
10	60	0
11	60	0
12	60	0
13	60	0
14	60	0
15	60	37
16	60	37
17	60	37
18	60	0
19	60	0
20	60	0
21	60	0
22	60	0
23	60	0
0	61	0
1	61	0
2	61	0
3	61	0
4	61	145
5	61	10
6	61	10
7	61	37
8	61	28
9	61	19
10	61	0
11	61	88
12	61	0
13	61	0
14	61	19
15	61	10
16	61	37
17	61	45
18	61	19
19	61	19
20	61	0
21	61	0
22	61	28
23	61	10
0	62	0
1	62	8
2	62	4
3	62	11
4	62	8
5	62	31
6	62	20
7	62	15
8	62	13
9	62	18
10	62	11
11	62	23
12	62	11
13	62	18
14	62	23
15	62	21
16	62	15
17	62	15
18	62	8
19	62	13
20	62	4
21	62	8
22	62	8
23	62	0
0	63	11
1	63	29
2	63	29
3	63	14
4	63	8
5	63	25
6	63	14
7	63	22
8	63	15
9	63	21
10	63	12
11	63	12
12	63	11
13	63	12
14	63	19
15	63	21
16	63	19
17	63	11
18	63	19
19	63	12
20	63	6
21	63	8
22	63	3
23	63	0
0	64	0
1	64	0
2	64	0
3	64	0
4	64	0
5	64	0
6	64	0
7	64	0
8	64	0
9	64	0
10	64	103
11	64	0
12	64	0
13	64	58
14	64	0
15	64	0
16	64	0
17	64	58
18	64	58
19	64	0
20	64	0
21	64	58
22	64	0
23	64	0
0	65	0
1	65	0
2	65	0
3	65	0
4	65	0
5	65	0
6	65	201
7	65	192
8	65	0
9	65	0
10	65	0
11	65	0
12	65	0
13	65	0
14	65	0
15	65	0
16	65	0
17	65	0
18	65	0
19	65	0
20	65	0
21	65	0
22	65	0
23	65	0
0	66	33
1	66	33
2	66	33
3	66	0
4	66	0
5	66	0
6	66	0
7	66	33
8	66	17
9	66	33
10	66	17
11	66	0
12	66	17
13	66	48
14	66	0
15	66	0
16	66	0
17	66	17
18	66	0
19	66	33
20	66	0
21	66	0
22	66	0
23	66	0
0	67	0
1	67	0
2	67	0
3	67	20
4	67	20
5	67	0
6	67	0
7	67	0
8	67	0
9	67	20
10	67	20
11	67	0
12	67	0
13	67	38
14	67	20
15	67	38
16	67	0
17	67	20
18	67	0
19	67	38
20	67	0
21	67	0
22	67	0
23	67	0
0	68	3
1	68	6
2	68	7
3	68	8
4	68	10
5	68	14
6	68	16
7	68	16
8	68	16
9	68	16
10	68	18
11	68	16
12	68	15
13	68	15
14	68	15
15	68	14
16	68	15
17	68	17
18	68	16
19	68	15
20	68	12
21	68	8
22	68	6
23	68	4
0	69	4
1	69	3
2	69	2
3	69	11
4	69	10
5	69	12
6	69	18
7	69	31
8	69	21
9	69	16
10	69	16
11	69	18
12	69	16
13	69	23
14	69	26
15	69	18
16	69	22
17	69	18
18	69	13
19	69	21
20	69	20
21	69	17
22	69	12
23	69	13
0	70	0
1	70	0
2	70	0
3	70	0
4	70	61
5	70	0
6	70	0
7	70	0
8	70	0
9	70	0
10	70	0
11	70	33
12	70	0
13	70	0
14	70	0
15	70	0
16	70	0
17	70	33
18	70	61
19	70	33
20	70	0
21	70	0
22	70	0
23	70	0
0	71	0
1	71	0
2	71	0
3	71	0
4	71	21
5	71	0
6	71	40
7	71	58
8	71	21
9	71	0
10	71	0
11	71	0
12	71	0
13	71	21
14	71	0
15	71	0
16	71	21
17	71	21
18	71	0
19	71	0
20	71	0
21	71	0
22	71	0
23	71	21
0	72	0
1	72	0
2	72	0
3	72	0
4	72	0
5	72	0
6	72	0
7	72	0
8	72	0
9	72	0
10	72	82
11	72	0
12	72	0
13	72	0
14	72	82
15	72	0
16	72	0
17	72	0
18	72	0
19	72	0
20	72	0
21	72	0
22	72	0
23	72	0
0	73	0
1	73	0
2	73	43
3	73	0
4	73	0
5	73	0
6	73	0
7	73	16
8	73	0
9	73	0
10	73	0
11	73	0
12	73	43
13	73	0
14	73	0
15	73	0
16	73	16
17	73	0
18	73	16
19	73	0
20	73	0
21	73	0
22	73	0
23	73	0
0	74	0
1	74	0
2	74	49
3	74	26
4	74	26
5	74	0
6	74	0
7	74	26
8	74	26
9	74	0
10	74	0
11	74	26
12	74	26
13	74	0
14	74	26
15	74	26
16	74	26
17	74	0
18	74	0
19	74	0
20	74	0
21	74	69
22	74	0
23	74	0
0	75	12
1	75	0
2	75	0
3	75	0
4	75	0
5	75	12
6	75	23
7	75	53
8	75	12
9	75	12
10	75	12
11	75	53
12	75	12
13	75	0
14	75	12
15	75	0
16	75	12
17	75	12
18	75	0
19	75	23
20	75	0
21	75	0
22	75	0
23	75	0
