Counts for Apple(2) in Pakistan(32):
Hour	Location Index	Count
0	0	5
1	0	0
2	0	10
3	0	3
4	0	10
5	0	19
6	0	27
7	0	12
8	0	16
9	0	33
10	0	16
11	0	21
12	0	10
13	0	39
14	0	21
15	0	7
16	0	16
17	0	31
18	0	23
19	0	16
20	0	5
21	0	7
22	0	10
23	0	3
0	1	0
1	1	0
2	1	14
3	1	14
4	1	0
5	1	0
6	1	0
7	1	14
8	1	39
9	1	14
10	1	0
11	1	27
12	1	27
13	1	14
14	1	27
15	1	39
16	1	39
17	1	39
18	1	14
19	1	27
20	1	0
21	1	0
22	1	0
23	1	0
0	2	0
1	2	0
2	2	0
3	2	0
4	2	50
5	2	90
6	2	0
7	2	0
8	2	35
9	2	35
10	2	0
11	2	35
12	2	0
13	2	18
14	2	35
15	2	0
16	2	0
17	2	18
18	2	18
19	2	0
20	2	0
21	2	0
22	2	0
23	2	0
0	3	0
1	3	0
2	3	0
3	3	0
4	3	0
5	3	0
6	3	0
7	3	21
8	3	0
9	3	0
10	3	0
11	3	21
12	3	0
13	3	0
14	3	21
15	3	58
16	3	0
17	3	21
18	3	74
19	3	0
20	3	0
21	3	0
22	3	40
23	3	0
0	4	0
1	4	0
2	4	0
3	4	0
4	4	0
5	4	0
6	4	0
7	4	0
8	4	0
9	4	55
10	4	55
11	4	0
12	4	55
13	4	55
14	4	98
15	4	55
16	4	0
17	4	0
18	4	0
19	4	0
20	4	0
21	4	0
22	4	0
23	4	0
0	5	0
1	5	0
2	5	0
3	5	0
4	5	0
5	5	0
6	5	0
7	5	28
8	5	28
9	5	0
10	5	53
11	5	28
12	5	0
13	5	28
14	5	28
15	5	0
16	5	0
17	5	0
18	5	0
19	5	0
20	5	0
21	5	0
22	5	0
23	5	0
0	6	6
1	6	14
2	6	24
3	6	21
4	6	6
5	6	0
6	6	3
7	6	14
8	6	19
9	6	8
10	6	11
11	6	6
12	6	11
13	6	6
14	6	14
15	6	11
16	6	14
17	6	8
18	6	8
19	6	31
20	6	21
21	6	33
22	6	42
23	6	38
0	7	0
1	7	0
2	7	0
3	7	0
4	7	0
5	7	0
6	7	0
7	7	0
8	7	145
9	7	0
10	7	0
11	7	0
12	7	0
13	7	0
14	7	0
15	7	0
16	7	0
17	7	183
18	7	0
19	7	0
20	7	0
21	7	0
22	7	0
23	7	0
0	8	0
1	8	10
2	8	0
3	8	0
4	8	7
5	8	19
6	8	10
7	8	7
8	8	28
9	8	7
10	8	19
11	8	31
12	8	7
13	8	19
14	8	22
15	8	13
16	8	19
17	8	7
18	8	19
19	8	25
20	8	10
21	8	10
22	8	4
23	8	4
0	9	11
1	9	13
2	9	13
3	9	15
4	9	21
5	9	15
6	9	20
7	9	27
8	9	26
9	9	31
10	9	22
11	9	32
12	9	23
13	9	31
14	9	34
15	9	33
16	9	28
17	9	32
18	9	33
19	9	25
20	9	22
21	9	11
22	9	11
23	9	6
0	10	16
1	10	0
2	10	0
3	10	16
4	10	0
5	10	0
6	10	8
7	10	16
8	10	23
9	10	0
10	10	8
11	10	8
12	10	0
13	10	31
14	10	8
15	10	8
16	10	23
17	10	23
18	10	16
19	10	23
20	10	0
21	10	8
22	10	8
23	10	0
0	11	0
1	11	0
2	11	26
3	11	0
4	11	9
5	11	18
6	11	26
7	11	34
8	11	9
9	11	49
10	11	9
11	11	26
12	11	0
13	11	26
14	11	0
15	11	26
16	11	57
17	11	0
18	11	9
19	11	26
20	11	26
21	11	0
22	11	0
23	11	0
0	12	0
1	12	0
2	12	0
3	12	0
4	12	0
5	12	0
6	12	0
7	12	43
8	12	0
9	12	23
10	12	0
11	12	23
12	12	0
13	12	0
14	12	43
15	12	79
16	12	0
17	12	62
18	12	43
19	12	0
20	12	0
21	12	0
22	12	0
23	12	0
0	13	7
1	13	10
2	13	0
3	13	0
4	13	19
5	13	39
6	13	25
7	13	28
8	13	7
9	13	10
10	13	25
11	13	19
12	13	39
13	13	22
14	13	22
15	13	19
16	13	22
17	13	28
18	13	28
19	13	10
20	13	28
21	13	0
22	13	7
23	13	10
0	14	0
1	14	0
2	14	0
3	14	0
4	14	0
5	14	0
6	14	0
7	14	0
8	14	0
9	14	0
10	14	0
11	14	0
12	14	0
13	14	23
14	14	79
15	14	23
16	14	23
17	14	0
18	14	0
19	14	23
20	14	0
21	14	23
22	14	0
23	14	0
0	15	0
1	15	0
2	15	0
3	15	16
4	15	0
5	15	0
6	15	0
7	15	0
8	15	30
9	15	0
10	15	16
11	15	0
12	15	16
13	15	0
14	15	30
15	15	0
16	15	16
17	15	30
18	15	16
19	15	0
20	15	30
21	15	16
22	15	0
23	15	0
0	16	0
1	16	0
2	16	0
3	16	15
4	16	15
5	16	0
6	16	42
7	16	0
8	16	0
9	16	15
10	16	15
11	16	15
12	16	0
13	16	0
14	16	42
15	16	15
16	16	15
17	16	0
18	16	0
19	16	0
20	16	29
21	16	15
22	16	0
23	16	0
0	17	0
1	17	0
2	17	0
3	17	0
4	17	0
5	17	0
6	17	19
7	17	0
8	17	0
9	17	0
10	17	0
11	17	0
12	17	0
13	17	0
14	17	0
15	17	0
16	17	19
17	17	0
18	17	0
19	17	0
20	17	0
21	17	0
22	17	0
23	17	0
0	18	4
1	18	4
2	18	6
3	18	6
4	18	9
5	18	10
6	18	12
7	18	13
8	18	14
9	18	13
10	18	13
11	18	12
12	18	12
13	18	13
14	18	12
15	18	13
16	18	13
17	18	16
18	18	12
19	18	16
20	18	12
21	18	8
22	18	5
23	18	4
0	19	4
1	19	9
2	19	8
3	19	16
4	19	28
5	19	11
6	19	25
7	19	16
8	19	16
9	19	16
10	19	16
11	19	17
12	19	9
13	19	18
14	19	27
15	19	24
16	19	25
17	19	29
18	19	16
19	19	10
20	19	8
21	19	8
22	19	6
23	19	2
0	20	0
1	20	0
2	20	0
3	20	28
4	20	0
5	20	0
6	20	0
7	20	28
8	20	0
9	20	28
10	20	0
11	20	28
12	20	53
13	20	0
14	20	28
15	20	28
16	20	28
17	20	95
18	20	0
19	20	28
20	20	0
21	20	0
22	20	28
23	20	0
0	21	4
1	21	7
2	21	7
3	21	9
4	21	11
5	21	16
6	21	17
7	21	19
8	21	17
9	21	22
10	21	21
11	21	19
12	21	23
13	21	22
14	21	25
15	21	26
16	21	21
17	21	28
18	21	27
19	21	17
20	21	12
21	21	11
22	21	6
23	21	6
0	22	0
1	22	0
2	22	13
3	22	0
4	22	0
5	22	26
6	22	0
7	22	0
8	22	0
9	22	0
10	22	0
11	22	26
12	22	0
13	22	13
14	22	13
15	22	13
16	22	13
17	22	0
18	22	13
19	22	37
20	22	0
21	22	0
22	22	0
23	22	0
0	23	0
1	23	0
2	23	0
3	23	0
4	23	0
5	23	0
6	23	19
7	23	19
8	23	19
9	23	19
10	23	36
11	23	19
12	23	19
13	23	0
14	23	52
15	23	0
16	23	36
17	23	36
18	23	19
19	23	19
20	23	19
21	23	0
22	23	0
23	23	0
0	24	6
1	24	3
2	24	3
3	24	10
4	24	6
5	24	11
6	24	11
7	24	8
8	24	17
9	24	9
10	24	18
11	24	12
12	24	4
13	24	11
14	24	12
15	24	24
16	24	5
17	24	14
18	24	17
19	24	5
20	24	14
21	24	5
22	24	0
23	24	3
0	25	0
1	25	0
2	25	0
3	25	0
4	25	0
5	25	37
6	25	118
7	25	0
8	25	37
9	25	0
10	25	0
11	25	0
12	25	0
13	25	19
14	25	0
15	25	37
16	25	0
17	25	19
18	25	0
19	25	0
20	25	137
21	25	0
22	25	0
23	25	19
0	26	9
1	26	0
2	26	9
3	26	9
4	26	5
5	26	5
6	26	5
7	26	9
8	26	13
9	26	28
10	26	13
11	26	24
12	26	13
13	26	5
14	26	13
15	26	16
16	26	5
17	26	24
18	26	16
19	26	13
20	26	16
21	26	5
22	26	0
23	26	0
0	27	0
1	27	2
2	27	8
3	27	19
4	27	6
5	27	12
6	27	18
7	27	17
8	27	19
9	27	23
10	27	15
11	27	24
12	27	22
13	27	16
14	27	24
15	27	33
16	27	18
17	27	18
18	27	32
19	27	10
20	27	15
21	27	5
22	27	7
23	27	3
0	28	3
1	28	3
2	28	6
3	28	11
4	28	5
5	28	3
6	28	11
7	28	15
8	28	15
9	28	21
10	28	17
11	28	27
12	28	14
13	28	27
14	28	20
15	28	21
16	28	24
17	28	21
18	28	23
19	28	14
20	28	11
21	28	7
22	28	2
23	28	2
0	29	0
1	29	0
2	29	0
3	29	0
4	29	51
5	29	0
6	29	51
7	29	51
8	29	91
9	29	0
10	29	0
11	29	51
12	29	51
13	29	0
14	29	0
15	29	0
16	29	0
17	29	0
18	29	0
19	29	0
20	29	0
21	29	0
22	29	51
23	29	0
0	30	0
1	30	0
2	30	0
3	30	13
4	30	0
5	30	0
6	30	13
7	30	13
8	30	13
9	30	13
10	30	0
11	30	13
12	30	0
13	30	25
14	30	13
15	30	66
16	30	0
17	30	25
18	30	0
19	30	0
20	30	0
21	30	0
22	30	0
23	30	13
0	31	11
1	31	0
2	31	11
3	31	0
4	31	74
5	31	40
6	31	11
7	31	0
8	31	0
9	31	0
10	31	21
11	31	11
12	31	21
13	31	21
14	31	11
15	31	0
16	31	11
17	31	31
18	31	11
19	31	11
20	31	11
21	31	31
22	31	0
23	31	0
0	32	0
1	32	0
2	32	0
3	32	0
4	32	0
5	32	0
6	32	0
7	32	0
8	32	0
9	32	0
10	32	0
11	32	0
12	32	0
13	32	0
14	32	0
15	32	0
16	32	0
17	32	0
18	32	0
19	32	0
20	32	0
21	32	0
22	32	0
23	32	0
0	33	0
1	33	0
2	33	0
3	33	0
4	33	14
5	33	14
6	33	0
7	33	0
8	33	0
9	33	0
10	33	14
11	33	0
12	33	0
13	33	38
14	33	0
15	33	14
16	33	14
17	33	0
18	33	0
19	33	0
20	33	0
21	33	0
22	33	0
23	33	0
0	34	0
1	34	24
2	34	0
3	34	9
4	34	9
5	34	9
6	34	9
7	34	24
8	34	39
9	34	9
10	34	0
11	34	17
12	34	9
13	34	9
14	34	17
15	34	0
16	34	9
17	34	0
18	34	0
19	34	9
20	34	9
21	34	0
22	34	0
23	34	0
0	35	0
1	35	0
2	35	0
3	35	0
4	35	64
5	35	0
6	35	0
7	35	112
8	35	35
9	35	35
10	35	0
11	35	0
12	35	0
13	35	0
14	35	90
15	35	35
16	35	0
17	35	0
18	35	0
19	35	0
20	35	0
21	35	0
22	35	0
23	35	0
0	36	4
1	36	0
2	36	8
3	36	19
4	36	8
5	36	19
6	36	26
7	36	33
8	36	8
9	36	19
10	36	19
11	36	23
12	36	19
13	36	26
14	36	12
15	36	36
16	36	43
17	36	30
18	36	52
19	36	30
20	36	8
21	36	4
22	36	8
23	36	4
0	37	0
1	37	0
2	37	0
3	37	0
4	37	0
5	37	0
6	37	0
7	37	20
8	37	0
9	37	37
10	37	37
11	37	20
12	37	0
13	37	20
14	37	20
15	37	0
16	37	0
17	37	0
18	37	37
19	37	0
20	37	0
21	37	0
22	37	0
23	37	20
0	38	0
1	38	22
2	38	0
3	38	0
4	38	0
5	38	90
6	38	41
7	38	41
8	38	22
9	38	0
10	38	0
11	38	0
12	38	22
13	38	0
14	38	0
15	38	0
16	38	22
17	38	0
18	38	0
19	38	22
20	38	75
21	38	22
22	38	0
23	38	0
0	39	0
1	39	18
2	39	0
3	39	0
4	39	0
5	39	0
6	39	0
7	39	0
8	39	113
9	39	18
10	39	0
11	39	0
12	39	51
13	39	35
14	39	18
15	39	18
16	39	0
17	39	0
18	39	0
19	39	0
20	39	113
21	39	18
22	39	0
23	39	0
0	40	0
1	40	0
2	40	77
3	40	0
4	40	0
5	40	77
6	40	167
7	40	130
8	40	0
9	40	0
10	40	0
11	40	0
12	40	0
13	40	0
14	40	0
15	40	0
16	40	0
17	40	0
18	40	0
19	40	0
20	40	0
21	40	0
22	40	0
23	40	0
0	41	0
1	41	0
2	41	0
3	41	0
4	41	0
5	41	0
6	41	0
7	41	25
8	41	0
9	41	25
10	41	0
11	41	25
12	41	67
13	41	25
14	41	0
15	41	0
16	41	25
17	41	0
18	41	47
19	41	0
20	41	0
21	41	0
22	41	0
23	41	0
0	42	2
1	42	0
2	42	3
3	42	3
4	42	10
5	42	13
6	42	17
7	42	10
8	42	13
9	42	16
10	42	16
11	42	18
12	42	13
13	42	9
14	42	16
15	42	14
16	42	20
17	42	21
18	42	21
19	42	26
20	42	12
21	42	12
22	42	10
23	42	3
0	43	0
1	43	0
2	43	18
3	43	9
4	43	9
5	43	0
6	43	18
7	43	9
8	43	9
9	43	0
10	43	9
11	43	26
12	43	0
13	43	0
14	43	0
15	43	18
16	43	9
17	43	9
18	43	26
19	43	9
20	43	33
21	43	0
22	43	0
23	43	9
0	44	4
1	44	6
2	44	7
3	44	7
4	44	9
5	44	11
6	44	13
7	44	13
8	44	15
9	44	16
10	44	17
11	44	17
12	44	14
13	44	15
14	44	16
15	44	16
16	44	15
17	44	17
18	44	16
19	44	17
20	44	15
21	44	10
22	44	6
23	44	5
0	45	0
1	45	0
2	45	0
3	45	0
4	45	0
5	45	0
6	45	68
7	45	0
8	45	0
9	45	0
10	45	0
11	45	0
12	45	0
13	45	0
14	45	0
15	45	0
16	45	0
17	45	0
18	45	0
19	45	0
20	45	0
21	45	0
22	45	0
23	45	0
0	46	7
1	46	1
2	46	3
3	46	5
4	46	5
5	46	9
6	46	7
7	46	9
8	46	11
9	46	13
10	46	15
11	46	15
12	46	11
13	46	8
14	46	15
15	46	13
16	46	17
17	46	16
18	46	14
19	46	15
20	46	17
21	46	14
22	46	6
23	46	4
0	47	0
1	47	0
2	47	0
3	47	20
4	47	0
5	47	0
6	47	20
7	47	20
8	47	0
9	47	0
10	47	39
11	47	0
12	47	71
13	47	0
14	47	0
15	47	20
16	47	0
17	47	0
18	47	71
19	47	0
20	47	39
21	47	20
22	47	20
23	47	39
0	48	6
1	48	0
2	48	0
3	48	40
4	48	6
5	48	26
6	48	11
7	48	6
8	48	26
9	48	0
10	48	40
11	48	6
12	48	31
13	48	16
14	48	36
15	48	31
16	48	6
17	48	16
18	48	26
19	48	36
20	48	16
21	48	11
22	48	16
23	48	6
0	49	0
1	49	0
2	49	0
3	49	0
4	49	0
5	49	0
6	49	0
7	49	0
8	49	0
9	49	0
10	49	0
11	49	17
12	49	17
13	49	0
14	49	0
15	49	0
16	49	17
17	49	17
18	49	0
19	49	33
20	49	0
21	49	0
22	49	0
23	49	0
0	50	0
1	50	0
2	50	0
3	50	0
4	50	0
5	50	0
6	50	0
7	50	0
8	50	0
9	50	123
10	50	0
11	50	0
12	50	0
13	50	0
14	50	0
15	50	0
16	50	0
17	50	0
18	50	0
19	50	187
20	50	0
21	50	0
22	50	0
23	50	0
0	51	3
1	51	5
2	51	6
3	51	7
4	51	10
5	51	12
6	51	14
7	51	14
8	51	15
9	51	17
10	51	17
11	51	16
12	51	15
13	51	17
14	51	17
15	51	17
16	51	18
17	51	18
18	51	18
19	51	17
20	51	12
21	51	9
22	51	5
23	51	3
0	52	0
1	52	0
2	52	18
3	52	0
4	52	0
5	52	0
6	52	35
7	52	18
8	52	18
9	52	0
10	52	0
11	52	18
12	52	51
13	52	0
14	52	91
15	52	0
16	52	0
17	52	18
18	52	0
19	52	18
20	52	0
21	52	18
22	52	0
23	52	0
0	53	5
1	53	5
2	53	5
3	53	5
4	53	0
5	53	9
6	53	29
7	53	25
8	53	21
9	53	9
10	53	17
11	53	13
12	53	5
13	53	21
14	53	9
15	53	25
16	53	0
17	53	0
18	53	9
19	53	21
20	53	0
21	53	9
22	53	5
23	53	0
0	54	1
1	54	9
2	54	7
3	54	8
4	54	36
5	54	23
6	54	12
7	54	16
8	54	19
9	54	16
10	54	17
11	54	15
12	54	18
13	54	16
14	54	13
15	54	17
16	54	22
17	54	18
18	54	9
19	54	5
20	54	8
21	54	6
22	54	4
23	54	0
0	55	0
1	55	0
2	55	17
3	55	17
4	55	0
5	55	0
6	55	62
7	55	0
8	55	0
9	55	17
10	55	33
11	55	0
12	55	0
13	55	0
14	55	0
15	55	0
16	55	17
17	55	17
18	55	0
19	55	48
20	55	33
21	55	17
22	55	0
23	55	0
0	56	4
1	56	8
2	56	6
3	56	8
4	56	10
5	56	10
6	56	24
7	56	12
8	56	20
9	56	22
10	56	19
11	56	20
12	56	23
13	56	17
14	56	21
15	56	17
16	56	20
17	56	18
18	56	19
19	56	30
20	56	11
21	56	12
22	56	9
23	56	2
0	57	0
1	57	0
2	57	0
3	57	0
4	57	0
5	57	0
6	57	0
7	57	0
8	57	0
9	57	0
10	57	30
11	57	43
12	57	30
13	57	43
14	57	0
15	57	0
16	57	30
17	57	16
18	57	0
19	57	0
20	57	0
21	57	0
22	57	0
23	57	0
0	58	2
1	58	3
2	58	4
3	58	3
4	58	6
5	58	8
6	58	7
7	58	10
8	58	10
9	58	9
10	58	9
11	58	9
12	58	9
13	58	9
14	58	11
15	58	8
16	58	8
17	58	9
18	58	6
19	58	9
20	58	8
21	58	4
22	58	3
23	58	4
0	59	6
1	59	3
2	59	0
3	59	6
4	59	6
5	59	6
6	59	22
7	59	14
8	59	12
9	59	19
10	59	9
11	59	0
12	59	9
13	59	17
14	59	6
15	59	9
16	59	6
17	59	12
18	59	27
19	59	49
20	59	3
21	59	19
22	59	9
23	59	12
0	60	0
1	60	0
2	60	0
3	60	0
4	60	0
5	60	0
6	60	0
7	60	0
8	60	0
9	60	0
10	60	37
11	60	0
12	60	0
13	60	0
14	60	0
15	60	37
16	60	68
17	60	37
18	60	68
19	60	0
20	60	37
21	60	0
22	60	0
23	60	0
0	61	0
1	61	0
2	61	10
3	61	0
4	61	0
5	61	0
6	61	0
7	61	0
8	61	0
9	61	0
10	61	19
11	61	0
12	61	0
13	61	19
14	61	0
15	61	10
16	61	0
17	61	0
18	61	10
19	61	60
20	61	53
21	61	0
22	61	10
23	61	0
0	62	2
1	62	6
2	62	4
3	62	18
4	62	9
5	62	13
6	62	18
7	62	15
8	62	11
9	62	20
10	62	31
11	62	6
12	62	18
13	62	21
14	62	25
15	62	13
16	62	15
17	62	4
18	62	23
19	62	13
20	62	20
21	62	4
22	62	8
23	62	8
0	63	2
1	63	8
2	63	11
3	63	9
4	63	11
5	63	3
6	63	11
7	63	12
8	63	11
9	63	8
10	63	9
11	63	8
12	63	11
13	63	18
14	63	17
15	63	12
16	63	8
17	63	26
18	63	15
19	63	25
20	63	8
21	63	9
22	63	2
23	63	0
0	64	0
1	64	0
2	64	0
3	64	0
4	64	0
5	64	0
6	64	58
7	64	0
8	64	0
9	64	0
10	64	0
11	64	0
12	64	0
13	64	0
14	64	0
15	64	0
16	64	58
17	64	0
18	64	58
19	64	58
20	64	0
21	64	0
22	64	0
23	64	0
0	65	0
1	65	0
2	65	0
3	65	34
4	65	0
5	65	0
6	65	0
7	65	0
8	65	0
9	65	34
10	65	0
11	65	0
12	65	0
13	65	0
14	65	0
15	65	0
16	65	0
17	65	0
18	65	0
19	65	0
20	65	0
21	65	34
22	65	0
23	65	0
0	66	0
1	66	0
2	66	0
3	66	17
4	66	0
5	66	0
6	66	17
7	66	0
8	66	17
9	66	48
10	66	17
11	66	33
12	66	33
13	66	33
14	66	0
15	66	17
16	66	0
17	66	17
18	66	17
19	66	17
20	66	17
21	66	17
22	66	0
23	66	0
0	67	0
1	67	0
2	67	0
3	67	0
4	67	0
5	67	0
6	67	20
7	67	20
8	67	0
9	67	0
10	67	38
11	67	20
12	67	0
13	67	0
14	67	0
15	67	20
16	67	0
17	67	20
18	67	0
19	67	55
20	67	55
21	67	20
22	67	0
23	67	0
0	68	3
1	68	4
2	68	5
3	68	5
4	68	7
5	68	10
6	68	11
7	68	10
8	68	13
9	68	12
10	68	13
11	68	13
12	68	11
13	68	12
14	68	12
15	68	12
16	68	12
17	68	14
18	68	14
19	68	13
20	68	10
21	68	7
22	68	5
23	68	3
0	69	3
1	69	2
2	69	3
3	69	10
4	69	8
5	69	8
6	69	4
7	69	12
8	69	7
9	69	11
10	69	12
11	69	18
12	69	10
13	69	21
14	69	21
15	69	26
16	69	25
17	69	20
18	69	12
19	69	20
20	69	17
21	69	18
22	69	8
23	69	8
0	70	0
1	70	33
2	70	0
3	70	0
4	70	0
5	70	0
6	70	0
7	70	0
8	70	0
9	70	0
10	70	0
11	70	33
12	70	0
13	70	0
14	70	0
15	70	0
16	70	0
17	70	0
18	70	0
19	70	0
20	70	0
21	70	0
22	70	0
23	70	0
0	71	0
1	71	0
2	71	0
3	71	0
4	71	58
5	71	0
6	71	40
7	71	58
8	71	0
9	71	0
10	71	0
11	71	40
12	71	0
13	71	21
14	71	0
15	71	21
16	71	0
17	71	21
18	71	21
19	71	40
20	71	0
21	71	0
22	71	0
23	71	0
0	72	0
1	72	0
2	72	0
3	72	0
4	72	0
5	72	0
6	72	0
7	72	0
8	72	0
9	72	0
10	72	0
11	72	0
12	72	0
13	72	0
14	72	0
15	72	0
16	72	0
17	72	0
18	72	0
19	72	82
20	72	0
21	72	0
22	72	0
23	72	0
0	73	0
1	73	0
2	73	0
3	73	30
4	73	0
5	73	0
6	73	0
7	73	16
8	73	30
9	73	16
10	73	16
11	73	16
12	73	43
13	73	30
14	73	16
15	73	56
16	73	16
17	73	30
18	73	43
19	73	0
20	73	43
21	73	30
22	73	0
23	73	0
0	74	69
1	74	49
2	74	0
3	74	0
4	74	0
5	74	0
6	74	0
7	74	0
8	74	26
9	74	69
10	74	49
11	74	0
12	74	0
13	74	69
14	74	26
15	74	0
16	74	69
17	74	26
18	74	26
19	74	26
20	74	26
21	74	0
22	74	0
23	74	0
0	75	34
1	75	0
2	75	34
3	75	23
4	75	23
5	75	34
6	75	0
7	75	12
8	75	12
9	75	0
10	75	0
11	75	0
12	75	0
13	75	12
14	75	0
15	75	12
16	75	23
17	75	0
18	75	12
19	75	12
20	75	0
21	75	0
22	75	0
23	75	0
