Counts for Huawei(6) in Pakistan(32):
Hour	Location Index	Count
0	0	0
1	0	0
2	0	0
3	0	0
4	0	0
5	0	0
6	0	0
7	0	0
8	0	0
9	0	0
10	0	3
11	0	0
12	0	0
13	0	3
14	0	0
15	0	3
16	0	0
17	0	0
18	0	0
19	0	5
20	0	0
21	0	0
22	0	0
23	0	0
0	1	0
1	1	0
2	1	0
3	1	0
4	1	0
5	1	27
6	1	0
7	1	0
8	1	0
9	1	0
10	1	0
11	1	0
12	1	0
13	1	0
14	1	0
15	1	0
16	1	27
17	1	0
18	1	0
19	1	0
20	1	0
21	1	0
22	1	0
23	1	0
0	2	0
1	2	0
2	2	0
3	2	0
4	2	0
5	2	0
6	2	0
7	2	0
8	2	0
9	2	0
10	2	0
11	2	0
12	2	0
13	2	0
14	2	0
15	2	0
16	2	0
17	2	0
18	2	0
19	2	0
20	2	0
21	2	0
22	2	0
23	2	0
0	3	0
1	3	0
2	3	0
3	3	0
4	3	0
5	3	21
6	3	0
7	3	0
8	3	0
9	3	0
10	3	0
11	3	0
12	3	0
13	3	21
14	3	0
15	3	0
16	3	0
17	3	0
18	3	0
19	3	0
20	3	0
21	3	0
22	3	0
23	3	0
0	4	0
1	4	0
2	4	0
3	4	0
4	4	0
5	4	0
6	4	0
7	4	0
8	4	0
9	4	0
10	4	0
11	4	0
12	4	0
13	4	0
14	4	0
15	4	0
16	4	0
17	4	0
18	4	0
19	4	0
20	4	0
21	4	0
22	4	0
23	4	0
0	5	0
1	5	0
2	5	0
3	5	0
4	5	0
5	5	0
6	5	0
7	5	0
8	5	28
9	5	0
10	5	0
11	5	0
12	5	0
13	5	0
14	5	0
15	5	0
16	5	0
17	5	0
18	5	0
19	5	0
20	5	0
21	5	0
22	5	0
23	5	0
0	6	0
1	6	0
2	6	0
3	6	3
4	6	0
5	6	0
6	6	0
7	6	0
8	6	0
9	6	0
10	6	3
11	6	0
12	6	0
13	6	0
14	6	3
15	6	0
16	6	3
17	6	0
18	6	8
19	6	0
20	6	6
21	6	0
22	6	6
23	6	0
0	7	0
1	7	0
2	7	0
3	7	0
4	7	0
5	7	0
6	7	0
7	7	0
8	7	0
9	7	0
10	7	0
11	7	0
12	7	0
13	7	0
14	7	0
15	7	0
16	7	0
17	7	0
18	7	0
19	7	0
20	7	0
21	7	0
22	7	0
23	7	0
0	8	0
1	8	0
2	8	0
3	8	0
4	8	0
5	8	0
6	8	4
7	8	4
8	8	0
9	8	0
10	8	0
11	8	0
12	8	0
13	8	0
14	8	0
15	8	0
16	8	4
17	8	0
18	8	0
19	8	4
20	8	4
21	8	0
22	8	0
23	8	0
0	9	1
1	9	1
2	9	0
3	9	0
4	9	1
5	9	3
6	9	1
7	9	1
8	9	1
9	9	2
10	9	3
11	9	2
12	9	3
13	9	2
14	9	3
15	9	3
16	9	2
17	9	1
18	9	3
19	9	1
20	9	2
21	9	1
22	9	0
23	9	0
0	10	0
1	10	0
2	10	0
3	10	0
4	10	0
5	10	8
6	10	0
7	10	8
8	10	0
9	10	23
10	10	0
11	10	23
12	10	0
13	10	0
14	10	23
15	10	16
16	10	8
17	10	0
18	10	0
19	10	0
20	10	0
21	10	8
22	10	0
23	10	0
0	11	0
1	11	0
2	11	0
3	11	0
4	11	0
5	11	0
6	11	0
7	11	9
8	11	0
9	11	0
10	11	18
11	11	0
12	11	9
13	11	0
14	11	0
15	11	9
16	11	0
17	11	9
18	11	0
19	11	0
20	11	0
21	11	0
22	11	0
23	11	0
0	12	0
1	12	0
2	12	0
3	12	0
4	12	0
5	12	0
6	12	0
7	12	0
8	12	0
9	12	0
10	12	0
11	12	0
12	12	0
13	12	0
14	12	23
15	12	0
16	12	0
17	12	0
18	12	0
19	12	0
20	12	0
21	12	0
22	12	0
23	12	0
0	13	0
1	13	0
2	13	4
3	13	0
4	13	0
5	13	0
6	13	0
7	13	0
8	13	0
9	13	4
10	13	4
11	13	0
12	13	0
13	13	0
14	13	0
15	13	0
16	13	0
17	13	4
18	13	4
19	13	4
20	13	0
21	13	0
22	13	0
23	13	0
0	14	0
1	14	0
2	14	0
3	14	0
4	14	0
5	14	0
6	14	0
7	14	0
8	14	0
9	14	0
10	14	0
11	14	0
12	14	0
13	14	0
14	14	0
15	14	0
16	14	0
17	14	0
18	14	0
19	14	0
20	14	0
21	14	0
22	14	0
23	14	0
0	15	0
1	15	0
2	15	0
3	15	0
4	15	0
5	15	0
6	15	16
7	15	0
8	15	0
9	15	0
10	15	0
11	15	0
12	15	0
13	15	0
14	15	0
15	15	0
16	15	0
17	15	0
18	15	0
19	15	0
20	15	0
21	15	0
22	15	0
23	15	0
0	16	0
1	16	15
2	16	0
3	16	0
4	16	0
5	16	0
6	16	0
7	16	0
8	16	0
9	16	0
10	16	0
11	16	0
12	16	0
13	16	0
14	16	0
15	16	0
16	16	0
17	16	0
18	16	0
19	16	15
20	16	0
21	16	0
22	16	0
23	16	0
0	17	0
1	17	0
2	17	0
3	17	0
4	17	0
5	17	0
6	17	0
7	17	37
8	17	0
9	17	0
10	17	19
11	17	0
12	17	0
13	17	0
14	17	0
15	17	0
16	17	0
17	17	0
18	17	0
19	17	0
20	17	0
21	17	0
22	17	0
23	17	0
0	18	1
1	18	1
2	18	2
3	18	2
4	18	2
5	18	3
6	18	3
7	18	3
8	18	3
9	18	5
10	18	6
11	18	2
12	18	3
13	18	3
14	18	3
15	18	2
16	18	3
17	18	3
18	18	3
19	18	2
20	18	2
21	18	1
22	18	1
23	18	1
0	19	2
1	19	0
2	19	2
3	19	2
4	19	3
5	19	2
6	19	4
7	19	2
8	19	3
9	19	0
10	19	2
11	19	2
12	19	2
13	19	2
14	19	2
15	19	3
16	19	4
17	19	5
18	19	2
19	19	0
20	19	2
21	19	2
22	19	0
23	19	2
0	20	0
1	20	0
2	20	0
3	20	0
4	20	0
5	20	0
6	20	0
7	20	28
8	20	0
9	20	0
10	20	0
11	20	0
12	20	0
13	20	0
14	20	0
15	20	0
16	20	0
17	20	0
18	20	0
19	20	0
20	20	0
21	20	0
22	20	0
23	20	0
0	21	1
1	21	0
2	21	0
3	21	2
4	21	1
5	21	2
6	21	2
7	21	2
8	21	3
9	21	2
10	21	2
11	21	8
12	21	2
13	21	2
14	21	3
15	21	1
16	21	3
17	21	2
18	21	2
19	21	4
20	21	2
21	21	3
22	21	1
23	21	0
0	22	0
1	22	0
2	22	0
3	22	0
4	22	0
5	22	0
6	22	0
7	22	0
8	22	0
9	22	26
10	22	0
11	22	0
12	22	0
13	22	0
14	22	0
15	22	0
16	22	0
17	22	0
18	22	0
19	22	0
20	22	0
21	22	0
22	22	0
23	22	0
0	23	0
1	23	0
2	23	0
3	23	0
4	23	0
5	23	19
6	23	0
7	23	0
8	23	0
9	23	0
10	23	19
11	23	0
12	23	0
13	23	0
14	23	0
15	23	0
16	23	0
17	23	0
18	23	0
19	23	0
20	23	0
21	23	0
22	23	0
23	23	0
0	24	0
1	24	0
2	24	2
3	24	2
4	24	3
5	24	2
6	24	4
7	24	0
8	24	3
9	24	2
10	24	6
11	24	0
12	24	0
13	24	4
14	24	3
15	24	8
16	24	6
17	24	3
18	24	2
19	24	4
20	24	3
21	24	0
22	24	0
23	24	0
0	25	0
1	25	0
2	25	0
3	25	0
4	25	19
5	25	0
6	25	0
7	25	0
8	25	0
9	25	19
10	25	0
11	25	0
12	25	0
13	25	19
14	25	0
15	25	0
16	25	0
17	25	0
18	25	19
19	25	0
20	25	0
21	25	0
22	25	0
23	25	0
0	26	0
1	26	0
2	26	0
3	26	0
4	26	0
5	26	5
6	26	0
7	26	0
8	26	0
9	26	9
10	26	0
11	26	0
12	26	0
13	26	5
14	26	0
15	26	5
16	26	5
17	26	5
18	26	0
19	26	0
20	26	5
21	26	0
22	26	9
23	26	0
0	27	0
1	27	10
2	27	3
3	27	0
4	27	5
5	27	3
6	27	0
7	27	5
8	27	0
9	27	3
10	27	4
11	27	6
12	27	2
13	27	2
14	27	2
15	27	3
16	27	5
17	27	2
18	27	2
19	27	2
20	27	0
21	27	0
22	27	3
23	27	2
0	28	0
1	28	0
2	28	0
3	28	0
4	28	1
5	28	1
6	28	0
7	28	1
8	28	3
9	28	1
10	28	2
11	28	1
12	28	0
13	28	1
14	28	0
15	28	0
16	28	3
17	28	1
18	28	3
19	28	1
20	28	0
21	28	0
22	28	0
23	28	0
0	29	0
1	29	0
2	29	0
3	29	0
4	29	0
5	29	0
6	29	0
7	29	0
8	29	0
9	29	0
10	29	0
11	29	0
12	29	0
13	29	0
14	29	0
15	29	0
16	29	0
17	29	0
18	29	0
19	29	0
20	29	0
21	29	0
22	29	0
23	29	0
0	30	0
1	30	0
2	30	0
3	30	0
4	30	0
5	30	0
6	30	0
7	30	0
8	30	0
9	30	0
10	30	0
11	30	0
12	30	0
13	30	0
14	30	0
15	30	0
16	30	0
17	30	0
18	30	25
19	30	0
20	30	0
21	30	0
22	30	0
23	30	0
0	31	0
1	31	0
2	31	0
3	31	0
4	31	0
5	31	0
6	31	0
7	31	0
8	31	0
9	31	0
10	31	0
11	31	0
12	31	0
13	31	0
14	31	0
15	31	0
16	31	0
17	31	0
18	31	0
19	31	0
20	31	0
21	31	0
22	31	0
23	31	0
0	32	0
1	32	0
2	32	0
3	32	0
4	32	0
5	32	0
6	32	0
7	32	0
8	32	0
9	32	0
10	32	0
11	32	0
12	32	0
13	32	0
14	32	0
15	32	0
16	32	0
17	32	0
18	32	0
19	32	0
20	32	0
21	32	0
22	32	0
23	32	0
0	33	0
1	33	0
2	33	0
3	33	0
4	33	0
5	33	119
6	33	126
7	33	227
8	33	0
9	33	0
10	33	0
11	33	0
12	33	0
13	33	0
14	33	0
15	33	0
16	33	0
17	33	0
18	33	0
19	33	0
20	33	0
21	33	0
22	33	0
23	33	0
0	34	0
1	34	0
2	34	0
3	34	0
4	34	0
5	34	0
6	34	0
7	34	0
8	34	0
9	34	0
10	34	0
11	34	0
12	34	0
13	34	9
14	34	0
15	34	0
16	34	0
17	34	0
18	34	0
19	34	0
20	34	0
21	34	0
22	34	0
23	34	0
0	35	0
1	35	0
2	35	0
3	35	0
4	35	0
5	35	0
6	35	0
7	35	0
8	35	0
9	35	0
10	35	0
11	35	0
12	35	0
13	35	0
14	35	0
15	35	0
16	35	0
17	35	0
18	35	0
19	35	0
20	35	0
21	35	0
22	35	0
23	35	0
0	36	0
1	36	0
2	36	0
3	36	0
4	36	4
5	36	0
6	36	4
7	36	0
8	36	4
9	36	0
10	36	0
11	36	0
12	36	0
13	36	0
14	36	0
15	36	4
16	36	4
17	36	0
18	36	0
19	36	12
20	36	0
21	36	0
22	36	0
23	36	0
0	37	0
1	37	0
2	37	0
3	37	0
4	37	0
5	37	0
6	37	0
7	37	0
8	37	0
9	37	0
10	37	0
11	37	0
12	37	0
13	37	0
14	37	0
15	37	0
16	37	0
17	37	0
18	37	0
19	37	0
20	37	0
21	37	0
22	37	0
23	37	0
0	38	0
1	38	0
2	38	0
3	38	0
4	38	0
5	38	0
6	38	0
7	38	0
8	38	22
9	38	0
10	38	0
11	38	0
12	38	0
13	38	0
14	38	0
15	38	0
16	38	0
17	38	0
18	38	0
19	38	0
20	38	0
21	38	0
22	38	0
23	38	0
0	39	0
1	39	0
2	39	0
3	39	0
4	39	0
5	39	0
6	39	0
7	39	18
8	39	0
9	39	0
10	39	0
11	39	0
12	39	35
13	39	0
14	39	0
15	39	0
16	39	0
17	39	0
18	39	0
19	39	0
20	39	0
21	39	0
22	39	0
23	39	0
0	40	0
1	40	0
2	40	0
3	40	0
4	40	0
5	40	0
6	40	0
7	40	0
8	40	0
9	40	0
10	40	0
11	40	0
12	40	0
13	40	0
14	40	0
15	40	0
16	40	0
17	40	0
18	40	0
19	40	0
20	40	0
21	40	0
22	40	0
23	40	0
0	41	0
1	41	0
2	41	0
3	41	0
4	41	0
5	41	0
6	41	0
7	41	0
8	41	0
9	41	0
10	41	0
11	41	25
12	41	0
13	41	0
14	41	0
15	41	0
16	41	0
17	41	0
18	41	0
19	41	0
20	41	0
21	41	0
22	41	0
23	41	0
0	42	0
1	42	0
2	42	0
3	42	2
4	42	0
5	42	0
6	42	2
7	42	3
8	42	0
9	42	3
10	42	0
11	42	2
12	42	0
13	42	0
14	42	2
15	42	5
16	42	3
17	42	2
18	42	0
19	42	0
20	42	2
21	42	3
22	42	0
23	42	0
0	43	0
1	43	0
2	43	9
3	43	0
4	43	0
5	43	0
6	43	0
7	43	0
8	43	0
9	43	0
10	43	0
11	43	0
12	43	0
13	43	0
14	43	0
15	43	0
16	43	9
17	43	0
18	43	0
19	43	0
20	43	0
21	43	0
22	43	0
23	43	0
0	44	1
1	44	1
2	44	1
3	44	4
4	44	8
5	44	6
6	44	5
7	44	5
8	44	4
9	44	3
10	44	3
11	44	3
12	44	3
13	44	3
14	44	3
15	44	3
16	44	3
17	44	4
18	44	3
19	44	3
20	44	2
21	44	1
22	44	1
23	44	1
0	45	0
1	45	0
2	45	0
3	45	0
4	45	0
5	45	0
6	45	0
7	45	0
8	45	0
9	45	0
10	45	0
11	45	0
12	45	0
13	45	0
14	45	0
15	45	0
16	45	0
17	45	0
18	45	0
19	45	0
20	45	0
21	45	0
22	45	0
23	45	0
0	46	0
1	46	1
2	46	0
3	46	3
4	46	2
5	46	0
6	46	3
7	46	3
8	46	2
9	46	1
10	46	1
11	46	2
12	46	1
13	46	0
14	46	3
15	46	2
16	46	0
17	46	3
18	46	4
19	46	3
20	46	2
21	46	5
22	46	1
23	46	2
0	47	0
1	47	0
2	47	0
3	47	0
4	47	0
5	47	0
6	47	0
7	47	0
8	47	0
9	47	0
10	47	0
11	47	20
12	47	0
13	47	0
14	47	0
15	47	0
16	47	0
17	47	0
18	47	0
19	47	0
20	47	0
21	47	0
22	47	0
23	47	0
0	48	0
1	48	11
2	48	0
3	48	0
4	48	0
5	48	6
6	48	0
7	48	0
8	48	0
9	48	0
10	48	0
11	48	0
12	48	0
13	48	0
14	48	0
15	48	0
16	48	0
17	48	0
18	48	0
19	48	0
20	48	0
21	48	0
22	48	0
23	48	0
0	49	0
1	49	0
2	49	0
3	49	0
4	49	0
5	49	0
6	49	0
7	49	0
8	49	0
9	49	0
10	49	0
11	49	0
12	49	0
13	49	0
14	49	0
15	49	0
16	49	0
17	49	0
18	49	0
19	49	0
20	49	0
21	49	0
22	49	0
23	49	0
0	50	0
1	50	0
2	50	0
3	50	0
4	50	0
5	50	0
6	50	0
7	50	0
8	50	0
9	50	0
10	50	0
11	50	0
12	50	0
13	50	0
14	50	0
15	50	0
16	50	0
17	50	0
18	50	0
19	50	0
20	50	0
21	50	0
22	50	0
23	50	0
0	51	1
1	51	1
2	51	2
3	51	2
4	51	2
5	51	2
6	51	3
7	51	3
8	51	3
9	51	3
10	51	4
11	51	3
12	51	3
13	51	3
14	51	3
15	51	3
16	51	3
17	51	3
18	51	3
19	51	3
20	51	2
21	51	1
22	51	1
23	51	1
0	52	0
1	52	0
2	52	0
3	52	0
4	52	0
5	52	0
6	52	0
7	52	0
8	52	0
9	52	0
10	52	0
11	52	0
12	52	0
13	52	0
14	52	0
15	52	0
16	52	0
17	52	0
18	52	18
19	52	0
20	52	0
21	52	0
22	52	0
23	52	0
0	53	0
1	53	0
2	53	0
3	53	0
4	53	0
5	53	0
6	53	0
7	53	0
8	53	0
9	53	0
10	53	5
11	53	0
12	53	9
13	53	21
14	53	5
15	53	5
16	53	0
17	53	5
18	53	0
19	53	9
20	53	0
21	53	5
22	53	0
23	53	0
0	54	0
1	54	1
2	54	0
3	54	1
4	54	2
5	54	3
6	54	3
7	54	8
8	54	3
9	54	3
10	54	2
11	54	3
12	54	1
13	54	5
14	54	5
15	54	2
16	54	3
17	54	4
18	54	2
19	54	3
20	54	1
21	54	0
22	54	0
23	54	2
0	55	0
1	55	0
2	55	0
3	55	0
4	55	0
5	55	0
6	55	0
7	55	0
8	55	0
9	55	17
10	55	0
11	55	0
12	55	0
13	55	0
14	55	0
15	55	0
16	55	0
17	55	0
18	55	0
19	55	0
20	55	0
21	55	0
22	55	0
23	55	0
0	56	1
1	56	1
2	56	6
3	56	3
4	56	7
5	56	7
6	56	7
7	56	5
8	56	3
9	56	4
10	56	5
11	56	4
12	56	5
13	56	3
14	56	3
15	56	6
16	56	2
17	56	3
18	56	3
19	56	3
20	56	2
21	56	3
22	56	2
23	56	2
0	57	0
1	57	0
2	57	0
3	57	0
4	57	0
5	57	0
6	57	0
7	57	0
8	57	0
9	57	0
10	57	0
11	57	0
12	57	0
13	57	0
14	57	0
15	57	0
16	57	0
17	57	0
18	57	0
19	57	0
20	57	0
21	57	0
22	57	0
23	57	0
0	58	1
1	58	1
2	58	1
3	58	2
4	58	1
5	58	2
6	58	2
7	58	2
8	58	3
9	58	3
10	58	3
11	58	3
12	58	2
13	58	3
14	58	4
15	58	5
16	58	2
17	58	2
18	58	3
19	58	3
20	58	2
21	58	2
22	58	1
23	58	1
0	59	22
1	59	0
2	59	0
3	59	0
4	59	0
5	59	0
6	59	0
7	59	0
8	59	0
9	59	3
10	59	3
11	59	0
12	59	0
13	59	3
14	59	6
15	59	3
16	59	0
17	59	12
18	59	0
19	59	0
20	59	3
21	59	0
22	59	3
23	59	0
0	60	0
1	60	0
2	60	0
3	60	0
4	60	0
5	60	37
6	60	0
7	60	0
8	60	0
9	60	0
10	60	0
11	60	0
12	60	0
13	60	68
14	60	0
15	60	0
16	60	37
17	60	0
18	60	0
19	60	0
20	60	0
21	60	0
22	60	0
23	60	0
0	61	0
1	61	0
2	61	0
3	61	0
4	61	0
5	61	0
6	61	0
7	61	0
8	61	28
9	61	0
10	61	0
11	61	0
12	61	0
13	61	0
14	61	0
15	61	0
16	61	0
17	61	0
18	61	10
19	61	10
20	61	0
21	61	0
22	61	0
23	61	0
0	62	4
1	62	2
2	62	0
3	62	0
4	62	2
5	62	8
6	62	44
7	62	2
8	62	4
9	62	0
10	62	2
11	62	6
12	62	4
13	62	2
14	62	0
15	62	0
16	62	4
17	62	2
18	62	0
19	62	0
20	62	0
21	62	0
22	62	0
23	62	0
0	63	2
1	63	0
2	63	2
3	63	2
4	63	6
5	63	2
6	63	0
7	63	2
8	63	0
9	63	6
10	63	3
11	63	2
12	63	0
13	63	2
14	63	0
15	63	0
16	63	3
17	63	0
18	63	0
19	63	0
20	63	0
21	63	0
22	63	0
23	63	0
0	64	0
1	64	0
2	64	0
3	64	0
4	64	0
5	64	0
6	64	0
7	64	0
8	64	0
9	64	0
10	64	0
11	64	58
12	64	0
13	64	0
14	64	0
15	64	0
16	64	0
17	64	0
18	64	0
19	64	0
20	64	0
21	64	0
22	64	0
23	64	0
0	65	0
1	65	0
2	65	0
3	65	0
4	65	0
5	65	0
6	65	0
7	65	0
8	65	0
9	65	0
10	65	0
11	65	0
12	65	0
13	65	0
14	65	0
15	65	0
16	65	0
17	65	0
18	65	0
19	65	0
20	65	0
21	65	0
22	65	0
23	65	0
0	66	0
1	66	0
2	66	0
3	66	0
4	66	0
5	66	0
6	66	0
7	66	0
8	66	0
9	66	0
10	66	0
11	66	0
12	66	0
13	66	0
14	66	0
15	66	0
16	66	0
17	66	0
18	66	0
19	66	0
20	66	0
21	66	0
22	66	0
23	66	0
0	67	0
1	67	0
2	67	0
3	67	20
4	67	20
5	67	0
6	67	0
7	67	0
8	67	0
9	67	0
10	67	0
11	67	0
12	67	0
13	67	0
14	67	0
15	67	0
16	67	0
17	67	0
18	67	38
19	67	20
20	67	20
21	67	0
22	67	0
23	67	0
0	68	1
1	68	2
2	68	2
3	68	2
4	68	3
5	68	2
6	68	3
7	68	4
8	68	3
9	68	3
10	68	3
11	68	3
12	68	3
13	68	3
14	68	3
15	68	3
16	68	3
17	68	3
18	68	3
19	68	2
20	68	2
21	68	2
22	68	1
23	68	1
0	69	0
1	69	0
2	69	2
3	69	0
4	69	0
5	69	0
6	69	0
7	69	2
8	69	0
9	69	2
10	69	2
11	69	2
12	69	0
13	69	0
14	69	2
15	69	0
16	69	2
17	69	2
18	69	3
19	69	0
20	69	2
21	69	0
22	69	2
23	69	0
0	70	0
1	70	0
2	70	0
3	70	0
4	70	0
5	70	0
6	70	0
7	70	0
8	70	0
9	70	0
10	70	0
11	70	0
12	70	0
13	70	0
14	70	0
15	70	0
16	70	0
17	70	0
18	70	0
19	70	0
20	70	0
21	70	0
22	70	0
23	70	0
0	71	0
1	71	0
2	71	0
3	71	0
4	71	0
5	71	0
6	71	0
7	71	21
8	71	0
9	71	0
10	71	0
11	71	0
12	71	0
13	71	0
14	71	0
15	71	0
16	71	0
17	71	0
18	71	0
19	71	0
20	71	0
21	71	0
22	71	0
23	71	0
0	72	0
1	72	0
2	72	0
3	72	0
4	72	0
5	72	0
6	72	0
7	72	0
8	72	0
9	72	0
10	72	0
11	72	0
12	72	0
13	72	0
14	72	0
15	72	0
16	72	0
17	72	0
18	72	0
19	72	0
20	72	0
21	72	0
22	72	0
23	72	0
0	73	0
1	73	0
2	73	0
3	73	0
4	73	0
5	73	0
6	73	0
7	73	0
8	73	0
9	73	0
10	73	0
11	73	0
12	73	0
13	73	0
14	73	30
15	73	0
16	73	16
17	73	0
18	73	0
19	73	0
20	73	0
21	73	0
22	73	0
23	73	0
0	74	0
1	74	0
2	74	0
3	74	0
4	74	0
5	74	0
6	74	0
7	74	0
8	74	0
9	74	0
10	74	0
11	74	0
12	74	0
13	74	0
14	74	0
15	74	0
16	74	0
17	74	0
18	74	0
19	74	0
20	74	0
21	74	0
22	74	0
23	74	0
0	75	0
1	75	0
2	75	0
3	75	0
4	75	0
5	75	0
6	75	0
7	75	0
8	75	12
9	75	0
10	75	0
11	75	0
12	75	0
13	75	0
14	75	12
15	75	23
16	75	0
17	75	0
18	75	0
19	75	0
20	75	0
21	75	0
22	75	12
23	75	0
