Counts for Samsung(12) in Hong Kong(17):
Hour	Location Index	Count
0	0	10
1	0	29
2	0	10
3	0	10
4	0	23
5	0	26
6	0	13
7	0	7
8	0	7
9	0	10
10	0	17
11	0	10
12	0	0
13	0	13
14	0	23
15	0	13
16	0	34
17	0	10
18	0	4
19	0	4
20	0	7
21	0	4
22	0	0
23	0	17
0	1	17
1	1	17
2	1	17
3	1	18
4	1	19
5	1	20
6	1	18
7	1	18
8	1	18
9	1	19
10	1	20
11	1	20
12	1	19
13	1	20
14	1	20
15	1	20
16	1	22
17	1	13
18	1	8
19	1	4
20	1	3
21	1	3
22	1	6
23	1	13
0	2	12
1	2	12
2	2	16
3	2	8
4	2	7
5	2	7
6	2	8
7	2	12
8	2	10
9	2	15
10	2	17
11	2	17
12	2	18
13	2	12
14	2	15
15	2	12
16	2	17
17	2	8
18	2	4
19	2	2
20	2	0
21	2	3
22	2	6
23	2	8
0	3	17
1	3	8
2	3	15
3	3	13
4	3	8
5	3	11
6	3	8
7	3	13
8	3	10
9	3	12
10	3	8
11	3	8
12	3	8
13	3	15
14	3	12
15	3	15
16	3	17
17	3	12
18	3	7
19	3	3
20	3	2
21	3	0
22	3	2
23	3	10
0	4	12
1	4	6
2	4	12
3	4	14
4	4	7
5	4	9
6	4	9
7	4	14
8	4	9
9	4	12
10	4	13
11	4	6
12	4	12
13	4	16
14	4	18
15	4	16
16	4	16
17	4	6
18	4	10
19	4	5
20	4	3
21	4	3
22	4	7
23	4	13
0	5	7
1	5	14
2	5	12
3	5	12
4	5	16
5	5	16
6	5	17
7	5	16
8	5	19
9	5	15
10	5	12
11	5	22
12	5	17
13	5	19
14	5	13
15	5	20
16	5	16
17	5	11
18	5	0
19	5	2
20	5	2
21	5	4
22	5	6
23	5	8
0	6	27
1	6	27
2	6	0
3	6	6
4	6	17
5	6	6
6	6	0
7	6	0
8	6	0
9	6	6
10	6	6
11	6	17
12	6	17
13	6	6
14	6	32
15	6	6
16	6	11
17	6	6
18	6	11
19	6	0
20	6	6
21	6	6
22	6	6
23	6	37
0	7	21
1	7	21
2	7	31
3	7	11
4	7	31
5	7	21
6	7	31
7	7	0
8	7	21
9	7	0
10	7	0
11	7	0
12	7	21
13	7	31
14	7	49
15	7	21
16	7	0
17	7	11
18	7	0
19	7	0
20	7	0
21	7	21
22	7	0
23	7	0
0	8	0
1	8	0
2	8	0
3	8	0
4	8	0
5	8	0
6	8	0
7	8	0
8	8	0
9	8	0
10	8	0
11	8	0
12	8	0
13	8	0
14	8	0
15	8	0
16	8	0
17	8	0
18	8	0
19	8	0
20	8	0
21	8	0
22	8	0
23	8	230
0	9	23
1	9	21
2	9	21
3	9	21
4	9	24
5	9	26
6	9	23
7	9	22
8	9	21
9	9	24
10	9	24
11	9	22
12	9	20
13	9	20
14	9	19
15	9	18
16	9	18
17	9	10
18	9	7
19	9	3
20	9	3
21	9	3
22	9	6
23	9	15
0	10	7
1	10	13
2	10	21
3	10	15
4	10	18
5	10	16
6	10	14
7	10	16
8	10	17
9	10	15
10	10	12
11	10	10
12	10	9
13	10	9
14	10	11
15	10	8
16	10	8
17	10	6
18	10	3
19	10	3
20	10	2
21	10	2
22	10	4
23	10	4
0	11	7
1	11	10
2	11	11
3	11	19
4	11	21
5	11	16
6	11	14
7	11	21
8	11	23
9	11	22
10	11	18
11	11	17
12	11	18
13	11	19
14	11	13
15	11	16
16	11	15
17	11	12
18	11	4
19	11	3
20	11	2
21	11	1
22	11	8
23	11	7
0	12	20
1	12	54
2	12	37
3	12	20
4	12	0
5	12	0
6	12	20
7	12	0
8	12	0
9	12	0
10	12	0
11	12	0
12	12	20
13	12	0
14	12	0
15	12	20
16	12	20
17	12	20
18	12	0
19	12	0
20	12	20
21	12	0
22	12	0
23	12	0
0	13	18
1	13	20
2	13	22
3	13	17
4	13	21
5	13	26
6	13	30
7	13	21
8	13	23
9	13	18
10	13	17
11	13	10
12	13	12
13	13	14
14	13	11
15	13	17
16	13	20
17	13	17
18	13	15
19	13	8
20	13	4
21	13	7
22	13	8
23	13	7
0	14	8
1	14	9
2	14	11
3	14	9
4	14	11
5	14	7
6	14	9
7	14	7
8	14	6
9	14	10
10	14	10
11	14	14
12	14	10
13	14	16
14	14	16
15	14	22
16	14	16
17	14	8
18	14	7
19	14	2
20	14	3
21	14	2
22	14	4
23	14	4
0	15	0
1	15	22
2	15	11
3	15	11
4	15	32
5	15	42
6	15	0
7	15	0
8	15	22
9	15	11
10	15	42
11	15	11
12	15	0
13	15	60
14	15	11
15	15	0
16	15	22
17	15	32
18	15	0
19	15	0
20	15	11
21	15	0
22	15	0
23	15	32
0	16	24
1	16	20
2	16	19
3	16	21
4	16	24
5	16	25
6	16	26
7	16	20
8	16	19
9	16	22
10	16	24
11	16	20
12	16	19
13	16	16
14	16	13
15	16	14
16	16	20
17	16	11
18	16	7
19	16	4
20	16	3
21	16	3
22	16	6
23	16	14
0	17	11
1	17	12
2	17	19
3	17	15
4	17	18
5	17	18
6	17	23
7	17	16
8	17	15
9	17	16
10	17	11
11	17	13
12	17	9
13	17	9
14	17	11
15	17	15
16	17	18
17	17	12
18	17	8
19	17	3
20	17	4
21	17	1
22	17	4
23	17	9
0	18	0
1	18	19
2	18	0
3	18	10
4	18	28
5	18	0
6	18	0
7	18	19
8	18	0
9	18	10
10	18	10
11	18	0
12	18	28
13	18	28
14	18	19
15	18	19
16	18	19
17	18	10
18	18	0
19	18	0
20	18	10
21	18	0
22	18	19
23	18	10
0	19	15
1	19	13
2	19	16
3	19	10
4	19	14
5	19	11
6	19	12
7	19	15
8	19	16
9	19	14
10	19	19
11	19	20
12	19	19
13	19	29
14	19	32
15	19	32
16	19	34
17	19	27
18	19	12
19	19	2
20	19	3
21	19	7
22	19	7
23	19	14
0	20	4
1	20	4
2	20	7
3	20	20
4	20	14
5	20	10
6	20	26
7	20	23
8	20	14
9	20	14
10	20	7
11	20	26
12	20	29
13	20	29
14	20	17
15	20	7
16	20	4
17	20	14
18	20	10
19	20	0
20	20	0
21	20	14
22	20	0
23	20	10
0	21	7
1	21	13
2	21	16
3	21	10
4	21	10
5	21	4
6	21	7
7	21	13
8	21	0
9	21	25
10	21	13
11	21	25
12	21	16
13	21	22
14	21	19
15	21	10
16	21	16
17	21	7
18	21	4
19	21	4
20	21	4
21	21	0
22	21	7
23	21	7
0	22	17
1	22	19
2	22	11
3	22	18
4	22	13
5	22	8
6	22	13
7	22	13
8	22	20
9	22	16
10	22	16
11	22	14
12	22	18
13	22	17
14	22	26
15	22	11
16	22	25
17	22	16
18	22	10
19	22	4
20	22	4
21	22	4
22	22	13
23	22	16
0	23	8
1	23	11
2	23	17
3	23	17
4	23	13
5	23	19
6	23	23
7	23	22
8	23	30
9	23	22
10	23	14
11	23	5
12	23	13
13	23	16
14	23	17
15	23	25
16	23	10
17	23	8
18	23	7
19	23	5
20	23	2
21	23	4
22	23	2
23	23	8
0	24	10
1	24	4
2	24	16
3	24	14
4	24	8
5	24	8
6	24	14
7	24	10
8	24	24
9	24	14
10	24	19
11	24	10
12	24	10
13	24	10
14	24	12
15	24	21
16	24	21
17	24	16
18	24	17
19	24	2
20	24	0
21	24	8
22	24	6
23	24	6
0	25	9
1	25	8
2	25	24
3	25	14
4	25	20
5	25	19
6	25	6
7	25	17
8	25	18
9	25	9
10	25	14
11	25	8
12	25	6
13	25	14
14	25	2
15	25	16
16	25	20
17	25	6
18	25	6
19	25	3
20	25	3
21	25	0
22	25	4
23	25	4
0	26	4
1	26	15
2	26	19
3	26	17
4	26	20
5	26	10
6	26	13
7	26	11
8	26	17
9	26	13
10	26	14
11	26	17
12	26	19
13	26	7
14	26	20
15	26	17
16	26	23
17	26	13
18	26	8
19	26	3
20	26	3
21	26	1
22	26	10
23	26	13
0	27	0
1	27	0
2	27	0
3	27	0
4	27	44
5	27	63
6	27	44
7	27	96
8	27	23
9	27	63
10	27	44
11	27	44
12	27	0
13	27	0
14	27	23
15	27	0
16	27	0
17	27	23
18	27	0
19	27	0
20	27	0
21	27	0
22	27	0
23	27	0
0	28	12
1	28	5
2	28	9
3	28	9
4	28	9
5	28	8
6	28	6
7	28	5
8	28	15
9	28	17
10	28	5
11	28	12
12	28	15
13	28	10
14	28	17
15	28	25
16	28	27
17	28	12
18	28	2
19	28	5
20	28	0
21	28	2
22	28	6
23	28	9
0	29	12
1	29	7
2	29	13
3	29	5
4	29	6
5	29	8
6	29	5
7	29	4
8	29	8
9	29	13
10	29	15
11	29	8
12	29	9
13	29	13
14	29	15
15	29	13
16	29	18
17	29	9
18	29	2
19	29	3
20	29	5
21	29	0
22	29	7
23	29	9
0	30	15
1	30	25
2	30	19
3	30	22
4	30	25
5	30	32
6	30	8
7	30	32
8	30	15
9	30	39
10	30	22
11	30	8
12	30	25
13	30	0
14	30	12
15	30	19
16	30	4
17	30	4
18	30	12
19	30	0
20	30	0
21	30	0
22	30	4
23	30	8
0	31	0
1	31	33
2	31	23
3	31	52
4	31	0
5	31	0
6	31	23
7	31	12
8	31	78
9	31	0
10	31	12
11	31	0
12	31	0
13	31	0
14	31	12
15	31	23
16	31	0
17	31	23
18	31	0
19	31	0
20	31	0
21	31	0
22	31	23
23	31	0
0	32	27
1	32	14
2	32	18
3	32	15
4	32	9
5	32	17
6	32	13
7	32	11
8	32	8
9	32	17
10	32	11
11	32	14
12	32	15
13	32	20
14	32	18
15	32	25
16	32	36
17	32	9
18	32	13
19	32	5
20	32	5
21	32	2
22	32	3
23	32	13
0	33	8
1	33	16
2	33	18
3	33	19
4	33	17
5	33	21
6	33	23
7	33	17
8	33	20
9	33	28
10	33	18
11	33	12
12	33	13
13	33	18
14	33	28
15	33	27
16	33	25
17	33	19
18	33	11
19	33	7
20	33	2
21	33	0
22	33	2
23	33	4
0	34	90
1	34	33
2	34	6
3	34	28
4	34	12
5	34	12
6	34	6
7	34	6
8	34	17
9	34	6
10	34	12
11	34	6
12	34	17
13	34	12
14	34	33
15	34	28
16	34	43
17	34	17
18	34	12
19	34	0
20	34	0
21	34	6
22	34	0
23	34	6
0	35	9
1	35	17
2	35	17
3	35	17
4	35	5
5	35	13
6	35	5
7	35	25
8	35	17
9	35	9
10	35	13
11	35	32
12	35	9
13	35	13
14	35	21
15	35	29
16	35	21
17	35	13
18	35	13
19	35	5
20	35	5
21	35	5
22	35	0
23	35	5
0	36	18
1	36	23
2	36	27
3	36	28
4	36	28
5	36	31
6	36	30
7	36	33
8	36	32
9	36	35
10	36	35
11	36	29
12	36	26
13	36	25
14	36	22
15	36	19
16	36	13
17	36	10
18	36	6
19	36	4
20	36	3
21	36	4
22	36	8
23	36	15
0	37	11
1	37	14
2	37	10
3	37	18
4	37	5
5	37	15
6	37	3
7	37	14
8	37	4
9	37	9
10	37	17
11	37	9
12	37	24
13	37	23
14	37	24
15	37	22
16	37	21
17	37	23
18	37	7
19	37	4
20	37	0
21	37	0
22	37	4
23	37	11
0	38	6
1	38	7
2	38	13
3	38	8
4	38	11
5	38	3
6	38	8
7	38	9
8	38	8
9	38	10
10	38	15
11	38	10
12	38	16
13	38	21
14	38	25
15	38	25
16	38	18
17	38	7
18	38	5
19	38	0
20	38	3
21	38	5
22	38	2
23	38	8
0	39	7
1	39	11
2	39	9
3	39	14
4	39	17
5	39	8
6	39	11
7	39	22
8	39	17
9	39	14
10	39	19
11	39	18
12	39	14
13	39	13
14	39	23
15	39	34
16	39	28
17	39	22
18	39	10
19	39	7
20	39	2
21	39	2
22	39	9
23	39	13
0	40	19
1	40	19
2	40	32
3	40	32
4	40	19
5	40	5
6	40	5
7	40	15
8	40	5
9	40	28
10	40	23
11	40	10
12	40	15
13	40	28
14	40	10
15	40	36
16	40	44
17	40	15
18	40	0
19	40	15
20	40	0
21	40	0
22	40	5
23	40	0
0	41	13
1	41	0
2	41	46
3	41	13
4	41	13
5	41	13
6	41	0
7	41	13
8	41	0
9	41	13
10	41	24
11	41	0
12	41	13
13	41	24
14	41	13
15	41	0
16	41	0
17	41	13
18	41	0
19	41	0
20	41	0
21	41	0
22	41	0
23	41	0
0	42	0
1	42	0
2	42	29
3	42	63
4	42	20
5	42	63
6	42	38
7	42	29
8	42	55
9	42	38
10	42	11
11	42	0
12	42	0
13	42	0
14	42	0
15	42	29
16	42	0
17	42	20
18	42	11
19	42	0
20	42	0
21	42	0
22	42	0
23	42	0
0	43	0
1	43	19
2	43	7
3	43	0
4	43	7
5	43	0
6	43	0
7	43	0
8	43	7
9	43	0
10	43	13
11	43	0
12	43	13
13	43	25
14	43	13
15	43	0
16	43	7
17	43	13
18	43	7
19	43	0
20	43	0
21	43	0
22	43	0
23	43	7
0	44	1
1	44	1
2	44	2
3	44	2
4	44	3
5	44	2
6	44	1
7	44	2
8	44	3
9	44	2
10	44	2
11	44	1
12	44	4
13	44	3
14	44	3
15	44	2
16	44	1
17	44	1
18	44	0
19	44	1
20	44	2
21	44	2
22	44	1
23	44	1
0	45	13
1	45	13
2	45	13
3	45	21
4	45	11
5	45	11
6	45	25
7	45	15
8	45	7
9	45	23
10	45	9
11	45	23
12	45	21
13	45	13
14	45	30
15	45	19
16	45	25
17	45	11
18	45	7
19	45	0
20	45	3
21	45	0
22	45	15
23	45	13
0	46	17
1	46	16
2	46	15
3	46	15
4	46	17
5	46	17
6	46	14
7	46	15
8	46	15
9	46	15
10	46	17
11	46	16
12	46	16
13	46	19
14	46	21
15	46	22
16	46	23
17	46	13
18	46	8
19	46	4
20	46	3
21	46	4
22	46	7
23	46	13
0	47	16
1	47	18
2	47	18
3	47	26
4	47	11
5	47	11
6	47	8
7	47	18
8	47	13
9	47	6
10	47	6
11	47	16
12	47	18
13	47	33
14	47	21
15	47	28
16	47	37
17	47	46
18	47	0
19	47	8
20	47	3
21	47	23
22	47	0
23	47	18
0	48	6
1	48	12
2	48	25
3	48	14
4	48	21
5	48	17
6	48	16
7	48	14
8	48	22
9	48	15
10	48	17
11	48	13
12	48	20
13	48	18
14	48	21
15	48	20
16	48	18
17	48	10
18	48	7
19	48	6
20	48	4
21	48	4
22	48	8
23	48	8
0	49	17
1	49	0
2	49	0
3	49	0
4	49	0
5	49	17
6	49	47
7	49	17
8	49	0
9	49	0
10	49	0
11	49	0
12	49	0
13	49	0
14	49	0
15	49	33
16	49	33
17	49	0
18	49	17
19	49	0
20	49	0
21	49	0
22	49	0
23	49	17
