Counts for Sony(13) in Hong Kong(17):
Hour	Location Index	Count
0	0	0
1	0	0
2	0	0
3	0	0
4	0	0
5	0	4
6	0	0
7	0	0
8	0	0
9	0	0
10	0	0
11	0	0
12	0	0
13	0	0
14	0	4
15	0	10
16	0	0
17	0	7
18	0	0
19	0	0
20	0	0
21	0	0
22	0	0
23	0	0
0	1	3
1	1	3
2	1	3
3	1	3
4	1	3
5	1	3
6	1	3
7	1	3
8	1	3
9	1	3
10	1	3
11	1	3
12	1	3
13	1	3
14	1	3
15	1	3
16	1	4
17	1	2
18	1	2
19	1	1
20	1	1
21	1	1
22	1	1
23	1	2
0	2	2
1	2	0
2	2	0
3	2	2
4	2	3
5	2	4
6	2	4
7	2	2
8	2	2
9	2	0
10	2	3
11	2	2
12	2	2
13	2	6
14	2	0
15	2	4
16	2	3
17	2	2
18	2	2
19	2	0
20	2	0
21	2	0
22	2	0
23	2	0
0	3	0
1	3	3
2	3	0
3	3	0
4	3	3
5	3	2
6	3	13
7	3	6
8	3	0
9	3	0
10	3	0
11	3	3
12	3	2
13	3	4
14	3	10
15	3	11
16	3	2
17	3	3
18	3	0
19	3	0
20	3	0
21	3	0
22	3	2
23	3	0
0	4	4
1	4	3
2	4	1
3	4	1
4	4	1
5	4	4
6	4	3
7	4	3
8	4	2
9	4	3
10	4	2
11	4	0
12	4	0
13	4	1
14	4	3
15	4	1
16	4	3
17	4	2
18	4	0
19	4	2
20	4	0
21	4	1
22	4	0
23	4	1
0	5	0
1	5	4
2	5	2
3	5	2
4	5	2
5	5	4
6	5	2
7	5	2
8	5	4
9	5	2
10	5	0
11	5	3
12	5	1
13	5	1
14	5	4
15	5	4
16	5	6
17	5	2
18	5	2
19	5	0
20	5	0
21	5	0
22	5	3
23	5	2
0	6	0
1	6	0
2	6	0
3	6	0
4	6	0
5	6	0
6	6	0
7	6	0
8	6	0
9	6	0
10	6	0
11	6	0
12	6	0
13	6	0
14	6	0
15	6	11
16	6	0
17	6	0
18	6	0
19	6	0
20	6	0
21	6	0
22	6	0
23	6	0
0	7	0
1	7	0
2	7	0
3	7	0
4	7	11
5	7	0
6	7	40
7	7	11
8	7	0
9	7	0
10	7	0
11	7	0
12	7	0
13	7	11
14	7	0
15	7	0
16	7	0
17	7	0
18	7	0
19	7	0
20	7	0
21	7	0
22	7	11
23	7	0
0	8	0
1	8	0
2	8	0
3	8	0
4	8	0
5	8	0
6	8	0
7	8	0
8	8	0
9	8	0
10	8	0
11	8	0
12	8	0
13	8	0
14	8	0
15	8	0
16	8	0
17	8	0
18	8	0
19	8	0
20	8	0
21	8	0
22	8	0
23	8	0
0	9	5
1	9	4
2	9	4
3	9	4
4	9	5
5	9	6
6	9	5
7	9	5
8	9	5
9	9	5
10	9	6
11	9	5
12	9	5
13	9	5
14	9	5
15	9	4
16	9	5
17	9	2
18	9	2
19	9	1
20	9	1
21	9	2
22	9	3
23	9	4
0	10	1
1	10	1
2	10	1
3	10	2
4	10	3
5	10	2
6	10	3
7	10	3
8	10	3
9	10	2
10	10	2
11	10	1
12	10	1
13	10	1
14	10	1
15	10	1
16	10	2
17	10	1
18	10	1
19	10	1
20	10	1
21	10	0
22	10	1
23	10	0
0	11	1
1	11	3
2	11	2
3	11	3
4	11	2
5	11	3
6	11	0
7	11	7
8	11	4
9	11	3
10	11	3
11	11	3
12	11	2
13	11	0
14	11	3
15	11	3
16	11	9
17	11	5
18	11	1
19	11	0
20	11	0
21	11	2
22	11	0
23	11	1
0	12	0
1	12	0
2	12	0
3	12	0
4	12	0
5	12	0
6	12	0
7	12	0
8	12	0
9	12	0
10	12	0
11	12	0
12	12	0
13	12	0
14	12	0
15	12	0
16	12	0
17	12	0
18	12	0
19	12	0
20	12	0
21	12	0
22	12	0
23	12	0
0	13	2
1	13	2
2	13	0
3	13	2
4	13	6
5	13	0
6	13	2
7	13	4
8	13	3
9	13	2
10	13	3
11	13	4
12	13	4
13	13	0
14	13	0
15	13	5
16	13	3
17	13	2
18	13	0
19	13	0
20	13	0
21	13	0
22	13	0
23	13	0
0	14	2
1	14	1
2	14	2
3	14	2
4	14	2
5	14	1
6	14	1
7	14	1
8	14	1
9	14	2
10	14	1
11	14	0
12	14	1
13	14	0
14	14	2
15	14	3
16	14	3
17	14	2
18	14	1
19	14	0
20	14	0
21	14	0
22	14	0
23	14	2
0	15	0
1	15	0
2	15	0
3	15	0
4	15	0
5	15	0
6	15	0
7	15	0
8	15	0
9	15	0
10	15	11
11	15	0
12	15	0
13	15	11
14	15	0
15	15	0
16	15	0
17	15	0
18	15	0
19	15	0
20	15	0
21	15	0
22	15	0
23	15	0
0	16	4
1	16	4
2	16	3
3	16	4
4	16	4
5	16	4
6	16	4
7	16	4
8	16	3
9	16	4
10	16	5
11	16	5
12	16	4
13	16	2
14	16	2
15	16	3
16	16	3
17	16	1
18	16	1
19	16	1
20	16	1
21	16	1
22	16	1
23	16	3
0	17	0
1	17	2
2	17	1
3	17	5
4	17	4
5	17	4
6	17	6
7	17	5
8	17	4
9	17	4
10	17	3
11	17	0
12	17	2
13	17	1
14	17	0
15	17	4
16	17	3
17	17	2
18	17	1
19	17	0
20	17	0
21	17	0
22	17	0
23	17	1
0	18	0
1	18	0
2	18	0
3	18	0
4	18	0
5	18	0
6	18	0
7	18	0
8	18	0
9	18	0
10	18	10
11	18	0
12	18	0
13	18	0
14	18	19
15	18	0
16	18	0
17	18	0
18	18	0
19	18	0
20	18	0
21	18	0
22	18	0
23	18	0
0	19	0
1	19	4
2	19	2
3	19	2
4	19	4
5	19	4
6	19	2
7	19	2
8	19	2
9	19	3
10	19	2
11	19	6
12	19	4
13	19	2
14	19	4
15	19	6
16	19	4
17	19	3
18	19	2
19	19	1
20	19	0
21	19	0
22	19	3
23	19	2
0	20	0
1	20	0
2	20	0
3	20	0
4	20	0
5	20	0
6	20	0
7	20	0
8	20	0
9	20	4
10	20	0
11	20	0
12	20	0
13	20	4
14	20	0
15	20	0
16	20	0
17	20	0
18	20	0
19	20	0
20	20	0
21	20	0
22	20	0
23	20	0
0	21	0
1	21	0
2	21	0
3	21	0
4	21	16
5	21	0
6	21	0
7	21	0
8	21	0
9	21	0
10	21	0
11	21	7
12	21	10
13	21	4
14	21	0
15	21	0
16	21	4
17	21	0
18	21	0
19	21	0
20	21	0
21	21	0
22	21	0
23	21	0
0	22	1
1	22	1
2	22	0
3	22	1
4	22	0
5	22	1
6	22	1
7	22	3
8	22	1
9	22	1
10	22	0
11	22	4
12	22	4
13	22	2
14	22	3
15	22	1
16	22	5
17	22	4
18	22	4
19	22	2
20	22	0
21	22	0
22	22	1
23	22	4
0	23	4
1	23	22
2	23	2
3	23	4
4	23	8
5	23	5
6	23	0
7	23	5
8	23	10
9	23	7
10	23	2
11	23	2
12	23	0
13	23	0
14	23	7
15	23	5
16	23	5
17	23	2
18	23	2
19	23	2
20	23	0
21	23	0
22	23	0
23	23	8
0	24	2
1	24	0
2	24	0
3	24	0
4	24	0
5	24	2
6	24	6
7	24	0
8	24	10
9	24	4
10	24	0
11	24	2
12	24	4
13	24	14
14	24	8
15	24	2
16	24	10
17	24	2
18	24	0
19	24	2
20	24	0
21	24	0
22	24	0
23	24	0
0	25	0
1	25	0
2	25	0
3	25	0
4	25	0
5	25	3
6	25	0
7	25	2
8	25	4
9	25	3
10	25	0
11	25	2
12	25	0
13	25	0
14	25	0
15	25	2
16	25	0
17	25	2
18	25	0
19	25	0
20	25	0
21	25	2
22	25	0
23	25	0
0	26	0
1	26	0
2	26	1
3	26	0
4	26	2
5	26	1
6	26	3
7	26	1
8	26	6
9	26	3
10	26	0
11	26	2
12	26	3
13	26	5
14	26	4
15	26	0
16	26	0
17	26	2
18	26	1
19	26	0
20	26	0
21	26	0
22	26	0
23	26	0
0	27	0
1	27	0
2	27	0
3	27	0
4	27	0
5	27	0
6	27	23
7	27	23
8	27	0
9	27	0
10	27	23
11	27	0
12	27	0
13	27	0
14	27	0
15	27	0
16	27	0
17	27	0
18	27	0
19	27	0
20	27	0
21	27	0
22	27	0
23	27	0
0	28	2
1	28	0
2	28	8
3	28	3
4	28	2
5	28	2
6	28	3
7	28	8
8	28	0
9	28	0
10	28	3
11	28	3
12	28	0
13	28	6
14	28	3
15	28	0
16	28	3
17	28	3
18	28	0
19	28	0
20	28	0
21	28	0
22	28	0
23	28	0
0	29	0
1	29	5
2	29	2
3	29	0
4	29	2
5	29	0
6	29	2
7	29	3
8	29	1
9	29	3
10	29	0
11	29	2
12	29	0
13	29	1
14	29	1
15	29	0
16	29	3
17	29	2
18	29	0
19	29	0
20	29	0
21	29	0
22	29	0
23	29	1
0	30	0
1	30	0
2	30	4
3	30	0
4	30	0
5	30	12
6	30	0
7	30	4
8	30	0
9	30	4
10	30	0
11	30	0
12	30	0
13	30	0
14	30	0
15	30	8
16	30	0
17	30	0
18	30	0
19	30	0
20	30	0
21	30	0
22	30	0
23	30	0
0	31	0
1	31	0
2	31	0
3	31	12
4	31	33
5	31	12
6	31	0
7	31	12
8	31	0
9	31	12
10	31	0
11	31	0
12	31	0
13	31	0
14	31	0
15	31	0
16	31	61
17	31	12
18	31	0
19	31	12
20	31	0
21	31	0
22	31	23
23	31	23
0	32	0
1	32	0
2	32	2
3	32	0
4	32	2
5	32	3
6	32	0
7	32	2
8	32	3
9	32	3
10	32	7
11	32	3
12	32	3
13	32	3
14	32	5
15	32	2
16	32	20
17	32	13
18	32	3
19	32	0
20	32	0
21	32	0
22	32	0
23	32	2
0	33	5
1	33	0
2	33	0
3	33	5
4	33	5
5	33	2
6	33	3
7	33	7
8	33	3
9	33	4
10	33	6
11	33	8
12	33	0
13	33	7
14	33	6
15	33	5
16	33	7
17	33	4
18	33	3
19	33	0
20	33	0
21	33	0
22	33	0
23	33	2
0	34	0
1	34	6
2	34	0
3	34	6
4	34	0
5	34	0
6	34	0
7	34	0
8	34	0
9	34	0
10	34	0
11	34	0
12	34	0
13	34	0
14	34	0
15	34	0
16	34	0
17	34	0
18	34	0
19	34	0
20	34	0
21	34	0
22	34	0
23	34	0
0	35	0
1	35	5
2	35	0
3	35	0
4	35	5
5	35	5
6	35	0
7	35	0
8	35	0
9	35	13
10	35	0
11	35	9
12	35	0
13	35	5
14	35	0
15	35	0
16	35	0
17	35	0
18	35	0
19	35	5
20	35	0
21	35	0
22	35	13
23	35	0
0	36	5
1	36	5
2	36	6
3	36	6
4	36	7
5	36	7
6	36	7
7	36	7
8	36	7
9	36	7
10	36	7
11	36	6
12	36	6
13	36	6
14	36	6
15	36	5
16	36	3
17	36	2
18	36	2
19	36	1
20	36	1
21	36	1
22	36	1
23	36	3
0	37	4
1	37	3
2	37	0
3	37	2
4	37	3
5	37	8
6	37	0
7	37	0
8	37	3
9	37	0
10	37	2
11	37	4
12	37	0
13	37	2
14	37	2
15	37	7
16	37	8
17	37	4
18	37	2
19	37	0
20	37	0
21	37	3
22	37	2
23	37	4
0	38	4
1	38	3
2	38	5
3	38	3
4	38	0
5	38	3
6	38	2
7	38	2
8	38	0
9	38	0
10	38	5
11	38	4
12	38	7
13	38	9
14	38	9
15	38	4
16	38	5
17	38	6
18	38	0
19	38	0
20	38	0
21	38	0
22	38	0
23	38	3
0	39	3
1	39	3
2	39	2
3	39	1
4	39	1
5	39	1
6	39	1
7	39	3
8	39	4
9	39	6
10	39	1
11	39	2
12	39	6
13	39	4
14	39	2
15	39	4
16	39	8
17	39	4
18	39	1
19	39	1
20	39	0
21	39	2
22	39	1
23	39	5
0	40	0
1	40	10
2	40	0
3	40	5
4	40	0
5	40	0
6	40	0
7	40	0
8	40	0
9	40	0
10	40	10
11	40	0
12	40	0
13	40	10
14	40	0
15	40	0
16	40	0
17	40	0
18	40	0
19	40	0
20	40	0
21	40	0
22	40	0
23	40	10
0	41	0
1	41	0
2	41	13
3	41	0
4	41	0
5	41	0
6	41	0
7	41	0
8	41	0
9	41	0
10	41	0
11	41	0
12	41	0
13	41	0
14	41	0
15	41	0
16	41	13
17	41	0
18	41	0
19	41	0
20	41	0
21	41	0
22	41	0
23	41	0
0	42	0
1	42	20
2	42	11
3	42	0
4	42	0
5	42	0
6	42	11
7	42	11
8	42	0
9	42	11
10	42	0
11	42	0
12	42	11
13	42	0
14	42	0
15	42	0
16	42	0
17	42	0
18	42	0
19	42	0
20	42	0
21	42	0
22	42	0
23	42	0
0	43	0
1	43	0
2	43	0
3	43	0
4	43	7
5	43	0
6	43	0
7	43	0
8	43	0
9	43	0
10	43	0
11	43	0
12	43	0
13	43	0
14	43	0
15	43	0
16	43	0
17	43	0
18	43	0
19	43	0
20	43	0
21	43	7
22	43	0
23	43	0
0	44	0
1	44	1
2	44	1
3	44	1
4	44	0
5	44	0
6	44	0
7	44	0
8	44	0
9	44	0
10	44	0
11	44	0
12	44	0
13	44	1
14	44	0
15	44	0
16	44	0
17	44	0
18	44	0
19	44	0
20	44	0
21	44	1
22	44	0
23	44	0
0	45	0
1	45	0
2	45	0
3	45	0
4	45	3
5	45	0
6	45	0
7	45	3
8	45	0
9	45	0
10	45	3
11	45	0
12	45	0
13	45	3
14	45	0
15	45	3
16	45	5
17	45	3
18	45	0
19	45	0
20	45	3
21	45	0
22	45	0
23	45	0
0	46	4
1	46	4
2	46	3
3	46	3
4	46	4
5	46	4
6	46	4
7	46	3
8	46	3
9	46	3
10	46	3
11	46	3
12	46	3
13	46	3
14	46	4
15	46	4
16	46	5
17	46	3
18	46	2
19	46	1
20	46	1
21	46	1
22	46	1
23	46	3
0	47	0
1	47	3
2	47	0
3	47	3
4	47	3
5	47	3
6	47	3
7	47	6
8	47	0
9	47	0
10	47	0
11	47	3
12	47	6
13	47	3
14	47	0
15	47	0
16	47	11
17	47	0
18	47	0
19	47	0
20	47	0
21	47	3
22	47	0
23	47	0
0	48	1
1	48	1
2	48	1
3	48	1
4	48	3
5	48	1
6	48	12
7	48	3
8	48	3
9	48	3
10	48	3
11	48	0
12	48	2
13	48	2
14	48	1
15	48	2
16	48	3
17	48	1
18	48	1
19	48	1
20	48	1
21	48	2
22	48	1
23	48	2
0	49	0
1	49	0
2	49	0
3	49	0
4	49	0
5	49	0
6	49	0
7	49	0
8	49	0
9	49	0
10	49	0
11	49	0
12	49	33
13	49	0
14	49	0
15	49	0
16	49	0
17	49	0
18	49	0
19	49	0
20	49	0
21	49	0
22	49	0
23	49	0
