Counts for Apple(2) in Hong Kong(17):
Hour	Location Index	Count
0	0	26
1	0	37
2	0	20
3	0	17
4	0	20
5	0	29
6	0	34
7	0	34
8	0	17
9	0	4
10	0	40
11	0	29
12	0	43
13	0	43
14	0	40
15	0	46
16	0	26
17	0	87
18	0	26
19	0	7
20	0	26
21	0	0
22	0	13
23	0	56
0	1	25
1	1	26
2	1	26
3	1	26
4	1	27
5	1	28
6	1	26
7	1	27
8	1	26
9	1	28
10	1	29
11	1	29
12	1	30
13	1	33
14	1	35
15	1	37
16	1	37
17	1	22
18	1	14
19	1	7
20	1	5
21	1	6
22	1	10
23	1	19
0	2	33
1	2	35
2	2	38
3	2	28
4	2	30
5	2	24
6	2	32
7	2	24
8	2	27
9	2	29
10	2	34
11	2	34
12	2	38
13	2	51
14	2	42
15	2	70
16	2	46
17	2	32
18	2	20
19	2	13
20	2	7
21	2	6
22	2	20
23	2	34
0	3	33
1	3	30
2	3	41
3	3	28
4	3	29
5	3	20
6	3	29
7	3	24
8	3	27
9	3	28
10	3	27
11	3	49
12	3	39
13	3	48
14	3	64
15	3	56
16	3	46
17	3	21
18	3	12
19	3	13
20	3	4
21	3	11
22	3	26
23	3	34
0	4	39
1	4	34
2	4	33
3	4	32
4	4	34
5	4	30
6	4	31
7	4	30
8	4	31
9	4	33
10	4	38
11	4	30
12	4	32
13	4	39
14	4	51
15	4	51
16	4	35
17	4	25
18	4	24
19	4	10
20	4	8
21	4	9
22	4	19
23	4	28
0	5	26
1	5	30
2	5	35
3	5	35
4	5	31
5	5	30
6	5	35
7	5	28
8	5	29
9	5	25
10	5	42
11	5	28
12	5	31
13	5	38
14	5	35
15	5	38
16	5	44
17	5	22
18	5	19
19	5	9
20	5	5
21	5	5
22	5	7
23	5	10
0	6	37
1	6	42
2	6	27
3	6	46
4	6	0
5	6	17
6	6	37
7	6	46
8	6	55
9	6	32
10	6	27
11	6	32
12	6	27
13	6	37
14	6	27
15	6	46
16	6	51
17	6	91
18	6	11
19	6	27
20	6	6
21	6	0
22	6	17
23	6	32
0	7	49
1	7	11
2	7	21
3	7	11
4	7	31
5	7	40
6	7	49
7	7	0
8	7	11
9	7	11
10	7	21
11	7	0
12	7	11
13	7	31
14	7	21
15	7	40
16	7	21
17	7	40
18	7	49
19	7	11
20	7	11
21	7	0
22	7	11
23	7	11
0	8	0
1	8	0
2	8	0
3	8	0
4	8	0
5	8	230
6	8	0
7	8	0
8	8	0
9	8	0
10	8	0
11	8	0
12	8	0
13	8	0
14	8	0
15	8	0
16	8	0
17	8	0
18	8	0
19	8	0
20	8	0
21	8	0
22	8	0
23	8	0
0	9	26
1	9	24
2	9	23
3	9	24
4	9	28
5	9	30
6	9	26
7	9	24
8	9	24
9	9	25
10	9	28
11	9	27
12	9	24
13	9	22
14	9	21
15	9	20
16	9	24
17	9	14
18	9	9
19	9	4
20	9	3
21	9	3
22	9	7
23	9	16
0	10	21
1	10	35
2	10	44
3	10	45
4	10	50
5	10	55
6	10	57
7	10	58
8	10	58
9	10	50
10	10	45
11	10	39
12	10	35
13	10	24
14	10	24
15	10	22
16	10	20
17	10	15
18	10	10
19	10	6
20	10	4
21	10	5
22	10	8
23	10	18
0	11	19
1	11	27
2	11	31
3	11	29
4	11	29
5	11	27
6	11	30
7	11	28
8	11	24
9	11	33
10	11	23
11	11	33
12	11	41
13	11	55
14	11	53
15	11	42
16	11	27
17	11	31
18	11	20
19	11	9
20	11	9
21	11	3
22	11	14
23	11	22
0	12	37
1	12	69
2	12	37
3	12	37
4	12	0
5	12	0
6	12	0
7	12	0
8	12	0
9	12	0
10	12	37
11	12	37
12	12	20
13	12	83
14	12	96
15	12	20
16	12	20
17	12	20
18	12	0
19	12	0
20	12	69
21	12	20
22	12	20
23	12	0
0	13	20
1	13	22
2	13	31
3	13	29
4	13	26
5	13	24
6	13	39
7	13	37
8	13	31
9	13	41
10	13	25
11	13	24
12	13	32
13	13	17
14	13	28
15	13	38
16	13	46
17	13	25
18	13	8
19	13	7
20	13	3
21	13	2
22	13	9
23	13	10
0	14	31
1	14	43
2	14	61
3	14	34
4	14	33
5	14	24
6	14	22
7	14	43
8	14	29
9	14	35
10	14	31
11	14	31
12	14	43
13	14	42
14	14	57
15	14	50
16	14	43
17	14	25
18	14	10
19	14	8
20	14	3
21	14	9
22	14	18
23	14	30
0	15	11
1	15	32
2	15	22
3	15	42
4	15	11
5	15	32
6	15	32
7	15	32
8	15	11
9	15	32
10	15	42
11	15	11
12	15	60
13	15	11
14	15	76
15	15	51
16	15	42
17	15	22
18	15	11
19	15	11
20	15	11
21	15	32
22	15	0
23	15	22
0	16	32
1	16	32
2	16	25
3	16	30
4	16	35
5	16	35
6	16	32
7	16	27
8	16	29
9	16	30
10	16	33
11	16	34
12	16	26
13	16	25
14	16	22
15	16	21
16	16	28
17	16	18
18	16	12
19	16	5
20	16	4
21	16	4
22	16	8
23	16	20
0	17	16
1	17	22
2	17	57
3	17	36
4	17	38
5	17	35
6	17	46
7	17	44
8	17	35
9	17	37
10	17	39
11	17	30
12	17	31
13	17	24
14	17	36
15	17	31
16	17	31
17	17	21
18	17	14
19	17	9
20	17	5
21	17	4
22	17	10
23	17	23
0	18	0
1	18	0
2	18	19
3	18	0
4	18	10
5	18	0
6	18	28
7	18	0
8	18	28
9	18	10
10	18	0
11	18	10
12	18	10
13	18	37
14	18	45
15	18	10
16	18	28
17	18	37
18	18	0
19	18	0
20	18	0
21	18	0
22	18	0
23	18	28
0	19	14
1	19	20
2	19	22
3	19	24
4	19	17
5	19	18
6	19	19
7	19	17
8	19	17
9	19	20
10	19	20
11	19	21
12	19	29
13	19	34
14	19	46
15	19	47
16	19	52
17	19	28
18	19	23
19	19	14
20	19	8
21	19	7
22	19	12
23	19	15
0	20	20
1	20	35
2	20	38
3	20	20
4	20	46
5	20	38
6	20	20
7	20	26
8	20	32
9	20	26
10	20	32
11	20	55
12	20	32
13	20	26
14	20	52
15	20	57
16	20	46
17	20	35
18	20	7
19	20	20
20	20	4
21	20	4
22	20	17
23	20	52
0	21	45
1	21	55
2	21	34
3	21	19
4	21	37
5	21	25
6	21	34
7	21	31
8	21	13
9	21	31
10	21	37
11	21	37
12	21	53
13	21	70
14	21	60
15	21	34
16	21	25
17	21	34
18	21	7
19	21	4
20	21	10
21	21	4
22	21	19
23	21	22
0	22	22
1	22	28
2	22	32
3	22	20
4	22	21
5	22	16
6	22	22
7	22	18
8	22	22
9	22	19
10	22	30
11	22	35
12	22	37
13	22	48
14	22	62
15	22	54
16	22	54
17	22	26
18	22	21
19	22	13
20	22	7
21	22	2
22	22	8
23	22	18
0	23	10
1	23	34
2	23	29
3	23	27
4	23	36
5	23	30
6	23	29
7	23	27
8	23	45
9	23	30
10	23	32
11	23	32
12	23	32
13	23	27
14	23	27
15	23	25
16	23	22
17	23	27
18	23	2
19	23	5
20	23	2
21	23	4
22	23	5
23	23	10
0	24	21
1	24	30
2	24	21
3	24	26
4	24	26
5	24	26
6	24	36
7	24	36
8	24	24
9	24	40
10	24	23
11	24	28
12	24	48
13	24	35
14	24	54
15	24	36
16	24	52
17	24	23
18	24	28
19	24	17
20	24	2
21	24	12
22	24	2
23	24	14
0	25	16
1	25	52
2	25	96
3	25	87
4	25	47
5	25	30
6	25	55
7	25	63
8	25	58
9	25	61
10	25	26
11	25	22
12	25	20
13	25	6
14	25	11
15	25	19
16	25	14
17	25	13
18	25	4
19	25	2
20	25	4
21	25	3
22	25	17
23	25	18
0	26	34
1	26	38
2	26	43
3	26	26
4	26	31
5	26	23
6	26	18
7	26	21
8	26	24
9	26	22
10	26	23
11	26	28
12	26	36
13	26	40
14	26	52
15	26	44
16	26	54
17	26	30
18	26	14
19	26	5
20	26	4
21	26	8
22	26	14
23	26	24
0	27	0
1	27	44
2	27	44
3	27	44
4	27	63
5	27	0
6	27	0
7	27	23
8	27	23
9	27	0
10	27	0
11	27	63
12	27	44
13	27	23
14	27	0
15	27	96
16	27	0
17	27	0
18	27	0
19	27	0
20	27	0
21	27	0
22	27	0
23	27	0
0	28	32
1	28	45
2	28	29
3	28	46
4	28	28
5	28	30
6	28	27
7	28	16
8	28	34
9	28	37
10	28	37
11	28	29
12	28	25
13	28	38
14	28	58
15	28	49
16	28	49
17	28	58
18	28	33
19	28	5
20	28	5
21	28	5
22	28	9
23	28	37
0	29	37
1	29	34
2	29	24
3	29	21
4	29	20
5	29	31
6	29	24
7	29	27
8	29	26
9	29	35
10	29	36
11	29	52
12	29	62
13	29	68
14	29	71
15	29	53
16	29	60
17	29	24
18	29	15
19	29	9
20	29	9
21	29	6
22	29	13
23	29	25
0	30	22
1	30	35
2	30	19
3	30	35
4	30	60
5	30	32
6	30	22
7	30	48
8	30	54
9	30	54
10	30	29
11	30	8
12	30	32
13	30	32
14	30	22
15	30	22
16	30	15
17	30	29
18	30	12
19	30	4
20	30	4
21	30	0
22	30	12
23	30	4
0	31	23
1	31	12
2	31	23
3	31	12
4	31	23
5	31	23
6	31	23
7	31	23
8	31	12
9	31	23
10	31	23
11	31	0
12	31	70
13	31	23
14	31	52
15	31	33
16	31	33
17	31	23
18	31	0
19	31	0
20	31	0
21	31	0
22	31	61
23	31	12
0	32	29
1	32	29
2	32	25
3	32	31
4	32	23
5	32	31
6	32	25
7	32	23
8	32	13
9	32	17
10	32	33
11	32	26
12	32	39
13	32	39
14	32	35
15	32	44
16	32	57
17	32	35
18	32	24
19	32	10
20	32	8
21	32	8
22	32	14
23	32	13
0	33	16
1	33	27
2	33	31
3	33	28
4	33	33
5	33	27
6	33	29
7	33	34
8	33	33
9	33	19
10	33	29
11	33	25
12	33	25
13	33	27
14	33	29
15	33	32
16	33	35
17	33	23
18	33	17
19	33	12
20	33	4
21	33	6
22	33	15
23	33	7
0	34	23
1	34	23
2	34	12
3	34	0
4	34	12
5	34	6
6	34	28
7	34	12
8	34	12
9	34	17
10	34	12
11	34	28
12	34	12
13	34	33
14	34	38
15	34	38
16	34	66
17	34	62
18	34	12
19	34	0
20	34	0
21	34	0
22	34	0
23	34	12
0	35	25
1	35	53
2	35	36
3	35	13
4	35	21
5	35	21
6	35	29
7	35	17
8	35	43
9	35	25
10	35	25
11	35	13
12	35	25
13	35	40
14	35	53
15	35	36
16	35	57
17	35	21
18	35	13
19	35	5
20	35	17
21	35	9
22	35	9
23	35	25
0	36	12
1	36	13
2	36	16
3	36	17
4	36	19
5	36	19
6	36	19
7	36	20
8	36	20
9	36	21
10	36	21
11	36	18
12	36	17
13	36	16
14	36	15
15	36	12
16	36	11
17	36	6
18	36	4
19	36	3
20	36	2
21	36	2
22	36	3
23	36	9
0	37	24
1	37	59
2	37	31
3	37	21
4	37	23
5	37	32
6	37	29
7	37	36
8	37	27
9	37	31
10	37	18
11	37	28
12	37	27
13	37	45
14	37	60
15	37	45
16	37	43
17	37	26
18	37	10
19	37	3
20	37	4
21	37	3
22	37	9
23	37	11
0	38	41
1	38	25
2	38	15
3	38	34
4	38	27
5	38	26
6	38	25
7	38	29
8	38	39
9	38	25
10	38	24
11	38	50
12	38	48
13	38	55
14	38	33
15	38	42
16	38	52
17	38	39
18	38	10
19	38	7
20	38	8
21	38	9
22	38	9
23	38	29
0	39	15
1	39	14
2	39	34
3	39	18
4	39	28
5	39	22
6	39	21
7	39	21
8	39	23
9	39	25
10	39	22
11	39	26
12	39	17
13	39	20
14	39	47
15	39	42
16	39	59
17	39	33
18	39	20
19	39	6
20	39	11
21	39	6
22	39	14
23	39	21
0	40	10
1	40	28
2	40	23
3	40	15
4	40	44
5	40	5
6	40	15
7	40	23
8	40	28
9	40	44
10	40	36
11	40	36
12	40	28
13	40	40
14	40	23
15	40	23
16	40	19
17	40	19
18	40	5
19	40	5
20	40	0
21	40	5
22	40	19
23	40	28
0	41	24
1	41	35
2	41	46
3	41	46
4	41	13
5	41	46
6	41	46
7	41	13
8	41	0
9	41	24
10	41	56
11	41	0
12	41	0
13	41	46
14	41	46
15	41	56
16	41	35
17	41	24
18	41	0
19	41	0
20	41	35
21	41	75
22	41	35
23	41	46
0	42	0
1	42	11
2	42	47
3	42	11
4	42	55
5	42	38
6	42	29
7	42	38
8	42	55
9	42	11
10	42	47
11	42	0
12	42	0
13	42	11
14	42	11
15	42	29
16	42	0
17	42	0
18	42	0
19	42	20
20	42	0
21	42	0
22	42	0
23	42	11
0	43	68
1	43	13
2	43	13
3	43	7
4	43	7
5	43	53
6	43	31
7	43	7
8	43	19
9	43	47
10	43	19
11	43	53
12	43	72
13	43	19
14	43	98
15	43	110
16	43	63
17	43	42
18	43	13
19	43	13
20	43	13
21	43	31
22	43	25
23	43	42
0	44	6
1	44	5
2	44	5
3	44	5
4	44	5
5	44	6
6	44	4
7	44	5
8	44	5
9	44	3
10	44	5
11	44	3
12	44	5
13	44	6
14	44	7
15	44	8
16	44	7
17	44	3
18	44	2
19	44	3
20	44	1
21	44	1
22	44	3
23	44	4
0	45	19
1	45	32
2	45	23
3	45	15
4	45	38
5	45	28
6	45	32
7	45	34
8	45	23
9	45	38
10	45	26
11	45	23
12	45	28
13	45	53
14	45	39
15	45	46
16	45	51
17	45	23
18	45	9
19	45	9
20	45	9
21	45	11
22	45	17
23	45	13
0	46	26
1	46	26
2	46	25
3	46	26
4	46	26
5	46	26
6	46	25
7	46	24
8	46	24
9	46	26
10	46	26
11	46	28
12	46	30
13	46	33
14	46	36
15	46	36
16	46	39
17	46	24
18	46	15
19	46	8
20	46	7
21	46	7
22	46	11
23	46	20
0	47	23
1	47	30
2	47	30
3	47	35
4	47	35
5	47	18
6	47	13
7	47	30
8	47	23
9	47	16
10	47	8
11	47	30
12	47	26
13	47	44
14	47	35
15	47	46
16	47	46
17	47	21
18	47	21
19	47	6
20	47	0
21	47	6
22	47	6
23	47	26
0	48	18
1	48	26
2	48	30
3	48	25
4	48	25
5	48	32
6	48	25
7	48	31
8	48	40
9	48	26
10	48	21
11	48	28
12	48	23
13	48	31
14	48	44
15	48	52
16	48	54
17	48	27
18	48	20
19	48	6
20	48	5
21	48	8
22	48	11
23	48	18
0	49	0
1	49	17
2	49	0
3	49	17
4	49	47
5	49	33
6	49	17
7	49	17
8	49	0
9	49	17
10	49	0
11	49	74
12	49	0
13	49	61
14	49	86
15	49	97
16	49	134
17	49	47
18	49	0
19	49	0
20	49	47
21	49	0
22	49	0
23	49	0
