Counts for Google(4) in Hong Kong(17):
Hour	Location Index	Count
0	0	0
1	0	0
2	0	0
3	0	0
4	0	0
5	0	0
6	0	0
7	0	0
8	0	0
9	0	0
10	0	0
11	0	0
12	0	0
13	0	0
14	0	0
15	0	0
16	0	0
17	0	0
18	0	0
19	0	0
20	0	0
21	0	0
22	0	0
23	0	0
0	1	1
1	1	1
2	1	1
3	1	1
4	1	1
5	1	1
6	1	1
7	1	1
8	1	1
9	1	1
10	1	1
11	1	1
12	1	1
13	1	1
14	1	1
15	1	1
16	1	2
17	1	1
18	1	1
19	1	1
20	1	1
21	1	1
22	1	1
23	1	1
0	2	0
1	2	2
2	2	2
3	2	0
4	2	0
5	2	0
6	2	2
7	2	6
8	2	2
9	2	0
10	2	0
11	2	0
12	2	0
13	2	0
14	2	0
15	2	0
16	2	3
17	2	0
18	2	0
19	2	0
20	2	0
21	2	2
22	2	3
23	2	0
0	3	0
1	3	0
2	3	2
3	3	0
4	3	0
5	3	0
6	3	0
7	3	0
8	3	0
9	3	0
10	3	0
11	3	0
12	3	0
13	3	0
14	3	0
15	3	0
16	3	2
17	3	0
18	3	0
19	3	0
20	3	0
21	3	0
22	3	0
23	3	0
0	4	2
1	4	2
2	4	1
3	4	2
4	4	0
5	4	1
6	4	0
7	4	0
8	4	0
9	4	1
10	4	0
11	4	0
12	4	0
13	4	0
14	4	2
15	4	2
16	4	1
17	4	2
18	4	2
19	4	1
20	4	0
21	4	0
22	4	0
23	4	0
0	5	0
1	5	0
2	5	2
3	5	0
4	5	0
5	5	0
6	5	0
7	5	0
8	5	0
9	5	1
10	5	1
11	5	0
12	5	1
13	5	1
14	5	2
15	5	0
16	5	0
17	5	0
18	5	0
19	5	0
20	5	1
21	5	0
22	5	0
23	5	2
0	6	0
1	6	0
2	6	0
3	6	0
4	6	0
5	6	0
6	6	0
7	6	0
8	6	0
9	6	0
10	6	0
11	6	0
12	6	0
13	6	0
14	6	0
15	6	0
16	6	0
17	6	0
18	6	0
19	6	0
20	6	0
21	6	0
22	6	0
23	6	0
0	7	0
1	7	0
2	7	0
3	7	0
4	7	0
5	7	0
6	7	0
7	7	0
8	7	0
9	7	0
10	7	0
11	7	0
12	7	0
13	7	0
14	7	0
15	7	0
16	7	0
17	7	0
18	7	0
19	7	0
20	7	0
21	7	0
22	7	0
23	7	0
0	8	0
1	8	0
2	8	0
3	8	0
4	8	0
5	8	0
6	8	0
7	8	0
8	8	0
9	8	0
10	8	0
11	8	0
12	8	0
13	8	0
14	8	0
15	8	0
16	8	0
17	8	0
18	8	0
19	8	0
20	8	0
21	8	0
22	8	0
23	8	0
0	9	1
1	9	1
2	9	1
3	9	1
4	9	1
5	9	1
6	9	1
7	9	1
8	9	1
9	9	1
10	9	1
11	9	1
12	9	1
13	9	1
14	9	1
15	9	1
16	9	1
17	9	1
18	9	1
19	9	1
20	9	1
21	9	1
22	9	1
23	9	1
0	10	1
1	10	1
2	10	1
3	10	1
4	10	1
5	10	1
6	10	2
7	10	1
8	10	1
9	10	1
10	10	1
11	10	1
12	10	1
13	10	1
14	10	1
15	10	1
16	10	1
17	10	1
18	10	0
19	10	0
20	10	0
21	10	0
22	10	1
23	10	0
0	11	0
1	11	0
2	11	1
3	11	2
4	11	1
5	11	1
6	11	0
7	11	1
8	11	1
9	11	0
10	11	3
11	11	0
12	11	1
13	11	3
14	11	1
15	11	0
16	11	2
17	11	0
18	11	0
19	11	0
20	11	0
21	11	0
22	11	0
23	11	0
0	12	0
1	12	0
2	12	0
3	12	0
4	12	0
5	12	0
6	12	0
7	12	0
8	12	0
9	12	0
10	12	0
11	12	0
12	12	0
13	12	0
14	12	0
15	12	0
16	12	0
17	12	0
18	12	0
19	12	0
20	12	0
21	12	0
22	12	0
23	12	0
0	13	0
1	13	0
2	13	0
3	13	2
4	13	3
5	13	0
6	13	0
7	13	0
8	13	3
9	13	0
10	13	0
11	13	0
12	13	0
13	13	0
14	13	0
15	13	0
16	13	0
17	13	0
18	13	0
19	13	0
20	13	0
21	13	0
22	13	0
23	13	0
0	14	0
1	14	2
2	14	0
3	14	2
4	14	1
5	14	1
6	14	1
7	14	0
8	14	1
9	14	1
10	14	0
11	14	0
12	14	1
13	14	1
14	14	3
15	14	3
16	14	5
17	14	1
18	14	1
19	14	0
20	14	0
21	14	0
22	14	0
23	14	2
0	15	0
1	15	0
2	15	0
3	15	0
4	15	0
5	15	0
6	15	0
7	15	0
8	15	0
9	15	11
10	15	0
11	15	0
12	15	0
13	15	0
14	15	0
15	15	0
16	15	0
17	15	0
18	15	0
19	15	0
20	15	0
21	15	0
22	15	0
23	15	0
0	16	1
1	16	1
2	16	1
3	16	1
4	16	1
5	16	2
6	16	1
7	16	1
8	16	1
9	16	1
10	16	1
11	16	1
12	16	1
13	16	1
14	16	1
15	16	1
16	16	1
17	16	1
18	16	1
19	16	1
20	16	0
21	16	0
22	16	1
23	16	1
0	17	0
1	17	0
2	17	3
3	17	2
4	17	2
5	17	1
6	17	1
7	17	2
8	17	0
9	17	2
10	17	1
11	17	2
12	17	2
13	17	0
14	17	0
15	17	2
16	17	2
17	17	0
18	17	0
19	17	0
20	17	0
21	17	0
22	17	0
23	17	1
0	18	0
1	18	0
2	18	0
3	18	0
4	18	0
5	18	0
6	18	0
7	18	0
8	18	0
9	18	0
10	18	0
11	18	0
12	18	0
13	18	0
14	18	0
15	18	0
16	18	0
17	18	0
18	18	0
19	18	0
20	18	0
21	18	0
22	18	0
23	18	0
0	19	1
1	19	2
2	19	2
3	19	1
4	19	2
5	19	0
6	19	0
7	19	0
8	19	3
9	19	0
10	19	3
11	19	3
12	19	1
13	19	2
14	19	2
15	19	1
16	19	3
17	19	1
18	19	0
19	19	1
20	19	0
21	19	0
22	19	2
23	19	2
0	20	0
1	20	0
2	20	0
3	20	0
4	20	0
5	20	0
6	20	0
7	20	0
8	20	0
9	20	0
10	20	0
11	20	0
12	20	0
13	20	0
14	20	0
15	20	0
16	20	0
17	20	0
18	20	0
19	20	0
20	20	0
21	20	0
22	20	0
23	20	0
0	21	0
1	21	0
2	21	0
3	21	0
4	21	0
5	21	0
6	21	0
7	21	0
8	21	0
9	21	4
10	21	4
11	21	0
12	21	0
13	21	0
14	21	0
15	21	4
16	21	4
17	21	0
18	21	0
19	21	0
20	21	0
21	21	0
22	21	0
23	21	0
0	22	0
1	22	0
2	22	0
3	22	0
4	22	1
5	22	0
6	22	1
7	22	0
8	22	0
9	22	0
10	22	0
11	22	0
12	22	2
13	22	2
14	22	2
15	22	2
16	22	0
17	22	0
18	22	0
19	22	0
20	22	0
21	22	0
22	22	0
23	22	2
0	23	2
1	23	0
2	23	4
3	23	0
4	23	0
5	23	0
6	23	2
7	23	0
8	23	0
9	23	0
10	23	0
11	23	0
12	23	5
13	23	2
14	23	2
15	23	2
16	23	2
17	23	4
18	23	0
19	23	0
20	23	0
21	23	0
22	23	0
23	23	0
0	24	0
1	24	0
2	24	0
3	24	0
4	24	2
5	24	2
6	24	2
7	24	0
8	24	0
9	24	0
10	24	0
11	24	0
12	24	0
13	24	0
14	24	0
15	24	4
16	24	0
17	24	0
18	24	0
19	24	0
20	24	4
21	24	0
22	24	0
23	24	0
0	25	0
1	25	2
2	25	0
3	25	0
4	25	0
5	25	0
6	25	0
7	25	0
8	25	0
9	25	0
10	25	3
11	25	3
12	25	2
13	25	0
14	25	2
15	25	0
16	25	0
17	25	2
18	25	0
19	25	0
20	25	0
21	25	0
22	25	0
23	25	0
0	26	0
1	26	0
2	26	1
3	26	3
4	26	0
5	26	2
6	26	1
7	26	2
8	26	0
9	26	2
10	26	0
11	26	1
12	26	0
13	26	3
14	26	2
15	26	1
16	26	5
17	26	1
18	26	0
19	26	1
20	26	0
21	26	0
22	26	0
23	26	0
0	27	0
1	27	0
2	27	0
3	27	0
4	27	0
5	27	0
6	27	0
7	27	0
8	27	0
9	27	0
10	27	0
11	27	0
12	27	0
13	27	0
14	27	0
15	27	0
16	27	0
17	27	0
18	27	0
19	27	0
20	27	0
21	27	0
22	27	0
23	27	0
0	28	0
1	28	0
2	28	0
3	28	5
4	28	0
5	28	0
6	28	0
7	28	3
8	28	6
9	28	0
10	28	0
11	28	0
12	28	0
13	28	0
14	28	0
15	28	0
16	28	0
17	28	2
18	28	0
19	28	0
20	28	0
21	28	0
22	28	0
23	28	0
0	29	2
1	29	0
2	29	0
3	29	3
4	29	1
5	29	0
6	29	0
7	29	0
8	29	0
9	29	0
10	29	4
11	29	0
12	29	1
13	29	0
14	29	0
15	29	0
16	29	1
17	29	0
18	29	2
19	29	0
20	29	0
21	29	0
22	29	0
23	29	0
0	30	0
1	30	0
2	30	0
3	30	4
4	30	0
5	30	0
6	30	4
7	30	0
8	30	0
9	30	0
10	30	0
11	30	0
12	30	0
13	30	0
14	30	0
15	30	0
16	30	0
17	30	0
18	30	0
19	30	0
20	30	0
21	30	0
22	30	0
23	30	0
0	31	0
1	31	0
2	31	0
3	31	12
4	31	0
5	31	0
6	31	0
7	31	0
8	31	0
9	31	0
10	31	0
11	31	0
12	31	0
13	31	0
14	31	0
15	31	0
16	31	0
17	31	0
18	31	0
19	31	0
20	31	0
21	31	0
22	31	0
23	31	0
0	32	0
1	32	0
2	32	0
3	32	0
4	32	0
5	32	0
6	32	0
7	32	0
8	32	0
9	32	0
10	32	0
11	32	0
12	32	0
13	32	0
14	32	0
15	32	0
16	32	0
17	32	0
18	32	0
19	32	0
20	32	0
21	32	0
22	32	0
23	32	0
0	33	2
1	33	0
2	33	0
3	33	3
4	33	0
5	33	2
6	33	0
7	33	0
8	33	0
9	33	0
10	33	0
11	33	2
12	33	0
13	33	4
14	33	4
15	33	3
16	33	4
17	33	0
18	33	0
19	33	0
20	33	0
21	33	0
22	33	0
23	33	2
0	34	0
1	34	0
2	34	0
3	34	0
4	34	0
5	34	0
6	34	0
7	34	0
8	34	0
9	34	0
10	34	0
11	34	0
12	34	0
13	34	0
14	34	0
15	34	0
16	34	0
17	34	0
18	34	0
19	34	0
20	34	0
21	34	0
22	34	0
23	34	0
0	35	0
1	35	0
2	35	0
3	35	5
4	35	0
5	35	0
6	35	0
7	35	9
8	35	0
9	35	0
10	35	0
11	35	0
12	35	0
13	35	0
14	35	0
15	35	5
16	35	0
17	35	0
18	35	0
19	35	0
20	35	0
21	35	0
22	35	0
23	35	0
0	36	1
1	36	1
2	36	1
3	36	1
4	36	1
5	36	2
6	36	1
7	36	2
8	36	2
9	36	2
10	36	2
11	36	2
12	36	2
13	36	1
14	36	1
15	36	1
16	36	1
17	36	1
18	36	1
19	36	1
20	36	1
21	36	1
22	36	1
23	36	1
0	37	0
1	37	0
2	37	0
3	37	0
4	37	0
5	37	0
6	37	0
7	37	0
8	37	0
9	37	0
10	37	0
11	37	0
12	37	0
13	37	0
14	37	0
15	37	3
16	37	5
17	37	3
18	37	0
19	37	0
20	37	0
21	37	2
22	37	0
23	37	2
0	38	2
1	38	0
2	38	0
3	38	0
4	38	0
5	38	2
6	38	0
7	38	0
8	38	0
9	38	0
10	38	0
11	38	0
12	38	0
13	38	5
14	38	0
15	38	0
16	38	2
17	38	0
18	38	0
19	38	0
20	38	0
21	38	0
22	38	0
23	38	0
0	39	1
1	39	1
2	39	1
3	39	2
4	39	1
5	39	2
6	39	0
7	39	0
8	39	0
9	39	0
10	39	0
11	39	1
12	39	1
13	39	0
14	39	5
15	39	3
16	39	8
17	39	3
18	39	0
19	39	0
20	39	1
21	39	0
22	39	0
23	39	1
0	40	0
1	40	0
2	40	0
3	40	0
4	40	5
5	40	0
6	40	5
7	40	10
8	40	0
9	40	0
10	40	0
11	40	10
12	40	0
13	40	0
14	40	0
15	40	5
16	40	0
17	40	0
18	40	0
19	40	0
20	40	0
21	40	0
22	40	0
23	40	0
0	41	0
1	41	13
2	41	0
3	41	0
4	41	0
5	41	0
6	41	0
7	41	0
8	41	0
9	41	0
10	41	0
11	41	0
12	41	0
13	41	0
14	41	0
15	41	0
16	41	24
17	41	0
18	41	0
19	41	0
20	41	0
21	41	0
22	41	0
23	41	0
0	42	0
1	42	0
2	42	0
3	42	0
4	42	0
5	42	0
6	42	0
7	42	0
8	42	0
9	42	0
10	42	0
11	42	0
12	42	0
13	42	0
14	42	0
15	42	0
16	42	0
17	42	0
18	42	0
19	42	0
20	42	0
21	42	0
22	42	0
23	42	0
0	43	0
1	43	13
2	43	0
3	43	0
4	43	0
5	43	0
6	43	0
7	43	0
8	43	0
9	43	0
10	43	0
11	43	0
12	43	0
13	43	0
14	43	0
15	43	0
16	43	0
17	43	0
18	43	0
19	43	0
20	43	0
21	43	0
22	43	0
23	43	0
0	44	0
1	44	1
2	44	1
3	44	0
4	44	0
5	44	0
6	44	1
7	44	0
8	44	0
9	44	0
10	44	0
11	44	0
12	44	0
13	44	0
14	44	0
15	44	1
16	44	0
17	44	0
18	44	0
19	44	0
20	44	0
21	44	0
22	44	0
23	44	0
0	45	0
1	45	0
2	45	3
3	45	0
4	45	0
5	45	0
6	45	0
7	45	0
8	45	0
9	45	0
10	45	0
11	45	0
12	45	0
13	45	0
14	45	0
15	45	3
16	45	0
17	45	0
18	45	0
19	45	0
20	45	0
21	45	0
22	45	0
23	45	0
0	46	1
1	46	1
2	46	1
3	46	1
4	46	1
5	46	1
6	46	1
7	46	1
8	46	1
9	46	1
10	46	1
11	46	1
12	46	1
13	46	1
14	46	1
15	46	2
16	46	2
17	46	1
18	46	1
19	46	1
20	46	1
21	46	1
22	46	1
23	46	1
0	47	6
1	47	0
2	47	0
3	47	0
4	47	0
5	47	0
6	47	0
7	47	0
8	47	0
9	47	0
10	47	0
11	47	0
12	47	0
13	47	3
14	47	8
15	47	0
16	47	6
17	47	0
18	47	6
19	47	0
20	47	0
21	47	0
22	47	0
23	47	3
0	48	1
1	48	1
2	48	1
3	48	3
4	48	0
5	48	1
6	48	1
7	48	0
8	48	0
9	48	2
10	48	1
11	48	1
12	48	1
13	48	1
14	48	1
15	48	3
16	48	3
17	48	2
18	48	1
19	48	0
20	48	0
21	48	0
22	48	0
23	48	0
0	49	0
1	49	0
2	49	0
3	49	0
4	49	0
5	49	0
6	49	0
7	49	0
8	49	0
9	49	0
10	49	0
11	49	0
12	49	0
13	49	0
14	49	0
15	49	0
16	49	0
17	49	0
18	49	0
19	49	0
20	49	0
21	49	0
22	49	0
23	49	0
