Counts for LG(8) in Hong Kong(17):
Hour	Location Index	Count
0	0	0
1	0	0
2	0	0
3	0	0
4	0	4
5	0	0
6	0	4
7	0	0
8	0	7
9	0	0
10	0	0
11	0	10
12	0	0
13	0	0
14	0	0
15	0	0
16	0	0
17	0	0
18	0	0
19	0	0
20	0	0
21	0	0
22	0	0
23	0	4
0	1	3
1	1	3
2	1	3
3	1	3
4	1	3
5	1	3
6	1	3
7	1	3
8	1	3
9	1	3
10	1	3
11	1	3
12	1	3
13	1	3
14	1	3
15	1	3
16	1	4
17	1	3
18	1	2
19	1	1
20	1	1
21	1	1
22	1	1
23	1	2
0	2	0
1	2	3
2	2	0
3	2	0
4	2	0
5	2	0
6	2	3
7	2	0
8	2	2
9	2	4
10	2	0
11	2	0
12	2	0
13	2	0
14	2	0
15	2	0
16	2	0
17	2	0
18	2	0
19	2	0
20	2	0
21	2	2
22	2	0
23	2	4
0	3	0
1	3	0
2	3	0
3	3	0
4	3	0
5	3	3
6	3	0
7	3	2
8	3	2
9	3	0
10	3	2
11	3	2
12	3	0
13	3	0
14	3	0
15	3	3
16	3	0
17	3	0
18	3	0
19	3	0
20	3	3
21	3	0
22	3	0
23	3	0
0	4	2
1	4	4
2	4	2
3	4	2
4	4	2
5	4	4
6	4	0
7	4	5
8	4	2
9	4	2
10	4	2
11	4	0
12	4	2
13	4	2
14	4	2
15	4	6
16	4	6
17	4	2
18	4	2
19	4	1
20	4	0
21	4	2
22	4	0
23	4	0
0	5	2
1	5	5
2	5	3
3	5	0
4	5	4
5	5	4
6	5	4
7	5	0
8	5	2
9	5	1
10	5	5
11	5	3
12	5	1
13	5	3
14	5	4
15	5	2
16	5	2
17	5	1
18	5	2
19	5	1
20	5	1
21	5	1
22	5	1
23	5	2
0	6	0
1	6	0
2	6	0
3	6	0
4	6	0
5	6	0
6	6	0
7	6	0
8	6	0
9	6	0
10	6	0
11	6	0
12	6	0
13	6	0
14	6	0
15	6	0
16	6	0
17	6	0
18	6	0
19	6	0
20	6	0
21	6	0
22	6	0
23	6	0
0	7	0
1	7	0
2	7	11
3	7	11
4	7	0
5	7	11
6	7	11
7	7	0
8	7	11
9	7	0
10	7	0
11	7	0
12	7	0
13	7	0
14	7	0
15	7	11
16	7	0
17	7	0
18	7	0
19	7	0
20	7	0
21	7	0
22	7	0
23	7	0
0	8	0
1	8	0
2	8	0
3	8	0
4	8	0
5	8	0
6	8	0
7	8	0
8	8	0
9	8	0
10	8	0
11	8	0
12	8	0
13	8	0
14	8	0
15	8	0
16	8	0
17	8	0
18	8	0
19	8	0
20	8	0
21	8	0
22	8	0
23	8	0
0	9	4
1	9	4
2	9	3
3	9	4
4	9	4
5	9	4
6	9	4
7	9	4
8	9	4
9	9	4
10	9	4
11	9	4
12	9	4
13	9	3
14	9	3
15	9	3
16	9	3
17	9	2
18	9	1
19	9	1
20	9	1
21	9	1
22	9	1
23	9	3
0	10	1
1	10	3
2	10	2
3	10	3
4	10	4
5	10	2
6	10	5
7	10	3
8	10	2
9	10	2
10	10	3
11	10	2
12	10	1
13	10	1
14	10	1
15	10	1
16	10	1
17	10	1
18	10	1
19	10	1
20	10	1
21	10	0
22	10	1
23	10	1
0	11	3
1	11	0
2	11	0
3	11	1
4	11	6
5	11	3
6	11	5
7	11	3
8	11	1
9	11	2
10	11	2
11	11	1
12	11	1
13	11	3
14	11	3
15	11	2
16	11	2
17	11	2
18	11	0
19	11	0
20	11	0
21	11	1
22	11	0
23	11	2
0	12	20
1	12	0
2	12	0
3	12	20
4	12	0
5	12	0
6	12	0
7	12	0
8	12	0
9	12	0
10	12	0
11	12	0
12	12	0
13	12	0
14	12	0
15	12	0
16	12	0
17	12	0
18	12	0
19	12	0
20	12	20
21	12	0
22	12	0
23	12	20
0	13	0
1	13	4
2	13	0
3	13	7
4	13	4
5	13	5
6	13	3
7	13	4
8	13	7
9	13	5
10	13	6
11	13	3
12	13	3
13	13	3
14	13	2
15	13	2
16	13	5
17	13	0
18	13	0
19	13	2
20	13	0
21	13	0
22	13	0
23	13	2
0	14	2
1	14	2
2	14	2
3	14	2
4	14	1
5	14	1
6	14	2
7	14	2
8	14	2
9	14	3
10	14	0
11	14	4
12	14	4
13	14	2
14	14	1
15	14	3
16	14	1
17	14	2
18	14	1
19	14	2
20	14	1
21	14	0
22	14	2
23	14	2
0	15	0
1	15	0
2	15	0
3	15	0
4	15	0
5	15	0
6	15	0
7	15	0
8	15	0
9	15	0
10	15	0
11	15	0
12	15	0
13	15	0
14	15	0
15	15	11
16	15	0
17	15	0
18	15	0
19	15	0
20	15	0
21	15	11
22	15	0
23	15	0
0	16	5
1	16	3
2	16	3
3	16	4
4	16	4
5	16	4
6	16	4
7	16	5
8	16	3
9	16	3
10	16	4
11	16	4
12	16	3
13	16	3
14	16	2
15	16	2
16	16	3
17	16	1
18	16	1
19	16	1
20	16	0
21	16	1
22	16	1
23	16	2
0	17	2
1	17	2
2	17	3
3	17	1
4	17	4
5	17	4
6	17	3
7	17	2
8	17	2
9	17	2
10	17	2
11	17	0
12	17	2
13	17	2
14	17	2
15	17	1
16	17	4
17	17	4
18	17	2
19	17	0
20	17	2
21	17	2
22	17	2
23	17	2
0	18	0
1	18	0
2	18	0
3	18	0
4	18	0
5	18	0
6	18	0
7	18	0
8	18	0
9	18	0
10	18	10
11	18	0
12	18	0
13	18	0
14	18	0
15	18	0
16	18	0
17	18	0
18	18	0
19	18	0
20	18	0
21	18	0
22	18	0
23	18	0
0	19	1
1	19	2
2	19	2
3	19	2
4	19	1
5	19	4
6	19	4
7	19	3
8	19	2
9	19	2
10	19	3
11	19	4
12	19	4
13	19	3
14	19	4
15	19	8
16	19	3
17	19	3
18	19	3
19	19	0
20	19	0
21	19	0
22	19	2
23	19	1
0	20	0
1	20	0
2	20	0
3	20	4
4	20	0
5	20	0
6	20	0
7	20	0
8	20	0
9	20	4
10	20	0
11	20	0
12	20	4
13	20	0
14	20	0
15	20	0
16	20	0
17	20	0
18	20	0
19	20	0
20	20	0
21	20	0
22	20	0
23	20	0
0	21	0
1	21	0
2	21	0
3	21	4
4	21	0
5	21	0
6	21	0
7	21	0
8	21	7
9	21	0
10	21	0
11	21	0
12	21	0
13	21	0
14	21	0
15	21	0
16	21	0
17	21	0
18	21	0
19	21	0
20	21	0
21	21	0
22	21	0
23	21	0
0	22	1
1	22	2
2	22	5
3	22	3
4	22	4
5	22	2
6	22	1
7	22	0
8	22	0
9	22	1
10	22	3
11	22	1
12	22	1
13	22	9
14	22	4
15	22	3
16	22	6
17	22	6
18	22	2
19	22	0
20	22	0
21	22	0
22	22	0
23	22	2
0	23	8
1	23	11
2	23	2
3	23	7
4	23	7
5	23	7
6	23	4
7	23	2
8	23	2
9	23	7
10	23	4
11	23	0
12	23	0
13	23	4
14	23	0
15	23	4
16	23	0
17	23	0
18	23	0
19	23	0
20	23	0
21	23	0
22	23	0
23	23	0
0	24	0
1	24	0
2	24	0
3	24	0
4	24	4
5	24	0
6	24	0
7	24	0
8	24	4
9	24	2
10	24	4
11	24	2
12	24	0
13	24	0
14	24	0
15	24	0
16	24	4
17	24	10
18	24	0
19	24	0
20	24	0
21	24	0
22	24	0
23	24	0
0	25	6
1	25	2
2	25	0
3	25	7
4	25	4
5	25	3
6	25	2
7	25	0
8	25	0
9	25	6
10	25	0
11	25	0
12	25	0
13	25	2
14	25	2
15	25	0
16	25	2
17	25	4
18	25	0
19	25	0
20	25	0
21	25	2
22	25	0
23	25	0
0	26	5
1	26	0
2	26	0
3	26	0
4	26	0
5	26	0
6	26	0
7	26	2
8	26	1
9	26	0
10	26	2
11	26	1
12	26	7
13	26	0
14	26	3
15	26	1
16	26	4
17	26	1
18	26	4
19	26	2
20	26	0
21	26	0
22	26	0
23	26	0
0	27	0
1	27	0
2	27	0
3	27	0
4	27	0
5	27	0
6	27	0
7	27	0
8	27	0
9	27	23
10	27	0
11	27	0
12	27	0
13	27	0
14	27	0
15	27	0
16	27	0
17	27	0
18	27	0
19	27	0
20	27	0
21	27	0
22	27	0
23	27	0
0	28	12
1	28	3
2	28	5
3	28	5
4	28	3
5	28	2
6	28	2
7	28	0
8	28	5
9	28	5
10	28	0
11	28	5
12	28	0
13	28	5
14	28	2
15	28	0
16	28	0
17	28	0
18	28	0
19	28	0
20	28	0
21	28	0
22	28	0
23	28	0
0	29	0
1	29	5
2	29	0
3	29	1
4	29	2
5	29	3
6	29	1
7	29	2
8	29	0
9	29	1
10	29	2
11	29	0
12	29	0
13	29	2
14	29	6
15	29	3
16	29	5
17	29	0
18	29	2
19	29	0
20	29	0
21	29	0
22	29	2
23	29	2
0	30	0
1	30	4
2	30	12
3	30	4
4	30	0
5	30	19
6	30	12
7	30	4
8	30	4
9	30	4
10	30	0
11	30	4
12	30	0
13	30	0
14	30	0
15	30	0
16	30	0
17	30	0
18	30	4
19	30	0
20	30	0
21	30	0
22	30	0
23	30	0
0	31	0
1	31	0
2	31	0
3	31	0
4	31	0
5	31	0
6	31	0
7	31	0
8	31	0
9	31	0
10	31	0
11	31	0
12	31	0
13	31	0
14	31	0
15	31	0
16	31	0
17	31	0
18	31	0
19	31	0
20	31	0
21	31	0
22	31	0
23	31	0
0	32	0
1	32	3
2	32	5
3	32	3
4	32	0
5	32	3
6	32	0
7	32	4
8	32	2
9	32	3
10	32	0
11	32	0
12	32	8
13	32	3
14	32	9
15	32	4
16	32	9
17	32	3
18	32	2
19	32	2
20	32	2
21	32	0
22	32	0
23	32	0
0	33	2
1	33	4
2	33	8
3	33	2
4	33	5
5	33	3
6	33	0
7	33	4
8	33	3
9	33	3
10	33	0
11	33	2
12	33	4
13	33	2
14	33	2
15	33	7
16	33	7
17	33	4
18	33	3
19	33	3
20	33	2
21	33	2
22	33	2
23	33	0
0	34	6
1	34	12
2	34	6
3	34	12
4	34	0
5	34	0
6	34	0
7	34	0
8	34	0
9	34	6
10	34	0
11	34	6
12	34	0
13	34	12
14	34	12
15	34	0
16	34	0
17	34	0
18	34	0
19	34	0
20	34	0
21	34	0
22	34	17
23	34	6
0	35	9
1	35	5
2	35	5
3	35	0
4	35	0
5	35	0
6	35	0
7	35	0
8	35	0
9	35	5
10	35	0
11	35	9
12	35	5
13	35	5
14	35	0
15	35	0
16	35	5
17	35	5
18	35	9
19	35	0
20	35	0
21	35	5
22	35	0
23	35	5
0	36	3
1	36	4
2	36	5
3	36	5
4	36	6
5	36	6
6	36	5
7	36	5
8	36	6
9	36	5
10	36	6
11	36	6
12	36	5
13	36	4
14	36	3
15	36	3
16	36	2
17	36	2
18	36	1
19	36	1
20	36	1
21	36	1
22	36	2
23	36	2
0	37	0
1	37	0
2	37	0
3	37	2
4	37	0
5	37	0
6	37	2
7	37	2
8	37	2
9	37	4
10	37	0
11	37	2
12	37	3
13	37	2
14	37	3
15	37	3
16	37	0
17	37	7
18	37	4
19	37	2
20	37	0
21	37	4
22	37	0
23	37	2
0	38	4
1	38	4
2	38	2
3	38	3
4	38	2
5	38	0
6	38	0
7	38	2
8	38	0
9	38	6
10	38	0
11	38	3
12	38	4
13	38	2
14	38	4
15	38	5
16	38	9
17	38	5
18	38	5
19	38	3
20	38	2
21	38	0
22	38	2
23	38	0
0	39	3
1	39	3
2	39	0
3	39	1
4	39	1
5	39	1
6	39	5
7	39	1
8	39	1
9	39	0
10	39	5
11	39	1
12	39	2
13	39	5
14	39	2
15	39	6
16	39	18
17	39	3
18	39	0
19	39	2
20	39	0
21	39	0
22	39	1
23	39	2
0	40	0
1	40	15
2	40	0
3	40	0
4	40	0
5	40	0
6	40	0
7	40	10
8	40	0
9	40	0
10	40	5
11	40	0
12	40	0
13	40	0
14	40	10
15	40	0
16	40	0
17	40	5
18	40	0
19	40	5
20	40	5
21	40	0
22	40	0
23	40	0
0	41	0
1	41	0
2	41	0
3	41	0
4	41	0
5	41	0
6	41	0
7	41	0
8	41	0
9	41	0
10	41	13
11	41	0
12	41	0
13	41	0
14	41	0
15	41	0
16	41	24
17	41	0
18	41	0
19	41	0
20	41	0
21	41	0
22	41	0
23	41	0
0	42	0
1	42	11
2	42	0
3	42	0
4	42	0
5	42	29
6	42	0
7	42	0
8	42	11
9	42	0
10	42	11
11	42	0
12	42	0
13	42	0
14	42	0
15	42	0
16	42	0
17	42	0
18	42	0
19	42	0
20	42	0
21	42	0
22	42	0
23	42	0
0	43	0
1	43	0
2	43	0
3	43	0
4	43	0
5	43	0
6	43	0
7	43	0
8	43	0
9	43	0
10	43	0
11	43	0
12	43	19
13	43	0
14	43	0
15	43	0
16	43	0
17	43	0
18	43	0
19	43	0
20	43	0
21	43	0
22	43	0
23	43	0
0	44	0
1	44	0
2	44	0
3	44	0
4	44	0
5	44	0
6	44	0
7	44	0
8	44	1
9	44	0
10	44	1
11	44	0
12	44	0
13	44	0
14	44	1
15	44	0
16	44	0
17	44	0
18	44	0
19	44	0
20	44	0
21	44	0
22	44	0
23	44	0
0	45	7
1	45	0
2	45	0
3	45	0
4	45	0
5	45	0
6	45	7
7	45	0
8	45	0
9	45	0
10	45	0
11	45	0
12	45	0
13	45	3
14	45	0
15	45	3
16	45	3
17	45	0
18	45	0
19	45	0
20	45	0
21	45	0
22	45	0
23	45	3
0	46	4
1	46	4
2	46	3
3	46	3
4	46	4
5	46	4
6	46	3
7	46	3
8	46	3
9	46	3
10	46	4
11	46	4
12	46	3
13	46	4
14	46	4
15	46	4
16	46	5
17	46	3
18	46	2
19	46	1
20	46	1
21	46	1
22	46	2
23	46	3
0	47	6
1	47	6
2	47	3
3	47	3
4	47	3
5	47	0
6	47	0
7	47	3
8	47	0
9	47	3
10	47	0
11	47	6
12	47	0
13	47	0
14	47	8
15	47	6
16	47	6
17	47	0
18	47	3
19	47	3
20	47	0
21	47	0
22	47	0
23	47	3
0	48	1
1	48	3
2	48	4
3	48	2
4	48	2
5	48	2
6	48	2
7	48	2
8	48	4
9	48	3
10	48	1
11	48	2
12	48	2
13	48	7
14	48	4
15	48	6
16	48	4
17	48	3
18	48	3
19	48	1
20	48	0
21	48	1
22	48	1
23	48	1
0	49	0
1	49	0
2	49	0
3	49	0
4	49	0
5	49	0
6	49	0
7	49	0
8	49	0
9	49	0
10	49	0
11	49	0
12	49	0
13	49	17
14	49	0
15	49	0
16	49	0
17	49	0
18	49	0
19	49	0
20	49	0
21	49	0
22	49	0
23	49	0
