Counts for Nokia(10) in Vietnam(50):
Hour	Location Index	Count
0	0	8
1	0	9
2	0	11
3	0	11
4	0	8
5	0	9
6	0	7
7	0	9
8	0	9
9	0	8
10	0	10
11	0	8
12	0	10
13	0	10
14	0	7
15	0	4
16	0	2
17	0	1
18	0	1
19	0	1
20	0	1
21	0	1
22	0	2
23	0	5
0	1	8
1	1	8
2	1	8
3	1	8
4	1	10
5	1	12
6	1	9
7	1	7
8	1	7
9	1	7
10	1	8
11	1	9
12	1	10
13	1	9
14	1	9
15	1	8
16	1	5
17	1	3
18	1	2
19	1	1
20	1	1
21	1	1
22	1	3
23	1	6
0	2	2
1	2	3
2	2	4
3	2	4
4	2	5
5	2	5
6	2	7
7	2	4
8	2	3
9	2	3
10	2	4
11	2	5
12	2	7
13	2	6
14	2	6
15	2	6
16	2	4
17	2	4
18	2	2
19	2	2
20	2	1
21	2	1
22	2	2
23	2	3
0	3	7
1	3	5
2	3	9
3	3	8
4	3	6
5	3	7
6	3	6
7	3	6
8	3	5
9	3	6
10	3	5
11	3	5
12	3	5
13	3	8
14	3	11
15	3	6
16	3	8
17	3	1
18	3	1
19	3	1
20	3	1
21	3	1
22	3	3
23	3	4
0	4	3
1	4	5
2	4	5
3	4	5
4	4	6
5	4	8
6	4	5
7	4	5
8	4	4
9	4	5
10	4	5
11	4	5
12	4	7
13	4	7
14	4	7
15	4	8
16	4	5
17	4	2
18	4	2
19	4	1
20	4	1
21	4	1
22	4	3
23	4	3
0	5	6
1	5	2
2	5	5
3	5	14
4	5	6
5	5	9
6	5	7
7	5	7
8	5	3
9	5	11
10	5	4
11	5	11
12	5	15
13	5	13
14	5	7
15	5	9
16	5	3
17	5	5
18	5	8
19	5	8
20	5	0
21	5	0
22	5	3
23	5	4
0	6	10
1	6	8
2	6	7
3	6	7
4	6	11
5	6	17
6	6	10
7	6	8
8	6	7
9	6	5
10	6	8
11	6	10
12	6	7
13	6	11
14	6	8
15	6	5
16	6	4
17	6	4
18	6	3
19	6	3
20	6	1
21	6	1
22	6	4
23	6	6
0	7	4
1	7	10
2	7	17
3	7	12
4	7	17
5	7	21
6	7	6
7	7	12
8	7	8
9	7	12
10	7	10
11	7	6
12	7	6
13	7	16
14	7	8
15	7	8
16	7	2
17	7	0
18	7	4
19	7	0
20	7	2
21	7	2
22	7	0
23	7	10
0	8	11
1	8	8
2	8	9
3	8	10
4	8	11
5	8	10
6	8	16
7	8	8
8	8	9
9	8	8
10	8	7
11	8	10
12	8	12
13	8	13
14	8	9
15	8	7
16	8	4
17	8	2
18	8	3
19	8	0
20	8	0
21	8	1
22	8	3
23	8	3
0	9	0
1	9	0
2	9	0
3	9	0
4	9	36
5	9	0
6	9	0
7	9	0
8	9	0
9	9	36
10	9	0
11	9	0
12	9	0
13	9	0
14	9	0
15	9	0
16	9	0
17	9	0
18	9	0
19	9	0
20	9	0
21	9	0
22	9	0
23	9	0
0	10	3
1	10	4
2	10	4
3	10	5
4	10	6
5	10	7
6	10	6
7	10	5
8	10	5
9	10	6
10	10	6
11	10	7
12	10	7
13	10	7
14	10	8
15	10	6
16	10	4
17	10	2
18	10	1
19	10	1
20	10	1
21	10	1
22	10	2
23	10	3
0	11	6
1	11	6
2	11	9
3	11	7
4	11	9
5	11	13
6	11	10
7	11	8
8	11	8
9	11	5
10	11	8
11	11	9
12	11	11
13	11	13
14	11	14
15	11	8
16	11	9
17	11	5
18	11	2
19	11	2
20	11	1
21	11	1
22	11	2
23	11	4
0	12	9
1	12	12
2	12	14
3	12	23
4	12	7
5	12	16
6	12	10
7	12	14
8	12	13
9	12	9
10	12	5
11	12	5
12	12	6
13	12	2
14	12	4
15	12	3
16	12	0
17	12	0
18	12	3
19	12	0
20	12	0
21	12	0
22	12	0
23	12	4
0	13	7
1	13	6
2	13	9
3	13	10
4	13	7
5	13	9
6	13	8
7	13	4
8	13	8
9	13	5
10	13	4
11	13	10
12	13	13
13	13	10
14	13	9
15	13	6
16	13	4
17	13	3
18	13	1
19	13	0
20	13	1
21	13	2
22	13	2
23	13	4
0	14	0
1	14	0
2	14	0
3	14	0
4	14	0
5	14	0
6	14	0
7	14	0
8	14	0
9	14	0
10	14	0
11	14	0
12	14	0
13	14	0
14	14	0
15	14	0
16	14	0
17	14	0
18	14	0
19	14	0
20	14	0
21	14	0
22	14	0
23	14	0
0	15	5
1	15	7
2	15	6
3	15	5
4	15	7
5	15	7
6	15	4
7	15	4
8	15	5
9	15	5
10	15	5
11	15	5
12	15	7
13	15	5
14	15	7
15	15	5
16	15	3
17	15	1
18	15	1
19	15	1
20	15	1
21	15	1
22	15	2
23	15	3
0	16	7
1	16	8
2	16	8
3	16	9
4	16	10
5	16	12
6	16	9
7	16	8
8	16	8
9	16	8
10	16	8
11	16	10
12	16	12
13	16	12
14	16	11
15	16	9
16	16	6
17	16	3
18	16	2
19	16	1
20	16	1
21	16	2
22	16	3
23	16	5
0	17	4
1	17	7
2	17	7
3	17	4
4	17	13
5	17	24
6	17	13
7	17	7
8	17	16
9	17	4
10	17	7
11	17	33
12	17	10
13	17	0
14	17	7
15	17	4
16	17	13
17	17	0
18	17	0
19	17	0
20	17	0
21	17	0
22	17	0
23	17	4
0	18	0
1	18	10
2	18	18
3	18	10
4	18	3
5	18	20
6	18	10
7	18	7
8	18	3
9	18	7
10	18	3
11	18	14
12	18	14
13	18	7
14	18	12
15	18	12
16	18	3
17	18	5
18	18	3
19	18	10
20	18	3
21	18	3
22	18	14
23	18	3
0	19	3
1	19	4
2	19	4
3	19	3
4	19	6
5	19	7
6	19	7
7	19	6
8	19	5
9	19	3
10	19	4
11	19	7
12	19	5
13	19	8
14	19	8
15	19	6
16	19	4
17	19	2
18	19	2
19	19	1
20	19	1
21	19	1
22	19	2
23	19	4
0	20	0
1	20	0
2	20	0
3	20	0
4	20	38
5	20	0
6	20	14
7	20	14
8	20	14
9	20	0
10	20	0
11	20	0
12	20	26
13	20	0
14	20	0
15	20	0
16	20	0
17	20	0
18	20	0
19	20	0
20	20	0
21	20	0
22	20	0
23	20	0
0	21	0
1	21	0
2	21	4
3	21	4
4	21	14
5	21	7
6	21	4
7	21	4
8	21	10
9	21	7
10	21	10
11	21	0
12	21	7
13	21	0
14	21	0
15	21	0
16	21	0
17	21	0
18	21	0
19	21	0
20	21	0
21	21	0
22	21	0
23	21	0
0	22	3
1	22	5
2	22	5
3	22	5
4	22	6
5	22	9
6	22	4
7	22	6
8	22	3
9	22	5
10	22	5
11	22	4
12	22	7
13	22	5
14	22	3
15	22	3
16	22	6
17	22	3
18	22	2
19	22	0
20	22	0
21	22	0
22	22	0
23	22	2
0	23	4
1	23	0
2	23	4
3	23	0
4	23	7
5	23	12
6	23	21
7	23	12
8	23	21
9	23	0
10	23	4
11	23	12
12	23	18
13	23	10
14	23	10
15	23	12
16	23	4
17	23	0
18	23	0
19	23	0
20	23	0
21	23	0
22	23	7
23	23	4
0	24	11
1	24	11
2	24	13
3	24	15
4	24	16
5	24	18
6	24	13
7	24	14
8	24	12
9	24	12
10	24	13
11	24	16
12	24	18
13	24	18
14	24	20
15	24	17
16	24	9
17	24	5
18	24	4
19	24	2
20	24	2
21	24	2
22	24	5
23	24	11
0	25	0
1	25	0
2	25	0
3	25	0
4	25	0
5	25	0
6	25	0
7	25	0
8	25	0
9	25	0
10	25	0
11	25	0
12	25	0
13	25	0
14	25	0
15	25	0
16	25	0
17	25	0
18	25	0
19	25	0
20	25	0
21	25	0
22	25	0
23	25	0
0	26	0
1	26	0
2	26	0
3	26	0
4	26	0
5	26	0
6	26	0
7	26	0
8	26	0
9	26	0
10	26	0
11	26	0
12	26	0
13	26	0
14	26	0
15	26	0
16	26	0
17	26	0
18	26	0
19	26	0
20	26	0
21	26	0
22	26	0
23	26	0
0	27	5
1	27	6
2	27	6
3	27	8
4	27	12
5	27	10
6	27	5
7	27	7
8	27	5
9	27	7
10	27	7
11	27	9
12	27	10
13	27	6
14	27	7
15	27	0
16	27	2
17	27	0
18	27	2
19	27	0
20	27	0
21	27	0
22	27	1
23	27	0
0	28	6
1	28	8
2	28	8
3	28	8
4	28	9
5	28	9
6	28	8
7	28	7
8	28	7
9	28	7
10	28	6
11	28	7
12	28	8
13	28	7
14	28	6
15	28	5
16	28	4
17	28	3
18	28	2
19	28	1
20	28	1
21	28	1
22	28	2
23	28	4
0	29	0
1	29	61
2	29	0
3	29	0
4	29	0
5	29	0
6	29	0
7	29	0
8	29	0
9	29	0
10	29	0
11	29	0
12	29	0
13	29	0
14	29	0
15	29	0
16	29	0
17	29	0
18	29	0
19	29	0
20	29	0
21	29	0
22	29	0
23	29	0
0	30	0
1	30	0
2	30	0
3	30	0
4	30	0
5	30	0
6	30	0
7	30	0
8	30	0
9	30	0
10	30	0
11	30	0
12	30	0
13	30	0
14	30	0
15	30	0
16	30	0
17	30	0
18	30	0
19	30	0
20	30	0
21	30	0
22	30	0
23	30	0
0	31	5
1	31	6
2	31	7
3	31	7
4	31	8
5	31	12
6	31	9
7	31	7
8	31	6
9	31	4
10	31	5
11	31	9
12	31	10
13	31	14
14	31	10
15	31	8
16	31	4
17	31	2
18	31	1
19	31	1
20	31	2
21	31	1
22	31	3
23	31	5
0	32	0
1	32	13
2	32	0
3	32	0
4	32	25
5	32	46
6	32	0
7	32	0
8	32	13
9	32	25
10	32	13
11	32	0
12	32	0
13	32	0
14	32	13
15	32	0
16	32	0
17	32	0
18	32	0
19	32	0
20	32	0
21	32	0
22	32	0
23	32	0
0	33	13
1	33	2
2	33	5
3	33	5
4	33	10
5	33	13
6	33	11
7	33	6
8	33	6
9	33	5
10	33	7
11	33	4
12	33	14
13	33	11
14	33	13
15	33	10
16	33	8
17	33	2
18	33	4
19	33	1
20	33	0
21	33	1
22	33	3
23	33	6
0	34	7
1	34	9
2	34	9
3	34	11
4	34	12
5	34	15
6	34	10
7	34	9
8	34	9
9	34	10
10	34	10
11	34	12
12	34	15
13	34	14
14	34	12
15	34	9
16	34	5
17	34	3
18	34	2
19	34	1
20	34	1
21	34	2
22	34	3
23	34	6
0	35	3
1	35	4
2	35	6
3	35	4
4	35	5
5	35	2
6	35	6
7	35	4
8	35	3
9	35	2
10	35	2
11	35	3
12	35	10
13	35	5
14	35	6
15	35	3
16	35	2
17	35	2
18	35	2
19	35	0
20	35	0
21	35	0
22	35	1
23	35	1
0	36	0
1	36	0
2	36	0
3	36	0
4	36	0
5	36	0
6	36	13
7	36	0
8	36	0
9	36	0
10	36	0
11	36	0
12	36	13
13	36	25
14	36	0
15	36	0
16	36	0
17	36	0
18	36	0
19	36	0
20	36	0
21	36	0
22	36	0
23	36	0
0	37	7
1	37	6
2	37	9
3	37	10
4	37	5
5	37	10
6	37	4
7	37	3
8	37	9
9	37	6
10	37	4
11	37	7
12	37	9
13	37	9
14	37	7
15	37	5
16	37	2
17	37	2
18	37	1
19	37	1
20	37	1
21	37	1
22	37	4
23	37	6
0	38	4
1	38	5
2	38	5
3	38	4
4	38	3
5	38	7
6	38	3
7	38	3
8	38	4
9	38	6
10	38	7
11	38	7
12	38	5
13	38	4
14	38	7
15	38	7
16	38	6
17	38	2
18	38	1
19	38	1
20	38	0
21	38	1
22	38	1
23	38	4
0	39	4
1	39	4
2	39	4
3	39	4
4	39	5
5	39	7
6	39	5
7	39	5
8	39	5
9	39	5
10	39	6
11	39	7
12	39	7
13	39	7
14	39	7
15	39	7
16	39	5
17	39	3
18	39	1
19	39	1
20	39	1
21	39	1
22	39	2
23	39	3
0	40	6
1	40	15
2	40	9
3	40	6
4	40	12
5	40	3
6	40	9
7	40	0
8	40	0
9	40	6
10	40	9
11	40	3
12	40	21
13	40	21
14	40	18
15	40	23
16	40	15
17	40	18
18	40	0
19	40	0
20	40	0
21	40	0
22	40	0
23	40	6
0	41	4
1	41	5
2	41	4
3	41	4
4	41	5
5	41	9
6	41	5
7	41	4
8	41	4
9	41	3
10	41	4
11	41	6
12	41	9
13	41	6
14	41	7
15	41	5
16	41	4
17	41	3
18	41	1
19	41	1
20	41	1
21	41	1
22	41	1
23	41	3
0	42	6
1	42	7
2	42	13
3	42	7
4	42	11
5	42	10
6	42	10
7	42	5
8	42	7
9	42	8
10	42	5
11	42	11
12	42	9
13	42	9
14	42	14
15	42	3
16	42	1
17	42	2
18	42	1
19	42	1
20	42	2
21	42	3
22	42	1
23	42	5
0	43	10
1	43	6
2	43	11
3	43	13
4	43	9
5	43	17
6	43	13
7	43	5
8	43	8
9	43	9
10	43	10
11	43	7
12	43	18
13	43	14
14	43	9
15	43	10
16	43	9
17	43	2
18	43	2
19	43	2
20	43	3
21	43	2
22	43	4
23	43	3
0	44	6
1	44	13
2	44	12
3	44	11
4	44	12
5	44	12
6	44	5
7	44	16
8	44	14
9	44	12
10	44	12
11	44	11
12	44	12
13	44	12
14	44	12
15	44	5
16	44	1
17	44	2
18	44	3
19	44	0
20	44	0
21	44	0
22	44	0
23	44	0
0	45	7
1	45	7
2	45	5
3	45	12
4	45	6
5	45	10
6	45	8
7	45	7
8	45	9
9	45	9
10	45	6
11	45	6
12	45	13
13	45	8
14	45	8
15	45	6
16	45	5
17	45	2
18	45	1
19	45	1
20	45	1
21	45	0
22	45	1
23	45	7
0	46	4
1	46	7
2	46	5
3	46	6
4	46	8
5	46	9
6	46	8
7	46	5
8	46	5
9	46	6
10	46	6
11	46	10
12	46	10
13	46	10
14	46	9
15	46	10
16	46	6
17	46	3
18	46	2
19	46	1
20	46	1
21	46	1
22	46	3
23	46	4
0	47	12
1	47	6
2	47	13
3	47	10
4	47	6
5	47	13
6	47	3
7	47	7
8	47	10
9	47	21
10	47	9
11	47	20
12	47	3
13	47	12
14	47	16
15	47	12
16	47	6
17	47	0
18	47	0
19	47	0
20	47	0
21	47	10
22	47	6
23	47	9
0	48	6
1	48	8
2	48	9
3	48	9
4	48	11
5	48	12
6	48	8
7	48	8
8	48	8
9	48	8
10	48	9
11	48	10
12	48	11
13	48	11
14	48	10
15	48	8
16	48	5
17	48	3
18	48	2
19	48	1
20	48	1
21	48	2
22	48	3
23	48	6
0	49	0
1	49	0
2	49	0
3	49	0
4	49	0
5	49	0
6	49	0
7	49	0
8	49	0
9	49	0
10	49	0
11	49	0
12	49	0
13	49	0
14	49	137
15	49	0
16	49	0
17	49	0
18	49	0
19	49	0
20	49	0
21	49	0
22	49	0
23	49	0
0	50	5
1	50	0
2	50	5
3	50	5
4	50	8
5	50	13
6	50	0
7	50	5
8	50	15
9	50	5
10	50	8
11	50	0
12	50	0
13	50	0
14	50	0
15	50	0
16	50	0
17	50	0
18	50	0
19	50	0
20	50	0
21	50	0
22	50	0
23	50	3
0	51	4
1	51	4
2	51	10
3	51	8
4	51	8
5	51	8
6	51	7
7	51	7
8	51	7
9	51	6
10	51	7
11	51	10
12	51	11
13	51	8
14	51	8
15	51	4
16	51	2
17	51	2
18	51	1
19	51	0
20	51	1
21	51	0
22	51	1
23	51	3
0	52	7
1	52	9
2	52	10
3	52	10
4	52	11
5	52	13
6	52	10
7	52	9
8	52	9
9	52	8
10	52	9
11	52	10
12	52	12
13	52	12
14	52	11
15	52	9
16	52	6
17	52	3
18	52	2
19	52	1
20	52	1
21	52	2
22	52	3
23	52	6
0	53	7
1	53	9
2	53	9
3	53	9
4	53	11
5	53	9
6	53	8
7	53	6
8	53	8
9	53	6
10	53	6
11	53	6
12	53	7
13	53	7
14	53	10
15	53	5
16	53	5
17	53	2
18	53	2
19	53	1
20	53	1
21	53	1
22	53	2
23	53	3
0	54	5
1	54	7
2	54	5
3	54	8
4	54	7
5	54	8
6	54	8
7	54	7
8	54	6
9	54	8
10	54	12
11	54	10
12	54	7
13	54	11
14	54	13
15	54	9
16	54	10
17	54	3
18	54	1
19	54	1
20	54	2
21	54	1
22	54	5
23	54	5
0	55	7
1	55	4
2	55	8
3	55	6
4	55	7
5	55	9
6	55	9
7	55	8
8	55	6
9	55	5
10	55	6
11	55	7
12	55	7
13	55	11
14	55	10
15	55	8
16	55	7
17	55	4
18	55	1
19	55	1
20	55	3
21	55	1
22	55	3
23	55	4
0	56	7
1	56	8
2	56	8
3	56	9
4	56	11
5	56	14
6	56	9
7	56	8
8	56	7
9	56	8
10	56	8
11	56	10
12	56	13
13	56	13
14	56	12
15	56	10
16	56	6
17	56	3
18	56	2
19	56	1
20	56	1
21	56	2
22	56	3
23	56	6
0	57	3
1	57	5
2	57	4
3	57	4
4	57	5
5	57	6
6	57	5
7	57	3
8	57	4
9	57	4
10	57	4
11	57	5
12	57	6
13	57	7
14	57	5
15	57	6
16	57	3
17	57	2
18	57	1
19	57	1
20	57	1
21	57	1
22	57	2
23	57	4
0	58	7
1	58	7
2	58	9
3	58	9
4	58	9
5	58	12
6	58	8
7	58	9
8	58	11
9	58	9
10	58	6
11	58	6
12	58	11
13	58	9
14	58	8
15	58	6
16	58	2
17	58	2
18	58	1
19	58	2
20	58	1
21	58	2
22	58	3
23	58	6
0	59	9
1	59	9
2	59	18
3	59	0
4	59	0
5	59	9
6	59	0
7	59	9
8	59	9
9	59	0
10	59	0
11	59	0
12	59	0
13	59	0
14	59	0
15	59	0
16	59	0
17	59	9
18	59	9
19	59	0
20	59	0
21	59	0
22	59	9
23	59	18
0	60	8
1	60	11
2	60	10
3	60	8
4	60	8
5	60	12
6	60	5
7	60	7
8	60	6
9	60	5
10	60	8
11	60	4
12	60	9
13	60	8
14	60	9
15	60	9
16	60	5
17	60	2
18	60	0
19	60	2
20	60	1
21	60	4
22	60	3
23	60	6
0	61	7
1	61	8
2	61	9
3	61	9
4	61	10
5	61	11
6	61	9
7	61	9
8	61	9
9	61	9
10	61	9
11	61	10
12	61	12
13	61	12
14	61	11
15	61	9
16	61	6
17	61	3
18	61	2
19	61	2
20	61	1
21	61	1
22	61	3
23	61	5
0	62	3
1	62	4
2	62	4
3	62	4
4	62	6
5	62	7
6	62	7
7	62	4
8	62	4
9	62	3
10	62	5
11	62	3
12	62	7
13	62	8
14	62	6
15	62	6
16	62	6
17	62	2
18	62	1
19	62	1
20	62	1
21	62	1
22	62	2
23	62	3
0	63	7
1	63	8
2	63	10
3	63	8
4	63	10
5	63	11
6	63	7
7	63	8
8	63	4
9	63	7
10	63	7
11	63	9
12	63	13
13	63	8
14	63	10
15	63	7
16	63	4
17	63	4
18	63	2
19	63	2
20	63	2
21	63	2
22	63	4
23	63	4
0	64	0
1	64	0
2	64	0
3	64	0
4	64	0
5	64	0
6	64	0
7	64	0
8	64	0
9	64	0
10	64	0
11	64	0
12	64	0
13	64	0
14	64	0
15	64	0
16	64	0
17	64	0
18	64	0
19	64	0
20	64	0
21	64	0
22	64	0
23	64	0
0	65	0
1	65	0
2	65	0
3	65	0
4	65	31
5	65	11
6	65	16
7	65	11
8	65	0
9	65	0
10	65	0
11	65	0
12	65	0
13	65	0
14	65	6
15	65	0
16	65	0
17	65	0
18	65	0
19	65	0
20	65	0
21	65	0
22	65	0
23	65	0
0	66	3
1	66	7
2	66	5
3	66	8
4	66	5
5	66	7
6	66	5
7	66	5
8	66	7
9	66	5
10	66	3
11	66	9
12	66	11
13	66	5
14	66	6
15	66	7
16	66	6
17	66	9
18	66	3
19	66	0
20	66	0
21	66	1
22	66	2
23	66	3
0	67	15
1	67	15
2	67	18
3	67	3
4	67	12
5	67	6
6	67	12
7	67	6
8	67	9
9	67	3
10	67	9
11	67	0
12	67	34
13	67	9
14	67	9
15	67	9
16	67	15
17	67	3
18	67	0
19	67	0
20	67	3
21	67	0
22	67	3
23	67	9
0	68	5
1	68	7
2	68	5
3	68	6
4	68	7
5	68	9
6	68	6
7	68	5
8	68	6
9	68	7
10	68	5
11	68	7
12	68	8
13	68	9
14	68	7
15	68	7
16	68	6
17	68	3
18	68	2
19	68	1
20	68	1
21	68	1
22	68	2
23	68	4
0	69	7
1	69	4
2	69	0
3	69	4
4	69	7
5	69	10
6	69	13
7	69	0
8	69	7
9	69	4
10	69	4
11	69	10
12	69	13
13	69	10
14	69	10
15	69	19
16	69	0
17	69	0
18	69	0
19	69	0
20	69	0
21	69	0
22	69	0
23	69	0
0	70	8
1	70	7
2	70	8
3	70	6
4	70	9
5	70	9
6	70	6
7	70	5
8	70	8
9	70	3
10	70	6
11	70	4
12	70	4
13	70	5
14	70	3
15	70	3
16	70	3
17	70	1
18	70	1
19	70	0
20	70	2
21	70	1
22	70	1
23	70	4
0	71	4
1	71	2
2	71	5
3	71	6
4	71	9
5	71	8
6	71	6
7	71	6
8	71	8
9	71	6
10	71	8
11	71	8
12	71	9
13	71	14
14	71	11
15	71	3
16	71	2
17	71	4
18	71	0
19	71	1
20	71	0
21	71	1
22	71	1
23	71	1
0	72	0
1	72	0
2	72	0
3	72	0
4	72	0
5	72	19
6	72	0
7	72	0
8	72	0
9	72	0
10	72	0
11	72	0
12	72	0
13	72	0
14	72	36
15	72	0
16	72	0
17	72	0
18	72	0
19	72	0
20	72	0
21	72	0
22	72	0
23	72	0
0	73	7
1	73	9
2	73	9
3	73	11
4	73	11
5	73	13
6	73	8
7	73	9
8	73	11
9	73	9
10	73	10
11	73	12
12	73	14
13	73	15
14	73	13
15	73	8
16	73	7
17	73	4
18	73	2
19	73	1
20	73	1
21	73	2
22	73	3
23	73	6
0	74	4
1	74	10
2	74	13
3	74	13
4	74	16
5	74	7
6	74	12
7	74	5
8	74	7
9	74	10
10	74	12
11	74	32
12	74	27
13	74	18
14	74	10
15	74	4
16	74	2
17	74	0
18	74	0
19	74	0
20	74	0
21	74	0
22	74	2
23	74	5
0	75	10
1	75	13
2	75	9
3	75	10
4	75	11
5	75	9
6	75	6
7	75	8
8	75	10
9	75	8
10	75	10
11	75	8
12	75	7
13	75	8
14	75	8
15	75	6
16	75	4
17	75	4
18	75	2
19	75	2
20	75	2
21	75	3
22	75	3
23	75	4
0	76	3
1	76	6
2	76	7
3	76	9
4	76	7
5	76	8
6	76	7
7	76	6
8	76	10
9	76	8
10	76	7
11	76	5
12	76	5
13	76	3
14	76	4
15	76	4
16	76	2
17	76	1
18	76	1
19	76	1
20	76	0
21	76	1
22	76	1
23	76	1
0	77	8
1	77	9
2	77	7
3	77	14
4	77	7
5	77	9
6	77	19
7	77	8
8	77	9
9	77	8
10	77	13
11	77	5
12	77	12
13	77	6
14	77	9
15	77	4
16	77	6
17	77	5
18	77	1
19	77	0
20	77	4
21	77	1
22	77	1
23	77	5
0	78	11
1	78	7
2	78	14
3	78	20
4	78	18
5	78	4
6	78	8
7	78	20
8	78	9
9	78	18
10	78	10
11	78	11
12	78	5
13	78	6
14	78	8
15	78	0
16	78	1
17	78	0
18	78	0
19	78	0
20	78	0
21	78	0
22	78	0
23	78	2
0	79	5
1	79	7
2	79	6
3	79	6
4	79	4
5	79	7
6	79	6
7	79	6
8	79	8
9	79	9
10	79	6
11	79	4
12	79	8
13	79	5
14	79	4
15	79	4
16	79	1
17	79	1
18	79	1
19	79	1
20	79	1
21	79	0
22	79	1
23	79	1
0	80	0
1	80	0
2	80	0
3	80	0
4	80	0
5	80	0
6	80	0
7	80	0
8	80	0
9	80	0
10	80	0
11	80	0
12	80	0
13	80	0
14	80	0
15	80	0
16	80	0
17	80	0
18	80	0
19	80	0
20	80	0
21	80	0
22	80	0
23	80	0
0	81	10
1	81	8
2	81	10
3	81	18
4	81	19
5	81	24
6	81	10
7	81	11
8	81	15
9	81	11
10	81	14
11	81	10
12	81	17
13	81	10
14	81	13
15	81	6
16	81	4
17	81	3
18	81	3
19	81	3
20	81	1
21	81	1
22	81	5
23	81	9
0	82	4
1	82	4
2	82	4
3	82	4
4	82	6
5	82	8
6	82	6
7	82	5
8	82	6
9	82	6
10	82	7
11	82	6
12	82	7
13	82	7
14	82	7
15	82	8
16	82	4
17	82	3
18	82	2
19	82	1
20	82	1
21	82	1
22	82	2
23	82	3
0	83	0
1	83	0
2	83	0
3	83	0
4	83	0
5	83	0
6	83	0
7	83	0
8	83	0
9	83	0
10	83	0
11	83	0
12	83	13
13	83	0
14	83	0
15	83	0
16	83	0
17	83	0
18	83	0
19	83	0
20	83	0
21	83	0
22	83	0
23	83	0
0	84	9
1	84	10
2	84	10
3	84	9
4	84	8
5	84	10
6	84	9
7	84	8
8	84	12
9	84	8
10	84	7
11	84	8
12	84	6
13	84	8
14	84	7
15	84	4
16	84	3
17	84	2
18	84	2
19	84	1
20	84	1
21	84	1
22	84	1
23	84	2
0	85	4
1	85	4
2	85	6
3	85	7
4	85	8
5	85	12
6	85	8
7	85	5
8	85	7
9	85	6
10	85	5
11	85	7
12	85	10
13	85	9
14	85	10
15	85	9
16	85	5
17	85	3
18	85	2
19	85	2
20	85	1
21	85	2
22	85	2
23	85	5
0	86	0
1	86	0
2	86	38
3	86	0
4	86	0
5	86	0
6	86	0
7	86	0
8	86	0
9	86	0
10	86	0
11	86	0
12	86	0
13	86	0
14	86	0
15	86	0
16	86	0
17	86	0
18	86	0
19	86	0
20	86	0
21	86	0
22	86	0
23	86	0
0	87	3
1	87	16
2	87	5
3	87	16
4	87	13
5	87	9
6	87	13
7	87	11
8	87	9
9	87	9
10	87	9
11	87	11
12	87	7
13	87	11
14	87	9
15	87	7
16	87	13
17	87	3
18	87	0
19	87	0
20	87	0
21	87	0
22	87	0
23	87	7
0	88	5
1	88	6
2	88	5
3	88	6
4	88	6
5	88	9
6	88	7
7	88	5
8	88	5
9	88	6
10	88	7
11	88	7
12	88	8
13	88	9
14	88	6
15	88	6
16	88	5
17	88	3
18	88	2
19	88	2
20	88	1
21	88	1
22	88	2
23	88	5
0	89	14
1	89	10
2	89	18
3	89	16
4	89	13
5	89	13
6	89	3
7	89	9
8	89	11
9	89	9
10	89	9
11	89	10
12	89	6
13	89	9
14	89	6
15	89	1
16	89	0
17	89	2
18	89	1
19	89	1
20	89	0
21	89	0
22	89	1
23	89	4
0	90	4
1	90	24
2	90	18
3	90	7
4	90	8
5	90	19
6	90	6
7	90	17
8	90	17
9	90	11
10	90	7
11	90	11
12	90	15
13	90	5
14	90	20
15	90	2
16	90	7
17	90	3
18	90	0
19	90	0
20	90	2
21	90	2
22	90	0
23	90	5
0	91	5
1	91	7
2	91	8
3	91	10
4	91	11
5	91	13
6	91	10
7	91	9
8	91	9
9	91	9
10	91	10
11	91	13
12	91	17
13	91	18
14	91	15
15	91	10
16	91	6
17	91	3
18	91	2
19	91	1
20	91	1
21	91	1
22	91	2
23	91	4
0	92	0
1	92	0
2	92	6
3	92	6
4	92	0
5	92	0
6	92	6
7	92	0
8	92	6
9	92	0
10	92	6
11	92	6
12	92	0
13	92	0
14	92	0
15	92	0
16	92	0
17	92	0
18	92	0
19	92	0
20	92	0
21	92	0
22	92	0
23	92	0
