Counts for Samsung(12) in Vietnam(50):
Hour	Location Index	Count
0	0	11
1	0	18
2	0	13
3	0	16
4	0	14
5	0	11
6	0	14
7	0	17
8	0	12
9	0	13
10	0	10
11	0	14
12	0	14
13	0	17
14	0	11
15	0	5
16	0	3
17	0	2
18	0	1
19	0	1
20	0	1
21	0	1
22	0	1
23	0	5
0	1	9
1	1	10
2	1	10
3	1	11
4	1	12
5	1	16
6	1	12
7	1	10
8	1	10
9	1	9
10	1	10
11	1	10
12	1	12
13	1	11
14	1	12
15	1	9
16	1	6
17	1	4
18	1	2
19	1	1
20	1	2
21	1	2
22	1	3
23	1	6
0	2	7
1	2	8
2	2	7
3	2	9
4	2	9
5	2	16
6	2	11
7	2	8
8	2	8
9	2	9
10	2	10
11	2	10
12	2	12
13	2	10
14	2	12
15	2	14
16	2	11
17	2	7
18	2	4
19	2	2
20	2	1
21	2	2
22	2	3
23	2	5
0	3	11
1	3	10
2	3	7
3	3	10
4	3	15
5	3	15
6	3	12
7	3	8
8	3	10
9	3	10
10	3	9
11	3	9
12	3	11
13	3	13
14	3	12
15	3	11
16	3	13
17	3	5
18	3	3
19	3	2
20	3	2
21	3	3
22	3	3
23	3	9
0	4	8
1	4	9
2	4	12
3	4	14
4	4	16
5	4	19
6	4	16
7	4	10
8	4	8
9	4	11
10	4	9
11	4	11
12	4	14
13	4	14
14	4	9
15	4	11
16	4	6
17	4	3
18	4	2
19	4	2
20	4	1
21	4	2
22	4	4
23	4	6
0	5	6
1	5	6
2	5	9
3	5	9
4	5	14
5	5	24
6	5	12
7	5	14
8	5	8
9	5	8
10	5	11
11	5	4
12	5	6
13	5	8
14	5	6
15	5	13
16	5	8
17	5	6
18	5	4
19	5	0
20	5	0
21	5	0
22	5	5
23	5	6
0	6	10
1	6	7
2	6	6
3	6	9
4	6	12
5	6	15
6	6	9
7	6	8
8	6	6
9	6	7
10	6	10
11	6	11
12	6	12
13	6	7
14	6	8
15	6	8
16	6	5
17	6	4
18	6	3
19	6	2
20	6	2
21	6	2
22	6	3
23	6	4
0	7	6
1	7	8
2	7	10
3	7	10
4	7	19
5	7	16
6	7	26
7	7	8
8	7	12
9	7	17
10	7	8
11	7	28
12	7	30
13	7	41
14	7	8
15	7	10
16	7	8
17	7	4
18	7	0
19	7	8
20	7	2
21	7	4
22	7	0
23	7	6
0	8	10
1	8	14
2	8	8
3	8	16
4	8	13
5	8	19
6	8	9
7	8	10
8	8	14
9	8	7
10	8	16
11	8	11
12	8	10
13	8	16
14	8	14
15	8	12
16	8	3
17	8	1
18	8	3
19	8	2
20	8	1
21	8	1
22	8	1
23	8	8
0	9	0
1	9	66
2	9	0
3	9	66
4	9	36
5	9	92
6	9	66
7	9	36
8	9	0
9	9	0
10	9	0
11	9	36
12	9	0
13	9	0
14	9	0
15	9	0
16	9	0
17	9	0
18	9	0
19	9	0
20	9	0
21	9	0
22	9	0
23	9	0
0	10	7
1	10	7
2	10	7
3	10	8
4	10	10
5	10	13
6	10	11
7	10	10
8	10	9
9	10	11
10	10	12
11	10	12
12	10	12
13	10	12
14	10	12
15	10	12
16	10	8
17	10	4
18	10	3
19	10	2
20	10	2
21	10	2
22	10	3
23	10	5
0	11	12
1	11	10
2	11	13
3	11	11
4	11	14
5	11	20
6	11	16
7	11	13
8	11	10
9	11	9
10	11	9
11	11	11
12	11	15
13	11	17
14	11	17
15	11	16
16	11	9
17	11	4
18	11	2
19	11	1
20	11	1
21	11	1
22	11	2
23	11	10
0	12	12
1	12	16
2	12	18
3	12	17
4	12	11
5	12	18
6	12	17
7	12	16
8	12	12
9	12	12
10	12	7
11	12	3
12	12	5
13	12	6
14	12	5
15	12	1
16	12	0
17	12	2
18	12	1
19	12	0
20	12	1
21	12	2
22	12	6
23	12	4
0	13	11
1	13	11
2	13	16
3	13	16
4	13	17
5	13	19
6	13	15
7	13	14
8	13	14
9	13	12
10	13	10
11	13	11
12	13	14
13	13	13
14	13	14
15	13	12
16	13	7
17	13	6
18	13	2
19	13	3
20	13	2
21	13	3
22	13	6
23	13	9
0	14	0
1	14	0
2	14	0
3	14	0
4	14	0
5	14	0
6	14	119
7	14	0
8	14	0
9	14	0
10	14	0
11	14	0
12	14	0
13	14	0
14	14	0
15	14	0
16	14	0
17	14	0
18	14	0
19	14	0
20	14	0
21	14	0
22	14	0
23	14	0
0	15	9
1	15	10
2	15	9
3	15	10
4	15	12
5	15	18
6	15	13
7	15	11
8	15	9
9	15	7
10	15	9
11	15	13
12	15	12
13	15	14
14	15	12
15	15	11
16	15	8
17	15	5
18	15	2
19	15	1
20	15	1
21	15	2
22	15	4
23	15	6
0	16	10
1	16	11
2	16	12
3	16	12
4	16	14
5	16	16
6	16	13
7	16	12
8	16	11
9	16	11
10	16	12
11	16	13
12	16	15
13	16	15
14	16	14
15	16	12
16	16	8
17	16	5
18	16	3
19	16	2
20	16	2
21	16	2
22	16	4
23	16	7
0	17	7
1	17	13
2	17	30
3	17	36
4	17	30
5	17	36
6	17	13
7	17	19
8	17	36
9	17	30
10	17	54
11	17	24
12	17	24
13	17	13
14	17	41
15	17	44
16	17	4
17	17	0
18	17	0
19	17	0
20	17	10
21	17	0
22	17	13
23	17	13
0	18	5
1	18	5
2	18	10
3	18	10
4	18	12
5	18	16
6	18	18
7	18	10
8	18	5
9	18	7
10	18	14
11	18	10
12	18	10
13	18	27
14	18	18
15	18	18
16	18	7
17	18	10
18	18	3
19	18	0
20	18	0
21	18	3
22	18	0
23	18	14
0	19	12
1	19	14
2	19	11
3	19	12
4	19	14
5	19	19
6	19	17
7	19	11
8	19	12
9	19	8
10	19	10
11	19	10
12	19	12
13	19	13
14	19	13
15	19	13
16	19	11
17	19	5
18	19	3
19	19	2
20	19	2
21	19	2
22	19	4
23	19	8
0	20	0
1	20	0
2	20	0
3	20	0
4	20	0
5	20	26
6	20	0
7	20	14
8	20	14
9	20	0
10	20	0
11	20	0
12	20	14
13	20	49
14	20	0
15	20	0
16	20	0
17	20	0
18	20	0
19	20	0
20	20	0
21	20	0
22	20	0
23	20	0
0	21	4
1	21	4
2	21	4
3	21	7
4	21	14
5	21	14
6	21	26
7	21	4
8	21	23
9	21	26
10	21	14
11	21	10
12	21	10
13	21	0
14	21	7
15	21	0
16	21	0
17	21	0
18	21	0
19	21	0
20	21	0
21	21	0
22	21	0
23	21	0
0	22	7
1	22	10
2	22	9
3	22	8
4	22	5
5	22	10
6	22	14
7	22	8
8	22	11
9	22	6
10	22	5
11	22	10
12	22	11
13	22	6
14	22	8
15	22	13
16	22	6
17	22	9
18	22	3
19	22	5
20	22	1
21	22	1
22	22	0
23	22	4
0	23	24
1	23	4
2	23	4
3	23	10
4	23	15
5	23	21
6	23	12
7	23	18
8	23	7
9	23	7
10	23	18
11	23	18
12	23	21
13	23	0
14	23	12
15	23	12
16	23	18
17	23	0
18	23	4
19	23	4
20	23	0
21	23	0
22	23	4
23	23	12
0	24	12
1	24	17
2	24	15
3	24	15
4	24	16
5	24	18
6	24	16
7	24	14
8	24	14
9	24	14
10	24	13
11	24	16
12	24	18
13	24	20
14	24	18
15	24	16
16	24	10
17	24	5
18	24	4
19	24	2
20	24	2
21	24	2
22	24	6
23	24	11
0	25	0
1	25	42
2	25	77
3	25	0
4	25	42
5	25	0
6	25	0
7	25	0
8	25	42
9	25	130
10	25	0
11	25	0
12	25	0
13	25	0
14	25	0
15	25	0
16	25	0
17	25	0
18	25	0
19	25	0
20	25	0
21	25	0
22	25	0
23	25	0
0	26	0
1	26	0
2	26	0
3	26	0
4	26	0
5	26	0
6	26	0
7	26	0
8	26	0
9	26	0
10	26	0
11	26	0
12	26	0
13	26	0
14	26	0
15	26	0
16	26	0
17	26	0
18	26	0
19	26	0
20	26	0
21	26	0
22	26	0
23	26	0
0	27	9
1	27	6
2	27	11
3	27	11
4	27	14
5	27	12
6	27	10
7	27	14
8	27	13
9	27	14
10	27	12
11	27	19
12	27	16
13	27	9
14	27	11
15	27	4
16	27	3
17	27	3
18	27	2
19	27	0
20	27	0
21	27	0
22	27	0
23	27	4
0	28	9
1	28	11
2	28	12
3	28	12
4	28	12
5	28	15
6	28	13
7	28	12
8	28	12
9	28	12
10	28	10
11	28	11
12	28	11
13	28	11
14	28	9
15	28	8
16	28	6
17	28	4
18	28	2
19	28	2
20	28	1
21	28	2
22	28	2
23	28	5
0	29	0
1	29	0
2	29	0
3	29	0
4	29	0
5	29	0
6	29	0
7	29	0
8	29	0
9	29	0
10	29	0
11	29	0
12	29	0
13	29	0
14	29	0
15	29	0
16	29	0
17	29	0
18	29	0
19	29	0
20	29	0
21	29	0
22	29	0
23	29	0
0	30	0
1	30	0
2	30	0
3	30	0
4	30	0
5	30	0
6	30	0
7	30	0
8	30	0
9	30	0
10	30	0
11	30	0
12	30	0
13	30	0
14	30	0
15	30	0
16	30	0
17	30	0
18	30	0
19	30	0
20	30	0
21	30	0
22	30	0
23	30	0
0	31	14
1	31	13
2	31	13
3	31	14
4	31	17
5	31	27
6	31	19
7	31	13
8	31	13
9	31	12
10	31	13
11	31	15
12	31	19
13	31	19
14	31	21
15	31	19
16	31	8
17	31	6
18	31	3
19	31	1
20	31	3
21	31	3
22	31	8
23	31	12
0	32	13
1	32	0
2	32	0
3	32	13
4	32	0
5	32	0
6	32	13
7	32	0
8	32	46
9	32	25
10	32	36
11	32	13
12	32	13
13	32	13
14	32	0
15	32	25
16	32	0
17	32	25
18	32	0
19	32	0
20	32	0
21	32	0
22	32	36
23	32	0
0	33	10
1	33	17
2	33	18
3	33	15
4	33	19
5	33	17
6	33	19
7	33	9
8	33	12
9	33	15
10	33	18
11	33	15
12	33	18
13	33	26
14	33	21
15	33	13
16	33	8
17	33	7
18	33	5
19	33	1
20	33	2
21	33	2
22	33	5
23	33	11
0	34	9
1	34	11
2	34	12
3	34	13
4	34	17
5	34	19
6	34	15
7	34	13
8	34	12
9	34	12
10	34	13
11	34	15
12	34	17
13	34	17
14	34	16
15	34	11
16	34	6
17	34	3
18	34	2
19	34	1
20	34	2
21	34	2
22	34	4
23	34	7
0	35	9
1	35	8
2	35	5
3	35	10
4	35	13
5	35	8
6	35	11
7	35	5
8	35	7
9	35	3
10	35	10
11	35	8
12	35	9
13	35	7
14	35	9
15	35	10
16	35	8
17	35	5
18	35	3
19	35	0
20	35	1
21	35	2
22	35	3
23	35	6
0	36	0
1	36	0
2	36	36
3	36	13
4	36	13
5	36	0
6	36	0
7	36	0
8	36	0
9	36	0
10	36	0
11	36	0
12	36	13
13	36	0
14	36	0
15	36	0
16	36	0
17	36	0
18	36	13
19	36	13
20	36	0
21	36	0
22	36	13
23	36	0
0	37	12
1	37	11
2	37	11
3	37	13
4	37	18
5	37	26
6	37	16
7	37	14
8	37	12
9	37	11
10	37	14
11	37	15
12	37	19
13	37	22
14	37	26
15	37	18
16	37	9
17	37	4
18	37	1
19	37	2
20	37	2
21	37	3
22	37	5
23	37	19
0	38	7
1	38	5
2	38	7
3	38	12
4	38	10
5	38	13
6	38	10
7	38	11
8	38	9
9	38	9
10	38	9
11	38	15
12	38	15
13	38	12
14	38	13
15	38	10
16	38	9
17	38	6
18	38	4
19	38	0
20	38	1
21	38	1
22	38	2
23	38	5
0	39	7
1	39	7
2	39	8
3	39	9
4	39	10
5	39	13
6	39	10
7	39	9
8	39	9
9	39	10
10	39	12
11	39	12
12	39	12
13	39	12
14	39	13
15	39	12
16	39	9
17	39	5
18	39	2
19	39	2
20	39	1
21	39	2
22	39	3
23	39	5
0	40	15
1	40	15
2	40	23
3	40	6
4	40	9
5	40	29
6	40	23
7	40	34
8	40	9
9	40	6
10	40	18
11	40	6
12	40	3
13	40	21
14	40	18
15	40	18
16	40	0
17	40	0
18	40	0
19	40	0
20	40	0
21	40	6
22	40	6
23	40	3
0	41	11
1	41	9
2	41	9
3	41	8
4	41	15
5	41	20
6	41	15
7	41	12
8	41	11
9	41	8
10	41	11
11	41	12
12	41	14
13	41	14
14	41	14
15	41	14
16	41	9
17	41	5
18	41	2
19	41	2
20	41	1
21	41	2
22	41	4
23	41	9
0	42	14
1	42	17
2	42	9
3	42	13
4	42	16
5	42	15
6	42	12
7	42	11
8	42	12
9	42	15
10	42	9
11	42	12
12	42	18
13	42	23
14	42	7
15	42	7
16	42	3
17	42	0
18	42	1
19	42	2
20	42	3
21	42	2
22	42	2
23	42	2
0	43	10
1	43	16
2	43	14
3	43	20
4	43	16
5	43	16
6	43	13
7	43	12
8	43	19
9	43	19
10	43	17
11	43	18
12	43	19
13	43	12
14	43	6
15	43	9
16	43	13
17	43	3
18	43	1
19	43	3
20	43	1
21	43	1
22	43	2
23	43	14
0	44	6
1	44	31
2	44	20
3	44	20
4	44	21
5	44	15
6	44	9
7	44	20
8	44	22
9	44	14
10	44	18
11	44	20
12	44	11
13	44	20
14	44	6
15	44	4
16	44	2
17	44	1
18	44	1
19	44	1
20	44	1
21	44	0
22	44	0
23	44	3
0	45	14
1	45	22
2	45	24
3	45	18
4	45	22
5	45	23
6	45	18
7	45	21
8	45	22
9	45	18
10	45	15
11	45	10
12	45	16
13	45	16
14	45	14
15	45	7
16	45	3
17	45	2
18	45	1
19	45	1
20	45	2
21	45	2
22	45	2
23	45	6
0	46	10
1	46	8
2	46	7
3	46	8
4	46	11
5	46	15
6	46	13
7	46	9
8	46	7
9	46	8
10	46	8
11	46	13
12	46	14
13	46	14
14	46	12
15	46	12
16	46	9
17	46	5
18	46	3
19	46	1
20	46	1
21	46	1
22	46	5
23	46	7
0	47	13
1	47	2
2	47	5
3	47	10
4	47	12
5	47	14
6	47	6
7	47	14
8	47	14
9	47	5
10	47	10
11	47	18
12	47	25
13	47	9
14	47	9
15	47	26
16	47	18
17	47	6
18	47	3
19	47	0
20	47	0
21	47	0
22	47	5
23	47	3
0	48	9
1	48	11
2	48	11
3	48	11
4	48	14
5	48	16
6	48	12
7	48	11
8	48	10
9	48	11
10	48	12
11	48	14
12	48	14
13	48	14
14	48	12
15	48	10
16	48	6
17	48	3
18	48	2
19	48	1
20	48	2
21	48	2
22	48	3
23	48	6
0	49	0
1	49	0
2	49	0
3	49	0
4	49	0
5	49	137
6	49	0
7	49	0
8	49	0
9	49	0
10	49	0
11	49	0
12	49	0
13	49	0
14	49	0
15	49	0
16	49	0
17	49	0
18	49	0
19	49	0
20	49	0
21	49	0
22	49	0
23	49	0
0	50	13
1	50	5
2	50	10
3	50	29
4	50	20
5	50	50
6	50	20
7	50	31
8	50	27
9	50	10
10	50	17
11	50	20
12	50	0
13	50	3
14	50	0
15	50	0
16	50	0
17	50	0
18	50	0
19	50	0
20	50	0
21	50	3
22	50	0
23	50	0
0	51	9
1	51	18
2	51	21
3	51	21
4	51	18
5	51	21
6	51	18
7	51	11
8	51	18
9	51	17
10	51	15
11	51	15
12	51	13
13	51	12
14	51	6
15	51	4
16	51	3
17	51	4
18	51	2
19	51	1
20	51	1
21	51	2
22	51	0
23	51	2
0	52	10
1	52	12
2	52	13
3	52	13
4	52	14
5	52	17
6	52	14
7	52	12
8	52	12
9	52	11
10	52	11
11	52	13
12	52	15
13	52	15
14	52	14
15	52	12
16	52	7
17	52	4
18	52	2
19	52	2
20	52	2
21	52	2
22	52	4
23	52	7
0	53	14
1	53	15
2	53	13
3	53	13
4	53	17
5	53	21
6	53	12
7	53	13
8	53	13
9	53	15
10	53	8
11	53	14
12	53	10
13	53	9
14	53	8
15	53	10
16	53	7
17	53	5
18	53	2
19	53	1
20	53	2
21	53	4
22	53	4
23	53	8
0	54	6
1	54	11
2	54	9
3	54	9
4	54	9
5	54	12
6	54	13
7	54	8
8	54	9
9	54	10
10	54	13
11	54	13
12	54	14
13	54	15
14	54	19
15	54	17
16	54	9
17	54	5
18	54	4
19	54	2
20	54	1
21	54	2
22	54	4
23	54	4
0	55	12
1	55	11
2	55	10
3	55	12
4	55	13
5	55	23
6	55	17
7	55	10
8	55	9
9	55	10
10	55	11
11	55	16
12	55	15
13	55	16
14	55	16
15	55	13
16	55	11
17	55	3
18	55	2
19	55	2
20	55	2
21	55	1
22	55	4
23	55	10
0	56	11
1	56	12
2	56	12
3	56	12
4	56	15
5	56	20
6	56	16
7	56	12
8	56	11
9	56	10
10	56	11
11	56	14
12	56	17
13	56	16
14	56	16
15	56	13
16	56	8
17	56	4
18	56	2
19	56	2
20	56	2
21	56	2
22	56	5
23	56	9
0	57	10
1	57	10
2	57	12
3	57	10
4	57	13
5	57	18
6	57	15
7	57	10
8	57	9
9	57	9
10	57	9
11	57	11
12	57	15
13	57	13
14	57	13
15	57	14
16	57	9
17	57	5
18	57	3
19	57	1
20	57	2
21	57	2
22	57	4
23	57	7
0	58	12
1	58	12
2	58	13
3	58	13
4	58	15
5	58	19
6	58	14
7	58	11
8	58	11
9	58	12
10	58	10
11	58	10
12	58	10
13	58	14
14	58	9
15	58	8
16	58	6
17	58	3
18	58	2
19	58	1
20	58	2
21	58	2
22	58	2
23	58	8
0	59	0
1	59	9
2	59	0
3	59	18
4	59	26
5	59	9
6	59	18
7	59	0
8	59	18
9	59	0
10	59	9
11	59	33
12	59	9
13	59	9
14	59	18
15	59	26
16	59	18
17	59	0
18	59	0
19	59	0
20	59	0
21	59	0
22	59	0
23	59	26
0	60	14
1	60	14
2	60	16
3	60	13
4	60	13
5	60	15
6	60	20
7	60	11
8	60	12
9	60	10
10	60	11
11	60	10
12	60	10
13	60	10
14	60	14
15	60	15
16	60	9
17	60	5
18	60	4
19	60	3
20	60	2
21	60	5
22	60	6
23	60	10
0	61	8
1	61	11
2	61	12
3	61	12
4	61	14
5	61	15
6	61	13
7	61	12
8	61	12
9	61	12
10	61	13
11	61	14
12	61	14
13	61	14
14	61	13
15	61	11
16	61	8
17	61	5
18	61	3
19	61	2
20	61	2
21	61	2
22	61	3
23	61	6
0	62	10
1	62	9
2	62	14
3	62	11
4	62	12
5	62	16
6	62	12
7	62	10
8	62	9
9	62	11
10	62	11
11	62	10
12	62	14
13	62	14
14	62	11
15	62	12
16	62	7
17	62	5
18	62	2
19	62	2
20	62	2
21	62	1
22	62	2
23	62	8
0	63	10
1	63	12
2	63	14
3	63	12
4	63	17
5	63	23
6	63	13
7	63	12
8	63	15
9	63	13
10	63	12
11	63	9
12	63	12
13	63	17
14	63	14
15	63	13
16	63	8
17	63	3
18	63	4
19	63	4
20	63	3
21	63	4
22	63	4
23	63	6
0	64	0
1	64	0
2	64	0
3	64	0
4	64	0
5	64	0
6	64	0
7	64	0
8	64	0
9	64	0
10	64	0
11	64	0
12	64	0
13	64	0
14	64	0
15	64	0
16	64	0
17	64	0
18	64	0
19	64	0
20	64	0
21	64	0
22	64	0
23	64	0
0	65	0
1	65	0
2	65	11
3	65	11
4	65	6
5	65	0
6	65	6
7	65	6
8	65	0
9	65	0
10	65	21
11	65	0
12	65	0
13	65	0
14	65	6
15	65	11
16	65	0
17	65	0
18	65	0
19	65	0
20	65	0
21	65	0
22	65	0
23	65	0
0	66	10
1	66	7
2	66	7
3	66	18
4	66	11
5	66	17
6	66	9
7	66	10
8	66	9
9	66	7
10	66	12
11	66	12
12	66	16
13	66	10
14	66	13
15	66	9
16	66	5
17	66	5
18	66	3
19	66	3
20	66	3
21	66	2
22	66	0
23	66	7
0	67	15
1	67	15
2	67	15
3	67	12
4	67	9
5	67	9
6	67	9
7	67	9
8	67	3
9	67	9
10	67	0
11	67	12
12	67	6
13	67	3
14	67	12
15	67	3
16	67	0
17	67	0
18	67	0
19	67	0
20	67	3
21	67	0
22	67	9
23	67	12
0	68	14
1	68	11
2	68	14
3	68	11
4	68	11
5	68	16
6	68	14
7	68	11
8	68	11
9	68	11
10	68	13
11	68	8
12	68	11
13	68	15
14	68	13
15	68	14
16	68	11
17	68	6
18	68	3
19	68	1
20	68	2
21	68	3
22	68	5
23	68	7
0	69	4
1	69	10
2	69	7
3	69	13
4	69	16
5	69	22
6	69	33
7	69	13
8	69	10
9	69	13
10	69	22
11	69	25
12	69	16
13	69	22
14	69	33
15	69	7
16	69	4
17	69	0
18	69	0
19	69	0
20	69	4
21	69	0
22	69	7
23	69	10
0	70	6
1	70	21
2	70	22
3	70	16
4	70	12
5	70	15
6	70	14
7	70	17
8	70	18
9	70	22
10	70	13
11	70	8
12	70	9
13	70	10
14	70	8
15	70	6
16	70	6
17	70	3
18	70	3
19	70	2
20	70	1
21	70	2
22	70	2
23	70	4
0	71	5
1	71	11
2	71	9
3	71	8
4	71	20
5	71	13
6	71	10
7	71	12
8	71	4
9	71	11
10	71	18
11	71	16
12	71	16
13	71	13
14	71	14
15	71	12
16	71	11
17	71	5
18	71	1
19	71	1
20	71	0
21	71	1
22	71	4
23	71	4
0	72	0
1	72	0
2	72	0
3	72	0
4	72	0
5	72	0
6	72	19
7	72	0
8	72	0
9	72	19
10	72	19
11	72	0
12	72	19
13	72	0
14	72	0
15	72	0
16	72	0
17	72	0
18	72	0
19	72	0
20	72	0
21	72	0
22	72	0
23	72	0
0	73	10
1	73	11
2	73	11
3	73	13
4	73	15
5	73	15
6	73	12
7	73	12
8	73	11
9	73	12
10	73	12
11	73	16
12	73	17
13	73	14
14	73	16
15	73	12
16	73	7
17	73	4
18	73	3
19	73	1
20	73	2
21	73	2
22	73	4
23	73	6
0	74	25
1	74	19
2	74	21
3	74	19
4	74	24
5	74	31
6	74	22
7	74	10
8	74	13
9	74	21
10	74	21
11	74	25
12	74	13
13	74	27
14	74	10
15	74	7
16	74	13
17	74	0
18	74	0
19	74	0
20	74	0
21	74	0
22	74	0
23	74	10
0	75	14
1	75	17
2	75	18
3	75	20
4	75	16
5	75	23
6	75	15
7	75	14
8	75	15
9	75	15
10	75	14
11	75	15
12	75	13
13	75	15
14	75	13
15	75	10
16	75	6
17	75	6
18	75	3
19	75	3
20	75	3
21	75	5
22	75	5
23	75	9
0	76	7
1	76	9
2	76	12
3	76	15
4	76	12
5	76	13
6	76	9
7	76	14
8	76	13
9	76	8
10	76	11
11	76	10
12	76	8
13	76	9
14	76	7
15	76	6
16	76	4
17	76	2
18	76	3
19	76	2
20	76	1
21	76	3
22	76	2
23	76	4
0	77	22
1	77	22
2	77	21
3	77	15
4	77	16
5	77	17
6	77	17
7	77	13
8	77	19
9	77	9
10	77	9
11	77	12
12	77	10
13	77	9
14	77	10
15	77	8
16	77	6
17	77	3
18	77	3
19	77	2
20	77	1
21	77	2
22	77	6
23	77	9
0	78	4
1	78	20
2	78	28
3	78	22
4	78	29
5	78	11
6	78	20
7	78	29
8	78	23
9	78	17
10	78	17
11	78	8
12	78	6
13	78	10
14	78	0
15	78	0
16	78	1
17	78	0
18	78	0
19	78	0
20	78	0
21	78	0
22	78	0
23	78	0
0	79	9
1	79	14
2	79	18
3	79	14
4	79	15
5	79	13
6	79	17
7	79	14
8	79	18
9	79	16
10	79	18
11	79	10
12	79	10
13	79	15
14	79	15
15	79	4
16	79	3
17	79	4
18	79	2
19	79	2
20	79	0
21	79	1
22	79	1
23	79	4
0	80	0
1	80	0
2	80	0
3	80	0
4	80	0
5	80	0
6	80	0
7	80	0
8	80	154
9	80	0
10	80	0
11	80	0
12	80	0
13	80	0
14	80	0
15	80	0
16	80	0
17	80	0
18	80	0
19	80	0
20	80	0
21	80	0
22	80	0
23	80	0
0	81	11
1	81	12
2	81	11
3	81	16
4	81	15
5	81	15
6	81	12
7	81	12
8	81	11
9	81	11
10	81	12
11	81	8
12	81	13
13	81	13
14	81	11
15	81	6
16	81	4
17	81	5
18	81	1
19	81	2
20	81	2
21	81	2
22	81	1
23	81	9
0	82	8
1	82	8
2	82	8
3	82	9
4	82	12
5	82	15
6	82	12
7	82	10
8	82	10
9	82	10
10	82	12
11	82	13
12	82	14
13	82	14
14	82	15
15	82	13
16	82	8
17	82	5
18	82	3
19	82	2
20	82	1
21	82	2
22	82	4
23	82	6
0	83	42
1	83	13
2	83	13
3	83	7
4	83	13
5	83	0
6	83	0
7	83	7
8	83	13
9	83	7
10	83	37
11	83	0
12	83	0
13	83	7
14	83	0
15	83	0
16	83	0
17	83	25
18	83	0
19	83	7
20	83	0
21	83	0
22	83	0
23	83	37
0	84	8
1	84	14
2	84	13
3	84	15
4	84	12
5	84	10
6	84	12
7	84	9
8	84	12
9	84	14
10	84	10
11	84	9
12	84	10
13	84	10
14	84	9
15	84	5
16	84	4
17	84	3
18	84	2
19	84	1
20	84	1
21	84	1
22	84	2
23	84	6
0	85	10
1	85	12
2	85	10
3	85	10
4	85	15
5	85	19
6	85	16
7	85	12
8	85	11
9	85	11
10	85	10
11	85	13
12	85	15
13	85	18
14	85	16
15	85	15
16	85	8
17	85	4
18	85	3
19	85	3
20	85	2
21	85	2
22	85	4
23	85	8
0	86	0
1	86	0
2	86	0
3	86	38
4	86	38
5	86	70
6	86	0
7	86	0
8	86	0
9	86	0
10	86	0
11	86	0
12	86	0
13	86	0
14	86	0
15	86	0
16	86	38
17	86	0
18	86	0
19	86	0
20	86	0
21	86	0
22	86	0
23	86	0
0	87	5
1	87	13
2	87	5
3	87	7
4	87	16
5	87	16
6	87	18
7	87	7
8	87	3
9	87	11
10	87	11
11	87	7
12	87	22
13	87	3
14	87	5
15	87	3
16	87	9
17	87	0
18	87	9
19	87	3
20	87	0
21	87	0
22	87	0
23	87	3
0	88	11
1	88	11
2	88	11
3	88	12
4	88	14
5	88	18
6	88	15
7	88	12
8	88	11
9	88	13
10	88	11
11	88	12
12	88	14
13	88	15
14	88	15
15	88	15
16	88	9
17	88	4
18	88	3
19	88	2
20	88	1
21	88	2
22	88	4
23	88	10
0	89	12
1	89	26
2	89	14
3	89	23
4	89	13
5	89	15
6	89	8
7	89	14
8	89	20
9	89	20
10	89	13
11	89	13
12	89	11
13	89	9
14	89	12
15	89	6
16	89	0
17	89	0
18	89	2
19	89	2
20	89	1
21	89	0
22	89	0
23	89	2
0	90	15
1	90	12
2	90	5
3	90	11
4	90	12
5	90	16
6	90	3
7	90	11
8	90	9
9	90	16
10	90	9
11	90	8
12	90	8
13	90	7
14	90	6
15	90	3
16	90	3
17	90	0
18	90	0
19	90	0
20	90	2
21	90	0
22	90	3
23	90	6
0	91	7
1	91	8
2	91	10
3	91	11
4	91	13
5	91	16
6	91	13
7	91	11
8	91	11
9	91	12
10	91	12
11	91	15
12	91	18
13	91	17
14	91	16
15	91	11
16	91	7
17	91	3
18	91	2
19	91	1
20	91	1
21	91	2
22	91	3
23	91	6
0	92	6
1	92	0
2	92	0
3	92	29
4	92	29
5	92	20
6	92	10
7	92	0
8	92	15
9	92	6
10	92	6
11	92	0
12	92	0
13	92	0
14	92	0
15	92	0
16	92	0
17	92	0
18	92	0
19	92	0
20	92	0
21	92	0
22	92	0
23	92	0
