Counts for Sony(13) in Vietnam(50):
Hour	Location Index	Count
0	0	4
1	0	6
2	0	7
3	0	4
4	0	3
5	0	5
6	0	4
7	0	6
8	0	4
9	0	5
10	0	4
11	0	4
12	0	5
13	0	6
14	0	4
15	0	2
16	0	1
17	0	1
18	0	0
19	0	1
20	0	1
21	0	0
22	0	1
23	0	1
0	1	2
1	1	3
2	1	3
3	1	3
4	1	2
5	1	3
6	1	3
7	1	2
8	1	2
9	1	2
10	1	2
11	1	2
12	1	3
13	1	3
14	1	2
15	1	2
16	1	2
17	1	1
18	1	1
19	1	1
20	1	1
21	1	1
22	1	1
23	1	1
0	2	1
1	2	1
2	2	1
3	2	1
4	2	1
5	2	2
6	2	2
7	2	1
8	2	1
9	2	2
10	2	2
11	2	1
12	2	2
13	2	1
14	2	3
15	2	2
16	2	2
17	2	1
18	2	1
19	2	1
20	2	0
21	2	0
22	2	1
23	2	1
0	3	2
1	3	1
2	3	5
3	3	2
4	3	3
5	3	2
6	3	2
7	3	3
8	3	1
9	3	2
10	3	2
11	3	1
12	3	3
13	3	4
14	3	3
15	3	4
16	3	1
17	3	0
18	3	0
19	3	0
20	3	0
21	3	0
22	3	1
23	3	3
0	4	2
1	4	1
2	4	2
3	4	1
4	4	1
5	4	2
6	4	2
7	4	1
8	4	1
9	4	2
10	4	1
11	4	1
12	4	2
13	4	2
14	4	2
15	4	2
16	4	1
17	4	1
18	4	1
19	4	1
20	4	0
21	4	1
22	4	1
23	4	1
0	5	2
1	5	4
2	5	7
3	5	5
4	5	8
5	5	4
6	5	4
7	5	2
8	5	3
9	5	2
10	5	2
11	5	4
12	5	5
13	5	3
14	5	0
15	5	3
16	5	3
17	5	0
18	5	0
19	5	0
20	5	0
21	5	0
22	5	0
23	5	0
0	6	2
1	6	3
2	6	2
3	6	0
4	6	1
5	6	2
6	6	2
7	6	2
8	6	1
9	6	2
10	6	2
11	6	2
12	6	2
13	6	3
14	6	2
15	6	2
16	6	1
17	6	1
18	6	0
19	6	1
20	6	0
21	6	0
22	6	2
23	6	2
0	7	0
1	7	0
2	7	0
3	7	0
4	7	0
5	7	0
6	7	8
7	7	2
8	7	6
9	7	2
10	7	2
11	7	4
12	7	0
13	7	2
14	7	0
15	7	0
16	7	0
17	7	0
18	7	0
19	7	0
20	7	0
21	7	0
22	7	0
23	7	0
0	8	1
1	8	3
2	8	3
3	8	1
4	8	2
5	8	1
6	8	3
7	8	3
8	8	3
9	8	1
10	8	0
11	8	4
12	8	2
13	8	2
14	8	2
15	8	2
16	8	1
17	8	1
18	8	1
19	8	1
20	8	0
21	8	1
22	8	0
23	8	2
0	9	0
1	9	0
2	9	0
3	9	0
4	9	0
5	9	0
6	9	0
7	9	36
8	9	0
9	9	0
10	9	0
11	9	0
12	9	0
13	9	0
14	9	0
15	9	0
16	9	0
17	9	0
18	9	0
19	9	0
20	9	0
21	9	0
22	9	0
23	9	0
0	10	2
1	10	2
2	10	2
3	10	2
4	10	2
5	10	2
6	10	2
7	10	1
8	10	2
9	10	2
10	10	3
11	10	3
12	10	3
13	10	3
14	10	3
15	10	3
16	10	2
17	10	1
18	10	1
19	10	1
20	10	1
21	10	1
22	10	1
23	10	1
0	11	1
1	11	1
2	11	2
3	11	3
4	11	1
5	11	3
6	11	2
7	11	2
8	11	4
9	11	2
10	11	1
11	11	2
12	11	5
13	11	2
14	11	3
15	11	2
16	11	2
17	11	1
18	11	1
19	11	0
20	11	1
21	11	0
22	11	1
23	11	2
0	12	1
1	12	1
2	12	3
3	12	13
4	12	6
5	12	5
6	12	3
7	12	4
8	12	2
9	12	5
10	12	9
11	12	7
12	12	12
13	12	1
14	12	0
15	12	0
16	12	0
17	12	0
18	12	0
19	12	0
20	12	0
21	12	0
22	12	0
23	12	1
0	13	2
1	13	2
2	13	3
3	13	2
4	13	2
5	13	1
6	13	2
7	13	3
8	13	1
9	13	1
10	13	2
11	13	2
12	13	2
13	13	2
14	13	1
15	13	2
16	13	2
17	13	2
18	13	1
19	13	0
20	13	1
21	13	1
22	13	1
23	13	1
0	14	0
1	14	0
2	14	0
3	14	0
4	14	0
5	14	0
6	14	0
7	14	0
8	14	0
9	14	0
10	14	0
11	14	0
12	14	0
13	14	0
14	14	0
15	14	0
16	14	0
17	14	0
18	14	0
19	14	0
20	14	0
21	14	0
22	14	0
23	14	0
0	15	3
1	15	3
2	15	1
3	15	2
4	15	2
5	15	1
6	15	1
7	15	1
8	15	1
9	15	2
10	15	2
11	15	1
12	15	2
13	15	3
14	15	3
15	15	2
16	15	1
17	15	1
18	15	0
19	15	0
20	15	1
21	15	1
22	15	1
23	15	2
0	16	2
1	16	2
2	16	2
3	16	2
4	16	3
5	16	3
6	16	2
7	16	2
8	16	2
9	16	2
10	16	2
11	16	3
12	16	3
13	16	3
14	16	3
15	16	2
16	16	2
17	16	1
18	16	1
19	16	1
20	16	1
21	16	1
22	16	1
23	16	2
0	17	0
1	17	0
2	17	4
3	17	0
4	17	0
5	17	0
6	17	0
7	17	0
8	17	0
9	17	0
10	17	0
11	17	0
12	17	0
13	17	0
14	17	0
15	17	0
16	17	0
17	17	0
18	17	0
19	17	0
20	17	0
21	17	0
22	17	0
23	17	0
0	18	0
1	18	5
2	18	3
3	18	3
4	18	0
5	18	0
6	18	0
7	18	0
8	18	0
9	18	0
10	18	3
11	18	0
12	18	3
13	18	0
14	18	3
15	18	0
16	18	0
17	18	0
18	18	0
19	18	3
20	18	0
21	18	0
22	18	0
23	18	3
0	19	1
1	19	2
2	19	2
3	19	2
4	19	2
5	19	3
6	19	2
7	19	1
8	19	2
9	19	1
10	19	1
11	19	1
12	19	2
13	19	1
14	19	2
15	19	3
16	19	2
17	19	1
18	19	1
19	19	1
20	19	0
21	19	1
22	19	1
23	19	2
0	20	0
1	20	0
2	20	0
3	20	0
4	20	0
5	20	0
6	20	0
7	20	0
8	20	0
9	20	0
10	20	0
11	20	0
12	20	14
13	20	14
14	20	0
15	20	0
16	20	0
17	20	0
18	20	0
19	20	0
20	20	0
21	20	0
22	20	0
23	20	0
0	21	0
1	21	0
2	21	0
3	21	7
4	21	0
5	21	0
6	21	0
7	21	0
8	21	0
9	21	7
10	21	0
11	21	0
12	21	0
13	21	0
14	21	0
15	21	0
16	21	0
17	21	0
18	21	0
19	21	0
20	21	0
21	21	0
22	21	0
23	21	0
0	22	0
1	22	1
2	22	2
3	22	2
4	22	0
5	22	0
6	22	0
7	22	0
8	22	0
9	22	2
10	22	1
11	22	0
12	22	3
13	22	1
14	22	3
15	22	2
16	22	1
17	22	0
18	22	0
19	22	0
20	22	0
21	22	0
22	22	0
23	22	0
0	23	4
1	23	12
2	23	0
3	23	7
4	23	0
5	23	4
6	23	4
7	23	0
8	23	7
9	23	0
10	23	0
11	23	4
12	23	0
13	23	0
14	23	0
15	23	0
16	23	0
17	23	0
18	23	0
19	23	0
20	23	4
21	23	0
22	23	0
23	23	0
0	24	2
1	24	3
2	24	3
3	24	3
4	24	3
5	24	3
6	24	3
7	24	2
8	24	2
9	24	2
10	24	2
11	24	3
12	24	3
13	24	3
14	24	3
15	24	3
16	24	2
17	24	1
18	24	1
19	24	1
20	24	0
21	24	1
22	24	1
23	24	2
0	25	0
1	25	0
2	25	0
3	25	0
4	25	0
5	25	0
6	25	0
7	25	0
8	25	0
9	25	0
10	25	0
11	25	0
12	25	0
13	25	0
14	25	0
15	25	0
16	25	0
17	25	0
18	25	0
19	25	0
20	25	0
21	25	0
22	25	0
23	25	0
0	26	0
1	26	0
2	26	0
3	26	0
4	26	0
5	26	0
6	26	0
7	26	0
8	26	0
9	26	0
10	26	0
11	26	0
12	26	0
13	26	0
14	26	0
15	26	0
16	26	0
17	26	0
18	26	0
19	26	0
20	26	0
21	26	0
22	26	0
23	26	0
0	27	6
1	27	4
2	27	3
3	27	7
4	27	8
5	27	4
6	27	9
7	27	5
8	27	4
9	27	6
10	27	7
11	27	2
12	27	7
13	27	3
14	27	4
15	27	1
16	27	3
17	27	0
18	27	0
19	27	1
20	27	1
21	27	0
22	27	0
23	27	3
0	28	2
1	28	3
2	28	3
3	28	3
4	28	3
5	28	3
6	28	3
7	28	3
8	28	3
9	28	3
10	28	3
11	28	2
12	28	3
13	28	2
14	28	2
15	28	2
16	28	1
17	28	1
18	28	1
19	28	1
20	28	1
21	28	1
22	28	1
23	28	1
0	29	0
1	29	0
2	29	0
3	29	0
4	29	61
5	29	0
6	29	0
7	29	0
8	29	0
9	29	0
10	29	0
11	29	0
12	29	0
13	29	0
14	29	0
15	29	0
16	29	0
17	29	0
18	29	0
19	29	0
20	29	0
21	29	0
22	29	0
23	29	0
0	30	0
1	30	0
2	30	0
3	30	0
4	30	0
5	30	0
6	30	0
7	30	0
8	30	0
9	30	0
10	30	0
11	30	0
12	30	0
13	30	0
14	30	0
15	30	0
16	30	0
17	30	0
18	30	0
19	30	0
20	30	0
21	30	0
22	30	0
23	30	0
0	31	1
1	31	1
2	31	2
3	31	2
4	31	1
5	31	3
6	31	2
7	31	1
8	31	1
9	31	2
10	31	2
11	31	2
12	31	2
13	31	2
14	31	1
15	31	2
16	31	1
17	31	1
18	31	1
19	31	0
20	31	0
21	31	1
22	31	1
23	31	1
0	32	0
1	32	0
2	32	0
3	32	0
4	32	0
5	32	0
6	32	0
7	32	0
8	32	0
9	32	0
10	32	0
11	32	0
12	32	0
13	32	0
14	32	0
15	32	0
16	32	0
17	32	0
18	32	0
19	32	0
20	32	0
21	32	0
22	32	0
23	32	0
0	33	1
1	33	2
2	33	0
3	33	1
4	33	1
5	33	0
6	33	0
7	33	2
8	33	2
9	33	3
10	33	1
11	33	1
12	33	2
13	33	10
14	33	2
15	33	0
16	33	0
17	33	1
18	33	0
19	33	0
20	33	0
21	33	0
22	33	0
23	33	1
0	34	2
1	34	2
2	34	3
3	34	3
4	34	3
5	34	3
6	34	3
7	34	2
8	34	2
9	34	3
10	34	2
11	34	3
12	34	3
13	34	4
14	34	3
15	34	2
16	34	1
17	34	1
18	34	1
19	34	1
20	34	1
21	34	1
22	34	1
23	34	1
0	35	1
1	35	8
2	35	6
3	35	5
4	35	5
5	35	8
6	35	5
7	35	3
8	35	4
9	35	6
10	35	4
11	35	3
12	35	3
13	35	4
14	35	3
15	35	1
16	35	2
17	35	1
18	35	0
19	35	0
20	35	0
21	35	1
22	35	1
23	35	0
0	36	0
1	36	0
2	36	0
3	36	0
4	36	0
5	36	0
6	36	0
7	36	0
8	36	0
9	36	25
10	36	0
11	36	0
12	36	0
13	36	0
14	36	0
15	36	0
16	36	0
17	36	0
18	36	0
19	36	0
20	36	0
21	36	0
22	36	0
23	36	0
0	37	2
1	37	1
2	37	2
3	37	2
4	37	2
5	37	3
6	37	2
7	37	1
8	37	2
9	37	3
10	37	2
11	37	2
12	37	3
13	37	3
14	37	2
15	37	1
16	37	2
17	37	0
18	37	0
19	37	0
20	37	0
21	37	1
22	37	2
23	37	1
0	38	2
1	38	1
2	38	1
3	38	1
4	38	3
5	38	2
6	38	2
7	38	2
8	38	1
9	38	2
10	38	3
11	38	4
12	38	2
13	38	2
14	38	2
15	38	3
16	38	2
17	38	0
18	38	1
19	38	0
20	38	0
21	38	0
22	38	0
23	38	0
0	39	2
1	39	2
2	39	2
3	39	2
4	39	2
5	39	2
6	39	2
7	39	2
8	39	2
9	39	3
10	39	3
11	39	3
12	39	3
13	39	3
14	39	3
15	39	3
16	39	2
17	39	1
18	39	1
19	39	1
20	39	1
21	39	1
22	39	1
23	39	1
0	40	0
1	40	0
2	40	0
3	40	0
4	40	3
5	40	3
6	40	0
7	40	0
8	40	0
9	40	6
10	40	0
11	40	3
12	40	0
13	40	0
14	40	0
15	40	0
16	40	0
17	40	0
18	40	0
19	40	0
20	40	0
21	40	0
22	40	0
23	40	0
0	41	2
1	41	2
2	41	2
3	41	2
4	41	3
5	41	3
6	41	2
7	41	2
8	41	2
9	41	2
10	41	2
11	41	2
12	41	3
13	41	2
14	41	2
15	41	2
16	41	1
17	41	1
18	41	1
19	41	0
20	41	0
21	41	0
22	41	1
23	41	1
0	42	7
1	42	6
2	42	3
3	42	2
4	42	3
5	42	5
6	42	4
7	42	4
8	42	3
9	42	9
10	42	3
11	42	5
12	42	1
13	42	6
14	42	2
15	42	3
16	42	2
17	42	2
18	42	0
19	42	0
20	42	0
21	42	0
22	42	2
23	42	2
0	43	1
1	43	3
2	43	3
3	43	4
4	43	5
5	43	5
6	43	0
7	43	2
8	43	4
9	43	8
10	43	4
11	43	3
12	43	5
13	43	4
14	43	5
15	43	3
16	43	5
17	43	0
18	43	1
19	43	0
20	43	1
21	43	1
22	43	2
23	43	2
0	44	0
1	44	3
2	44	6
3	44	3
4	44	3
5	44	1
6	44	2
7	44	4
8	44	5
9	44	2
10	44	6
11	44	5
12	44	5
13	44	4
14	44	1
15	44	0
16	44	0
17	44	0
18	44	0
19	44	0
20	44	0
21	44	0
22	44	0
23	44	0
0	45	2
1	45	3
2	45	3
3	45	3
4	45	3
5	45	4
6	45	3
7	45	4
8	45	1
9	45	3
10	45	2
11	45	0
12	45	3
13	45	2
14	45	3
15	45	1
16	45	1
17	45	0
18	45	1
19	45	1
20	45	1
21	45	1
22	45	1
23	45	1
0	46	2
1	46	2
2	46	2
3	46	2
4	46	2
5	46	1
6	46	2
7	46	1
8	46	1
9	46	1
10	46	2
11	46	2
12	46	2
13	46	2
14	46	2
15	46	1
16	46	2
17	46	1
18	46	1
19	46	0
20	46	1
21	46	0
22	46	1
23	46	1
0	47	2
1	47	0
2	47	0
3	47	5
4	47	0
5	47	2
6	47	5
7	47	3
8	47	0
9	47	2
10	47	3
11	47	9
12	47	6
13	47	3
14	47	2
15	47	2
16	47	0
17	47	9
18	47	0
19	47	0
20	47	2
21	47	0
22	47	0
23	47	0
0	48	2
1	48	2
2	48	2
3	48	2
4	48	3
5	48	3
6	48	3
7	48	2
8	48	3
9	48	3
10	48	3
11	48	2
12	48	3
13	48	3
14	48	3
15	48	2
16	48	2
17	48	1
18	48	1
19	48	1
20	48	1
21	48	1
22	48	1
23	48	2
0	49	0
1	49	0
2	49	0
3	49	0
4	49	0
5	49	0
6	49	0
7	49	0
8	49	0
9	49	0
10	49	0
11	49	0
12	49	0
13	49	0
14	49	0
15	49	0
16	49	0
17	49	0
18	49	0
19	49	0
20	49	0
21	49	0
22	49	0
23	49	0
0	50	0
1	50	0
2	50	0
3	50	0
4	50	0
5	50	0
6	50	0
7	50	0
8	50	3
9	50	0
10	50	3
11	50	0
12	50	0
13	50	0
14	50	0
15	50	0
16	50	0
17	50	0
18	50	0
19	50	0
20	50	0
21	50	0
22	50	0
23	50	0
0	51	2
1	51	5
2	51	7
3	51	5
4	51	9
5	51	6
6	51	5
7	51	4
8	51	7
9	51	6
10	51	3
11	51	4
12	51	5
13	51	4
14	51	3
15	51	2
16	51	2
17	51	1
18	51	1
19	51	1
20	51	0
21	51	1
22	51	1
23	51	2
0	52	2
1	52	3
2	52	3
3	52	3
4	52	3
5	52	3
6	52	3
7	52	3
8	52	2
9	52	3
10	52	3
11	52	3
12	52	3
13	52	3
14	52	3
15	52	2
16	52	2
17	52	1
18	52	1
19	52	1
20	52	1
21	52	1
22	52	1
23	52	2
0	53	4
1	53	2
2	53	3
3	53	2
4	53	3
5	53	2
6	53	2
7	53	2
8	53	3
9	53	3
10	53	1
11	53	3
12	53	3
13	53	4
14	53	2
15	53	0
16	53	2
17	53	1
18	53	0
19	53	1
20	53	0
21	53	0
22	53	1
23	53	1
0	54	2
1	54	2
2	54	1
3	54	2
4	54	2
5	54	1
6	54	3
7	54	3
8	54	2
9	54	2
10	54	2
11	54	4
12	54	3
13	54	5
14	54	3
15	54	4
16	54	4
17	54	2
18	54	2
19	54	1
20	54	1
21	54	0
22	54	0
23	54	1
0	55	2
1	55	2
2	55	1
3	55	2
4	55	4
5	55	3
6	55	1
7	55	3
8	55	2
9	55	1
10	55	1
11	55	2
12	55	3
13	55	2
14	55	2
15	55	2
16	55	3
17	55	1
18	55	1
19	55	1
20	55	0
21	55	2
22	55	1
23	55	1
0	56	2
1	56	2
2	56	2
3	56	2
4	56	2
5	56	3
6	56	2
7	56	2
8	56	2
9	56	2
10	56	2
11	56	2
12	56	3
13	56	3
14	56	3
15	56	2
16	56	2
17	56	1
18	56	1
19	56	1
20	56	1
21	56	1
22	56	1
23	56	2
0	57	1
1	57	1
2	57	1
3	57	1
4	57	1
5	57	2
6	57	1
7	57	2
8	57	1
9	57	1
10	57	1
11	57	1
12	57	2
13	57	2
14	57	2
15	57	3
16	57	1
17	57	1
18	57	1
19	57	1
20	57	1
21	57	1
22	57	1
23	57	1
0	58	2
1	58	2
2	58	3
3	58	3
4	58	4
5	58	5
6	58	3
7	58	2
8	58	2
9	58	3
10	58	3
11	58	2
12	58	3
13	58	3
14	58	3
15	58	2
16	58	1
17	58	1
18	58	1
19	58	1
20	58	0
21	58	1
22	58	1
23	58	2
0	59	0
1	59	0
2	59	0
3	59	0
4	59	0
5	59	0
6	59	9
7	59	9
8	59	0
9	59	0
10	59	0
11	59	0
12	59	9
13	59	0
14	59	0
15	59	9
16	59	0
17	59	0
18	59	0
19	59	0
20	59	0
21	59	0
22	59	9
23	59	0
0	60	2
1	60	2
2	60	1
3	60	3
4	60	1
5	60	5
6	60	1
7	60	0
8	60	2
9	60	2
10	60	3
11	60	3
12	60	3
13	60	2
14	60	1
15	60	1
16	60	2
17	60	1
18	60	1
19	60	1
20	60	1
21	60	1
22	60	1
23	60	2
0	61	2
1	61	3
2	61	3
3	61	3
4	61	3
5	61	3
6	61	3
7	61	3
8	61	3
9	61	3
10	61	3
11	61	3
12	61	3
13	61	4
14	61	3
15	61	3
16	61	2
17	61	1
18	61	1
19	61	1
20	61	1
21	61	1
22	61	1
23	61	2
0	62	1
1	62	2
2	62	1
3	62	1
4	62	3
5	62	3
6	62	3
7	62	2
8	62	3
9	62	2
10	62	2
11	62	2
12	62	2
13	62	2
14	62	2
15	62	3
16	62	2
17	62	1
18	62	1
19	62	1
20	62	0
21	62	1
22	62	1
23	62	1
0	63	2
1	63	2
2	63	1
3	63	2
4	63	2
5	63	3
6	63	2
7	63	1
8	63	2
9	63	1
10	63	1
11	63	1
12	63	2
13	63	3
14	63	3
15	63	1
16	63	1
17	63	1
18	63	1
19	63	0
20	63	0
21	63	1
22	63	1
23	63	1
0	64	0
1	64	0
2	64	0
3	64	0
4	64	0
5	64	0
6	64	0
7	64	0
8	64	0
9	64	0
10	64	0
11	64	0
12	64	0
13	64	0
14	64	0
15	64	0
16	64	0
17	64	0
18	64	0
19	64	0
20	64	0
21	64	0
22	64	0
23	64	0
0	65	0
1	65	21
2	65	0
3	65	0
4	65	0
5	65	0
6	65	0
7	65	0
8	65	0
9	65	0
10	65	0
11	65	0
12	65	6
13	65	0
14	65	0
15	65	0
16	65	0
17	65	0
18	65	0
19	65	0
20	65	0
21	65	0
22	65	0
23	65	0
0	66	5
1	66	1
2	66	1
3	66	1
4	66	3
5	66	0
6	66	3
7	66	4
8	66	5
9	66	2
10	66	2
11	66	3
12	66	2
13	66	2
14	66	3
15	66	1
16	66	3
17	66	0
18	66	3
19	66	0
20	66	0
21	66	0
22	66	0
23	66	0
0	67	0
1	67	0
2	67	0
3	67	0
4	67	0
5	67	0
6	67	0
7	67	3
8	67	6
9	67	3
10	67	0
11	67	3
12	67	0
13	67	0
14	67	6
15	67	0
16	67	0
17	67	0
18	67	0
19	67	0
20	67	0
21	67	0
22	67	0
23	67	0
0	68	1
1	68	1
2	68	1
3	68	2
4	68	2
5	68	2
6	68	2
7	68	2
8	68	2
9	68	1
10	68	2
11	68	1
12	68	2
13	68	2
14	68	2
15	68	2
16	68	2
17	68	1
18	68	1
19	68	1
20	68	0
21	68	1
22	68	1
23	68	2
0	69	0
1	69	10
2	69	4
3	69	0
4	69	0
5	69	0
6	69	0
7	69	0
8	69	0
9	69	0
10	69	0
11	69	0
12	69	0
13	69	0
14	69	0
15	69	10
16	69	0
17	69	0
18	69	0
19	69	0
20	69	0
21	69	0
22	69	0
23	69	0
0	70	3
1	70	3
2	70	4
3	70	3
4	70	2
5	70	3
6	70	2
7	70	1
8	70	2
9	70	3
10	70	3
11	70	1
12	70	2
13	70	2
14	70	2
15	70	1
16	70	1
17	70	1
18	70	0
19	70	0
20	70	0
21	70	0
22	70	0
23	70	2
0	71	1
1	71	1
2	71	0
3	71	0
4	71	1
5	71	2
6	71	2
7	71	1
8	71	1
9	71	1
10	71	1
11	71	1
12	71	1
13	71	2
14	71	2
15	71	2
16	71	1
17	71	0
18	71	1
19	71	1
20	71	0
21	71	1
22	71	0
23	71	1
0	72	0
1	72	0
2	72	0
3	72	36
4	72	0
5	72	0
6	72	0
7	72	0
8	72	0
9	72	0
10	72	0
11	72	0
12	72	0
13	72	0
14	72	19
15	72	0
16	72	0
17	72	0
18	72	0
19	72	0
20	72	0
21	72	0
22	72	0
23	72	0
0	73	3
1	73	3
2	73	2
3	73	3
4	73	4
5	73	3
6	73	4
7	73	4
8	73	3
9	73	3
10	73	3
11	73	4
12	73	4
13	73	4
14	73	4
15	73	3
16	73	3
17	73	1
18	73	1
19	73	1
20	73	1
21	73	1
22	73	1
23	73	2
0	74	0
1	74	4
2	74	0
3	74	2
4	74	7
5	74	2
6	74	0
7	74	0
8	74	0
9	74	0
10	74	15
11	74	5
12	74	4
13	74	2
14	74	7
15	74	4
16	74	0
17	74	0
18	74	0
19	74	0
20	74	0
21	74	0
22	74	0
23	74	2
0	75	2
1	75	3
2	75	4
3	75	4
4	75	3
5	75	3
6	75	3
7	75	3
8	75	3
9	75	3
10	75	2
11	75	3
12	75	3
13	75	3
14	75	5
15	75	5
16	75	1
17	75	1
18	75	1
19	75	1
20	75	1
21	75	1
22	75	1
23	75	1
0	76	1
1	76	1
2	76	2
3	76	2
4	76	3
5	76	4
6	76	3
7	76	3
8	76	3
9	76	4
10	76	3
11	76	4
12	76	2
13	76	2
14	76	3
15	76	2
16	76	1
17	76	1
18	76	1
19	76	0
20	76	2
21	76	1
22	76	1
23	76	1
0	77	3
1	77	6
2	77	0
3	77	1
4	77	6
5	77	6
6	77	4
7	77	1
8	77	1
9	77	0
10	77	3
11	77	0
12	77	1
13	77	0
14	77	0
15	77	0
16	77	1
17	77	1
18	77	1
19	77	0
20	77	1
21	77	0
22	77	0
23	77	0
0	78	0
1	78	0
2	78	0
3	78	1
4	78	1
5	78	3
6	78	1
7	78	1
8	78	9
9	78	5
10	78	3
11	78	0
12	78	1
13	78	0
14	78	1
15	78	0
16	78	0
17	78	0
18	78	1
19	78	1
20	78	1
21	78	0
22	78	0
23	78	0
0	79	6
1	79	5
2	79	6
3	79	3
4	79	7
5	79	4
6	79	3
7	79	5
8	79	5
9	79	4
10	79	5
11	79	4
12	79	4
13	79	3
14	79	2
15	79	1
16	79	1
17	79	0
18	79	0
19	79	0
20	79	0
21	79	0
22	79	0
23	79	0
0	80	0
1	80	0
2	80	0
3	80	0
4	80	0
5	80	0
6	80	0
7	80	0
8	80	0
9	80	0
10	80	0
11	80	0
12	80	0
13	80	0
14	80	0
15	80	0
16	80	0
17	80	0
18	80	0
19	80	0
20	80	0
21	80	0
22	80	0
23	80	0
0	81	1
1	81	2
2	81	2
3	81	6
4	81	5
5	81	6
6	81	2
7	81	2
8	81	4
9	81	3
10	81	4
11	81	2
12	81	4
13	81	3
14	81	4
15	81	2
16	81	0
17	81	1
18	81	0
19	81	1
20	81	0
21	81	0
22	81	0
23	81	0
0	82	2
1	82	2
2	82	3
3	82	2
4	82	2
5	82	2
6	82	2
7	82	2
8	82	2
9	82	2
10	82	2
11	82	2
12	82	3
13	82	3
14	82	3
15	82	2
16	82	2
17	82	1
18	82	1
19	82	1
20	82	1
21	82	1
22	82	1
23	82	1
0	83	0
1	83	0
2	83	0
3	83	0
4	83	0
5	83	0
6	83	0
7	83	0
8	83	0
9	83	0
10	83	0
11	83	0
12	83	0
13	83	0
14	83	0
15	83	0
16	83	0
17	83	0
18	83	0
19	83	0
20	83	0
21	83	0
22	83	0
23	83	0
0	84	3
1	84	3
2	84	4
3	84	2
4	84	2
5	84	2
6	84	3
7	84	4
8	84	3
9	84	4
10	84	3
11	84	3
12	84	4
13	84	4
14	84	3
15	84	1
16	84	1
17	84	1
18	84	1
19	84	1
20	84	1
21	84	0
22	84	1
23	84	1
0	85	2
1	85	2
2	85	1
3	85	2
4	85	3
5	85	3
6	85	1
7	85	2
8	85	1
9	85	2
10	85	2
11	85	2
12	85	3
13	85	3
14	85	2
15	85	3
16	85	2
17	85	1
18	85	1
19	85	1
20	85	1
21	85	0
22	85	1
23	85	2
0	86	0
1	86	0
2	86	0
3	86	0
4	86	0
5	86	0
6	86	0
7	86	0
8	86	0
9	86	0
10	86	0
11	86	0
12	86	0
13	86	0
14	86	0
15	86	0
16	86	0
17	86	0
18	86	0
19	86	0
20	86	0
21	86	0
22	86	0
23	86	0
0	87	0
1	87	0
2	87	3
3	87	0
4	87	5
5	87	3
6	87	7
7	87	3
8	87	3
9	87	3
10	87	0
11	87	3
12	87	7
13	87	0
14	87	0
15	87	0
16	87	0
17	87	0
18	87	0
19	87	0
20	87	0
21	87	0
22	87	0
23	87	0
0	88	2
1	88	1
2	88	2
3	88	2
4	88	2
5	88	3
6	88	3
7	88	2
8	88	1
9	88	1
10	88	2
11	88	2
12	88	3
13	88	3
14	88	3
15	88	2
16	88	2
17	88	1
18	88	1
19	88	1
20	88	0
21	88	1
22	88	1
23	88	1
0	89	1
1	89	7
2	89	10
3	89	3
4	89	5
5	89	5
6	89	3
7	89	6
8	89	2
9	89	8
10	89	9
11	89	9
12	89	9
13	89	16
14	89	4
15	89	0
16	89	0
17	89	0
18	89	0
19	89	1
20	89	1
21	89	1
22	89	0
23	89	0
0	90	3
1	90	9
2	90	11
3	90	4
4	90	6
5	90	9
6	90	3
7	90	5
8	90	6
9	90	5
10	90	2
11	90	6
12	90	8
13	90	4
14	90	0
15	90	3
16	90	0
17	90	0
18	90	0
19	90	0
20	90	0
21	90	2
22	90	3
23	90	0
0	91	2
1	91	3
2	91	3
3	91	3
4	91	4
5	91	4
6	91	3
7	91	3
8	91	3
9	91	3
10	91	3
11	91	4
12	91	4
13	91	4
14	91	4
15	91	3
16	91	2
17	91	1
18	91	1
19	91	1
20	91	1
21	91	1
22	91	1
23	91	2
0	92	0
1	92	6
2	92	10
3	92	0
4	92	0
5	92	0
6	92	0
7	92	0
8	92	0
9	92	0
10	92	0
11	92	0
12	92	0
13	92	0
14	92	0
15	92	0
16	92	0
17	92	0
18	92	0
19	92	0
20	92	0
21	92	0
22	92	0
23	92	0
