Counts for Apple(2) in Vietnam(50):
Hour	Location Index	Count
0	0	19
1	0	28
2	0	28
3	0	27
4	0	27
5	0	31
6	0	25
7	0	25
8	0	24
9	0	23
10	0	20
11	0	24
12	0	22
13	0	21
14	0	18
15	0	11
16	0	9
17	0	4
18	0	3
19	0	2
20	0	1
21	0	2
22	0	4
23	0	9
0	1	20
1	1	22
2	1	24
3	1	26
4	1	29
5	1	39
6	1	30
7	1	24
8	1	23
9	1	23
10	1	24
11	1	24
12	1	25
13	1	23
14	1	24
15	1	24
16	1	15
17	1	9
18	1	5
19	1	3
20	1	3
21	1	4
22	1	7
23	1	15
0	2	20
1	2	26
2	2	25
3	2	29
4	2	32
5	2	42
6	2	37
7	2	29
8	2	33
9	2	28
10	2	30
11	2	34
12	2	33
13	2	31
14	2	27
15	2	37
16	2	32
17	2	21
18	2	11
19	2	8
20	2	5
21	2	5
22	2	7
23	2	17
0	3	19
1	3	19
2	3	23
3	3	22
4	3	25
5	3	33
6	3	33
7	3	25
8	3	19
9	3	21
10	3	17
11	3	24
12	3	21
13	3	20
14	3	21
15	3	25
16	3	19
17	3	11
18	3	7
19	3	3
20	3	5
21	3	2
22	3	7
23	3	12
0	4	25
1	4	27
2	4	33
3	4	34
4	4	34
5	4	50
6	4	38
7	4	28
8	4	26
9	4	21
10	4	27
11	4	30
12	4	30
13	4	28
14	4	25
15	4	27
16	4	21
17	4	15
18	4	7
19	4	3
20	4	3
21	4	3
22	4	10
23	4	19
0	5	14
1	5	28
2	5	25
3	5	31
4	5	26
5	5	36
6	5	39
7	5	30
8	5	21
9	5	27
10	5	15
11	5	26
12	5	33
13	5	17
14	5	31
15	5	29
16	5	17
17	5	5
18	5	4
19	5	6
20	5	8
21	5	3
22	5	7
23	5	16
0	6	25
1	6	35
2	6	26
3	6	31
4	6	30
5	6	41
6	6	29
7	6	25
8	6	20
9	6	21
10	6	27
11	6	29
12	6	28
13	6	24
14	6	25
15	6	24
16	6	11
17	6	11
18	6	5
19	6	3
20	6	5
21	6	4
22	6	8
23	6	18
0	7	12
1	7	10
2	7	17
3	7	16
4	7	16
5	7	21
6	7	6
7	7	8
8	7	16
9	7	10
10	7	10
11	7	12
12	7	25
13	7	23
14	7	14
15	7	4
16	7	8
17	7	6
18	7	0
19	7	0
20	7	0
21	7	4
22	7	10
23	7	12
0	8	27
1	8	22
2	8	30
3	8	23
4	8	29
5	8	29
6	8	24
7	8	19
8	8	20
9	8	17
10	8	18
11	8	22
12	8	28
13	8	25
14	8	17
15	8	14
16	8	14
17	8	7
18	8	5
19	8	3
20	8	1
21	8	3
22	8	5
23	8	12
0	9	0
1	9	0
2	9	36
3	9	134
4	9	36
5	9	36
6	9	0
7	9	0
8	9	115
9	9	0
10	9	36
11	9	0
12	9	0
13	9	0
14	9	0
15	9	0
16	9	0
17	9	0
18	9	0
19	9	0
20	9	0
21	9	0
22	9	0
23	9	0
0	10	18
1	10	19
2	10	22
3	10	26
4	10	31
5	10	37
6	10	34
7	10	29
8	10	30
9	10	34
10	10	38
11	10	37
12	10	34
13	10	33
14	10	32
15	10	35
16	10	27
17	10	18
18	10	9
19	10	5
20	10	4
21	10	5
22	10	7
23	10	13
0	11	16
1	11	19
2	11	21
3	11	22
4	11	26
5	11	38
6	11	39
7	11	18
8	11	16
9	11	20
10	11	21
11	11	19
12	11	25
13	11	24
14	11	22
15	11	23
16	11	16
17	11	11
18	11	5
19	11	2
20	11	3
21	11	2
22	11	4
23	11	9
0	12	26
1	12	40
2	12	35
3	12	54
4	12	38
5	12	32
6	12	31
7	12	22
8	12	27
9	12	26
10	12	9
11	12	16
12	12	11
13	12	7
14	12	7
15	12	7
16	12	3
17	12	5
18	12	0
19	12	0
20	12	1
21	12	1
22	12	2
23	12	6
0	13	21
1	13	24
2	13	27
3	13	26
4	13	31
5	13	34
6	13	34
7	13	25
8	13	26
9	13	21
10	13	19
11	13	27
12	13	27
13	13	20
14	13	22
15	13	21
16	13	15
17	13	10
18	13	5
19	13	3
20	13	3
21	13	3
22	13	6
23	13	14
0	14	0
1	14	0
2	14	0
3	14	0
4	14	119
5	14	166
6	14	88
7	14	0
8	14	0
9	14	49
10	14	0
11	14	0
12	14	0
13	14	0
14	14	0
15	14	0
16	14	0
17	14	0
18	14	0
19	14	0
20	14	0
21	14	0
22	14	0
23	14	0
0	15	25
1	15	27
2	15	26
3	15	28
4	15	32
5	15	40
6	15	36
7	15	27
8	15	23
9	15	23
10	15	22
11	15	27
12	15	30
13	15	26
14	15	24
15	15	25
16	15	18
17	15	12
18	15	5
19	15	4
20	15	4
21	15	4
22	15	7
23	15	19
0	16	17
1	16	21
2	16	22
3	16	24
4	16	26
5	16	32
6	16	28
7	16	23
8	16	23
9	16	23
10	16	25
11	16	25
12	16	25
13	16	23
14	16	22
15	16	22
16	16	17
17	16	11
18	16	6
19	16	4
20	16	3
21	16	4
22	16	6
23	16	12
0	17	7
1	17	13
2	17	7
3	17	7
4	17	10
5	17	44
6	17	30
7	17	13
8	17	16
9	17	27
10	17	30
11	17	13
12	17	13
13	17	22
14	17	24
15	17	10
16	17	4
17	17	0
18	17	0
19	17	0
20	17	0
21	17	0
22	17	0
23	17	13
0	18	12
1	18	18
2	18	23
3	18	12
4	18	27
5	18	37
6	18	20
7	18	37
8	18	35
9	18	16
10	18	33
11	18	31
12	18	33
13	18	23
14	18	14
15	18	39
16	18	25
17	18	12
18	18	10
19	18	0
20	18	3
21	18	5
22	18	5
23	18	29
0	19	23
1	19	23
2	19	26
3	19	28
4	19	30
5	19	50
6	19	35
7	19	27
8	19	22
9	19	22
10	19	21
11	19	27
12	19	24
13	19	25
14	19	27
15	19	31
16	19	20
17	19	13
18	19	7
19	19	4
20	19	3
21	19	4
22	19	6
23	19	15
0	20	0
1	20	26
2	20	38
3	20	14
4	20	60
5	20	49
6	20	38
7	20	38
8	20	14
9	20	49
10	20	26
11	20	70
12	20	38
13	20	0
14	20	14
15	20	14
16	20	0
17	20	0
18	20	0
19	20	0
20	20	0
21	20	0
22	20	14
23	20	14
0	21	7
1	21	47
2	21	57
3	21	17
4	21	38
5	21	52
6	21	26
7	21	41
8	21	57
9	21	23
10	21	32
11	21	14
12	21	10
13	21	0
14	21	4
15	21	0
16	21	0
17	21	0
18	21	0
19	21	0
20	21	0
21	21	0
22	21	0
23	21	4
0	22	20
1	22	33
2	22	31
3	22	31
4	22	39
5	22	39
6	22	39
7	22	32
8	22	21
9	22	23
10	22	40
11	22	40
12	22	29
13	22	33
14	22	25
15	22	30
16	22	29
17	22	19
18	22	16
19	22	6
20	22	9
21	22	8
22	22	8
23	22	16
0	23	10
1	23	10
2	23	37
3	23	32
4	23	37
5	23	37
6	23	24
7	23	35
8	23	7
9	23	12
10	23	29
11	23	48
12	23	27
13	23	24
14	23	18
15	23	18
16	23	15
17	23	12
18	23	0
19	23	0
20	23	0
21	23	4
22	23	4
23	23	10
0	24	13
1	24	15
2	24	18
3	24	16
4	24	17
5	24	17
6	24	15
7	24	17
8	24	13
9	24	13
10	24	11
11	24	15
12	24	14
13	24	14
14	24	12
15	24	11
16	24	8
17	24	6
18	24	3
19	24	2
20	24	2
21	24	3
22	24	5
23	24	8
0	25	0
1	25	42
2	25	0
3	25	0
4	25	0
5	25	0
6	25	0
7	25	0
8	25	0
9	25	77
10	25	42
11	25	0
12	25	0
13	25	0
14	25	0
15	25	0
16	25	0
17	25	0
18	25	0
19	25	0
20	25	0
21	25	0
22	25	0
23	25	0
0	26	0
1	26	0
2	26	154
3	26	0
4	26	0
5	26	0
6	26	0
7	26	0
8	26	95
9	26	154
10	26	95
11	26	0
12	26	95
13	26	0
14	26	0
15	26	0
16	26	95
17	26	0
18	26	0
19	26	0
20	26	95
21	26	0
22	26	0
23	26	0
0	27	21
1	27	15
2	27	30
3	27	19
4	27	32
5	27	32
6	27	23
7	27	22
8	27	32
9	27	23
10	27	23
11	27	17
12	27	23
13	27	26
14	27	16
15	27	11
16	27	8
17	27	4
18	27	3
19	27	3
20	27	0
21	27	0
22	27	1
23	27	4
0	28	19
1	28	26
2	28	27
3	28	29
4	28	32
5	28	36
6	28	34
7	28	28
8	28	28
9	28	28
10	28	27
11	28	27
12	28	26
13	28	24
14	28	22
15	28	23
16	28	18
17	28	12
18	28	6
19	28	4
20	28	4
21	28	4
22	28	5
23	28	12
0	29	0
1	29	107
2	29	61
3	29	0
4	29	61
5	29	107
6	29	0
7	29	0
8	29	0
9	29	61
10	29	107
11	29	107
12	29	61
13	29	0
14	29	0
15	29	0
16	29	61
17	29	61
18	29	0
19	29	0
20	29	61
21	29	0
22	29	0
23	29	0
0	30	0
1	30	0
2	30	0
3	30	0
4	30	0
5	30	0
6	30	0
7	30	0
8	30	0
9	30	0
10	30	0
11	30	0
12	30	0
13	30	0
14	30	0
15	30	0
16	30	0
17	30	0
18	30	0
19	30	0
20	30	0
21	30	0
22	30	0
23	30	0
0	31	19
1	31	18
2	31	18
3	31	20
4	31	27
5	31	35
6	31	27
7	31	20
8	31	19
9	31	19
10	31	17
11	31	19
12	31	23
13	31	22
14	31	25
15	31	24
16	31	14
17	31	8
18	31	3
19	31	2
20	31	3
21	31	3
22	31	8
23	31	15
0	32	13
1	32	36
2	32	0
3	32	36
4	32	25
5	32	56
6	32	46
7	32	13
8	32	13
9	32	36
10	32	13
11	32	46
12	32	25
13	32	25
14	32	25
15	32	13
16	32	0
17	32	0
18	32	0
19	32	0
20	32	0
21	32	0
22	32	13
23	32	0
0	33	14
1	33	24
2	33	26
3	33	20
4	33	22
5	33	27
6	33	27
7	33	18
8	33	17
9	33	19
10	33	21
11	33	19
12	33	16
13	33	27
14	33	23
15	33	27
16	33	16
17	33	11
18	33	1
19	33	3
20	33	2
21	33	5
22	33	5
23	33	11
0	34	15
1	34	18
2	34	20
3	34	21
4	34	25
5	34	30
6	34	24
7	34	21
8	34	19
9	34	19
10	34	19
11	34	21
12	34	23
13	34	23
14	34	22
15	34	17
16	34	10
17	34	6
18	34	3
19	34	2
20	34	2
21	34	3
22	34	6
23	34	11
0	35	28
1	35	28
2	35	28
3	35	32
4	35	35
5	35	40
6	35	36
7	35	39
8	35	33
9	35	33
10	35	49
11	35	43
12	35	42
13	35	39
14	35	32
15	35	31
16	35	26
17	35	21
18	35	8
19	35	5
20	35	1
21	35	2
22	35	11
23	35	16
0	36	0
1	36	13
2	36	25
3	36	47
4	36	58
5	36	36
6	36	58
7	36	36
8	36	67
9	36	163
10	36	25
11	36	25
12	36	13
13	36	0
14	36	25
15	36	0
16	36	0
17	36	0
18	36	0
19	36	0
20	36	0
21	36	0
22	36	0
23	36	0
0	37	19
1	37	24
2	37	19
3	37	25
4	37	31
5	37	41
6	37	24
7	37	21
8	37	21
9	37	17
10	37	21
11	37	21
12	37	26
13	37	26
14	37	30
15	37	20
16	37	14
17	37	7
18	37	5
19	37	1
20	37	1
21	37	1
22	37	12
23	37	15
0	38	16
1	38	19
2	38	16
3	38	27
4	38	29
5	38	29
6	38	29
7	38	29
8	38	26
9	38	35
10	38	37
11	38	32
12	38	34
13	38	30
14	38	38
15	38	39
16	38	27
17	38	16
18	38	7
19	38	2
20	38	2
21	38	3
22	38	3
23	38	13
0	39	18
1	39	21
2	39	23
3	39	26
4	39	32
5	39	37
6	39	34
7	39	30
8	39	29
9	39	33
10	39	37
11	39	37
12	39	35
13	39	35
14	39	35
15	39	36
16	39	26
17	39	15
18	39	8
19	39	4
20	39	3
21	39	4
22	39	7
23	39	14
0	40	12
1	40	23
2	40	6
3	40	3
4	40	21
5	40	39
6	40	21
7	40	23
8	40	23
9	40	9
10	40	15
11	40	21
12	40	29
13	40	31
14	40	34
15	40	31
16	40	6
17	40	9
18	40	9
19	40	0
20	40	6
21	40	9
22	40	9
23	40	15
0	41	21
1	41	28
2	41	26
3	41	25
4	41	31
5	41	47
6	41	38
7	41	27
8	41	21
9	41	23
10	41	24
11	41	27
12	41	28
13	41	27
14	41	26
15	41	29
16	41	20
17	41	11
18	41	6
19	41	4
20	41	4
21	41	4
22	41	7
23	41	15
0	42	16
1	42	29
2	42	32
3	42	29
4	42	28
5	42	33
6	42	18
7	42	26
8	42	31
9	42	13
10	42	24
11	42	28
12	42	32
13	42	18
14	42	15
15	42	17
16	42	13
17	42	3
18	42	5
19	42	3
20	42	0
21	42	5
22	42	3
23	42	16
0	43	18
1	43	18
2	43	16
3	43	22
4	43	27
5	43	29
6	43	24
7	43	24
8	43	25
9	43	16
10	43	23
11	43	25
12	43	23
13	43	16
14	43	16
15	43	17
16	43	7
17	43	8
18	43	4
19	43	2
20	43	1
21	43	7
22	43	5
23	43	12
0	44	6
1	44	20
2	44	16
3	44	21
4	44	15
5	44	24
6	44	29
7	44	21
8	44	27
9	44	24
10	44	16
11	44	18
12	44	17
13	44	18
14	44	9
15	44	7
16	44	4
17	44	2
18	44	4
19	44	1
20	44	1
21	44	1
22	44	2
23	44	1
0	45	17
1	45	18
2	45	16
3	45	19
4	45	16
5	45	19
6	45	17
7	45	18
8	45	19
9	45	16
10	45	12
11	45	10
12	45	15
13	45	15
14	45	13
15	45	12
16	45	6
17	45	4
18	45	3
19	45	3
20	45	2
21	45	4
22	45	3
23	45	8
0	46	26
1	46	26
2	46	28
3	46	23
4	46	30
5	46	39
6	46	34
7	46	24
8	46	21
9	46	24
10	46	26
11	46	30
12	46	31
13	46	27
14	46	25
15	46	31
16	46	23
17	46	15
18	46	8
19	46	4
20	46	5
21	46	5
22	46	6
23	46	18
0	47	16
1	47	22
2	47	14
3	47	29
4	47	26
5	47	40
6	47	26
7	47	23
8	47	23
9	47	7
10	47	12
11	47	12
12	47	26
13	47	23
14	47	14
15	47	9
16	47	9
17	47	3
18	47	5
19	47	0
20	47	0
21	47	3
22	47	16
23	47	10
0	48	18
1	48	21
2	48	24
3	48	25
4	48	28
5	48	33
6	48	28
7	48	23
8	48	22
9	48	22
10	48	25
11	48	24
12	48	25
13	48	22
14	48	21
15	48	20
16	48	13
17	48	8
18	48	5
19	48	3
20	48	3
21	48	3
22	48	7
23	48	13
0	49	0
1	49	201
2	49	0
3	49	0
4	49	0
5	49	0
6	49	0
7	49	0
8	49	0
9	49	0
10	49	0
11	49	0
12	49	0
13	49	0
14	49	0
15	49	0
16	49	0
17	49	0
18	49	0
19	49	0
20	49	0
21	49	0
22	49	0
23	49	0
0	50	20
1	50	15
2	50	56
3	50	15
4	50	33
5	50	58
6	50	46
7	50	33
8	50	46
9	50	44
10	50	13
11	50	5
12	50	8
13	50	3
14	50	0
15	50	0
16	50	10
17	50	3
18	50	0
19	50	3
20	50	0
21	50	0
22	50	5
23	50	0
0	51	14
1	51	19
2	51	30
3	51	31
4	51	34
5	51	37
6	51	30
7	51	28
8	51	34
9	51	31
10	51	29
11	51	23
12	51	22
13	51	17
14	51	16
15	51	8
16	51	10
17	51	5
18	51	5
19	51	2
20	51	1
21	51	1
22	51	2
23	51	5
0	52	18
1	52	22
2	52	23
3	52	24
4	52	25
5	52	29
6	52	25
7	52	22
8	52	21
9	52	20
10	52	20
11	52	22
12	52	22
13	52	20
14	52	19
15	52	17
16	52	12
17	52	8
18	52	5
19	52	3
20	52	3
21	52	4
22	52	6
23	52	12
0	53	37
1	53	29
2	53	29
3	53	30
4	53	28
5	53	34
6	53	28
7	53	29
8	53	26
9	53	26
10	53	18
11	53	21
12	53	24
13	53	25
14	53	17
15	53	21
16	53	14
17	53	8
18	53	6
19	53	3
20	53	3
21	53	3
22	53	5
23	53	16
0	54	19
1	54	20
2	54	18
3	54	23
4	54	24
5	54	29
6	54	28
7	54	23
8	54	26
9	54	26
10	54	27
11	54	25
12	54	29
13	54	27
14	54	27
15	54	31
16	54	17
17	54	11
18	54	6
19	54	5
20	54	1
21	54	2
22	54	5
23	54	11
0	55	18
1	55	20
2	55	22
3	55	26
4	55	26
5	55	40
6	55	31
7	55	20
8	55	19
9	55	22
10	55	19
11	55	26
12	55	32
13	55	25
14	55	24
15	55	27
16	55	22
17	55	15
18	55	6
19	55	2
20	55	4
21	55	5
22	55	6
23	55	18
0	56	18
1	56	20
2	56	20
3	56	20
4	56	25
5	56	35
6	56	27
7	56	19
8	56	19
9	56	17
10	56	18
11	56	21
12	56	22
13	56	20
14	56	21
15	56	21
16	56	14
17	56	7
18	56	4
19	56	2
20	56	3
21	56	3
22	56	7
23	56	14
0	57	23
1	57	26
2	57	29
3	57	29
4	57	32
5	57	44
6	57	35
7	57	25
8	57	23
9	57	21
10	57	25
11	57	27
12	57	29
13	57	24
14	57	23
15	57	27
16	57	19
17	57	13
18	57	8
19	57	4
20	57	4
21	57	5
22	57	9
23	57	18
0	58	21
1	58	23
2	58	20
3	58	27
4	58	33
5	58	33
6	58	28
7	58	25
8	58	21
9	58	23
10	58	24
11	58	23
12	58	23
13	58	21
14	58	19
15	58	18
16	58	11
17	58	6
18	58	5
19	58	2
20	58	3
21	58	5
22	58	7
23	58	16
0	59	26
1	59	26
2	59	0
3	59	26
4	59	9
5	59	26
6	59	9
7	59	0
8	59	41
9	59	62
10	59	18
11	59	26
12	59	0
13	59	0
14	59	0
15	59	0
16	59	9
17	59	0
18	59	9
19	59	0
20	59	9
21	59	0
22	59	0
23	59	9
0	60	26
1	60	21
2	60	21
3	60	22
4	60	25
5	60	34
6	60	36
7	60	22
8	60	21
9	60	21
10	60	26
11	60	22
12	60	23
13	60	18
14	60	20
15	60	17
16	60	20
17	60	12
18	60	9
19	60	5
20	60	3
21	60	3
22	60	9
23	60	14
0	61	15
1	61	19
2	61	22
3	61	24
4	61	26
5	61	29
6	61	27
7	61	25
8	61	25
9	61	26
10	61	27
11	61	26
12	61	25
13	61	23
14	61	22
15	61	20
16	61	15
17	61	10
18	61	6
19	61	3
20	61	3
21	61	3
22	61	5
23	61	10
0	62	23
1	62	24
2	62	28
3	62	30
4	62	28
5	62	48
6	62	39
7	62	27
8	62	26
9	62	21
10	62	28
11	62	30
12	62	31
13	62	30
14	62	30
15	62	30
16	62	22
17	62	16
18	62	8
19	62	5
20	62	5
21	62	3
22	62	6
23	62	16
0	63	19
1	63	20
2	63	21
3	63	21
4	63	26
5	63	35
6	63	23
7	63	21
8	63	18
9	63	18
10	63	19
11	63	17
12	63	17
13	63	15
14	63	14
15	63	19
16	63	12
17	63	7
18	63	6
19	63	3
20	63	2
21	63	3
22	63	5
23	63	14
0	64	14
1	64	0
2	64	0
3	64	0
4	64	0
5	64	0
6	64	0
7	64	0
8	64	0
9	64	0
10	64	0
11	64	0
12	64	0
13	64	0
14	64	0
15	64	0
16	64	0
17	64	0
18	64	14
19	64	0
20	64	0
21	64	0
22	64	14
23	64	0
0	65	16
1	65	26
2	65	49
3	65	77
4	65	36
5	65	45
6	65	36
7	65	49
8	65	66
9	65	58
10	65	45
11	65	49
12	65	62
13	65	45
14	65	36
15	65	49
16	65	11
17	65	6
18	65	0
19	65	0
20	65	6
21	65	0
22	65	11
23	65	6
0	66	23
1	66	23
2	66	33
3	66	27
4	66	42
5	66	49
6	66	34
7	66	29
8	66	17
9	66	34
10	66	27
11	66	22
12	66	27
13	66	24
14	66	17
15	66	27
16	66	29
17	66	16
18	66	15
19	66	8
20	66	7
21	66	3
22	66	3
23	66	18
0	67	12
1	67	15
2	67	9
3	67	3
4	67	12
5	67	34
6	67	9
7	67	12
8	67	15
9	67	15
10	67	12
11	67	15
12	67	29
13	67	9
14	67	41
15	67	36
16	67	20
17	67	0
18	67	3
19	67	0
20	67	0
21	67	0
22	67	0
23	67	6
0	68	24
1	68	26
2	68	31
3	68	24
4	68	26
5	68	33
6	68	30
7	68	23
8	68	24
9	68	25
10	68	23
11	68	21
12	68	24
13	68	27
14	68	31
15	68	32
16	68	19
17	68	13
18	68	8
19	68	3
20	68	4
21	68	4
22	68	5
23	68	16
0	69	25
1	69	25
2	69	22
3	69	33
4	69	33
5	69	44
6	69	36
7	69	16
8	69	16
9	69	25
10	69	16
11	69	25
12	69	16
13	69	22
14	69	22
15	69	10
16	69	10
17	69	10
18	69	10
19	69	0
20	69	7
21	69	10
22	69	7
23	69	13
0	70	22
1	70	29
2	70	30
3	70	29
4	70	31
5	70	34
6	70	32
7	70	33
8	70	26
9	70	33
10	70	22
11	70	20
12	70	25
13	70	17
14	70	19
15	70	22
16	70	19
17	70	13
18	70	6
19	70	5
20	70	6
21	70	7
22	70	9
23	70	11
0	71	23
1	71	17
2	71	17
3	71	28
4	71	23
5	71	30
6	71	33
7	71	31
8	71	31
9	71	26
10	71	36
11	71	38
12	71	37
13	71	25
14	71	25
15	71	32
16	71	18
17	71	12
18	71	11
19	71	6
20	71	4
21	71	4
22	71	10
23	71	16
0	72	19
1	72	19
2	72	0
3	72	0
4	72	81
5	72	19
6	72	19
7	72	0
8	72	52
9	72	0
10	72	67
11	72	52
12	72	36
13	72	19
14	72	81
15	72	36
16	72	19
17	72	0
18	72	0
19	72	0
20	72	0
21	72	0
22	72	0
23	72	0
0	73	15
1	73	18
2	73	22
3	73	23
4	73	24
5	73	27
6	73	24
7	73	21
8	73	23
9	73	22
10	73	25
11	73	25
12	73	24
13	73	22
14	73	20
15	73	19
16	73	12
17	73	8
18	73	4
19	73	3
20	73	3
21	73	3
22	73	4
23	73	9
0	74	10
1	74	19
2	74	18
3	74	10
4	74	25
5	74	41
6	74	21
7	74	31
8	74	24
9	74	19
10	74	27
11	74	18
12	74	15
13	74	12
14	74	24
15	74	15
16	74	5
17	74	0
18	74	4
19	74	0
20	74	2
21	74	2
22	74	10
23	74	13
0	75	19
1	75	28
2	75	25
3	75	25
4	75	26
5	75	32
6	75	28
7	75	21
8	75	22
9	75	23
10	75	18
11	75	18
12	75	16
13	75	18
14	75	14
15	75	15
16	75	8
17	75	9
18	75	6
19	75	3
20	75	4
21	75	3
22	75	5
23	75	9
0	76	21
1	76	26
2	76	36
3	76	39
4	76	35
5	76	42
6	76	39
7	76	34
8	76	44
9	76	43
10	76	37
11	76	32
12	76	32
13	76	28
14	76	24
15	76	24
16	76	14
17	76	14
18	76	5
19	76	3
20	76	5
21	76	3
22	76	7
23	76	14
0	77	24
1	77	21
2	77	39
3	77	23
4	77	35
5	77	33
6	77	35
7	77	23
8	77	29
9	77	23
10	77	19
11	77	17
12	77	22
13	77	19
14	77	21
15	77	19
16	77	12
17	77	6
18	77	3
19	77	2
20	77	4
21	77	1
22	77	6
23	77	10
0	78	4
1	78	23
2	78	40
3	78	44
4	78	45
5	78	35
6	78	28
7	78	41
8	78	36
9	78	33
10	78	28
11	78	14
12	78	14
13	78	12
14	78	15
15	78	3
16	78	7
17	78	1
18	78	3
19	78	2
20	78	2
21	78	1
22	78	0
23	78	0
0	79	21
1	79	31
2	79	36
3	79	35
4	79	24
5	79	25
6	79	30
7	79	29
8	79	33
9	79	37
10	79	21
11	79	16
12	79	19
13	79	18
14	79	12
15	79	7
16	79	5
17	79	5
18	79	3
19	79	1
20	79	1
21	79	2
22	79	3
23	79	7
0	80	0
1	80	0
2	80	0
3	80	0
4	80	0
5	80	0
6	80	95
7	80	0
8	80	0
9	80	0
10	80	0
11	80	0
12	80	0
13	80	0
14	80	0
15	80	0
16	80	0
17	80	0
18	80	0
19	80	0
20	80	0
21	80	0
22	80	0
23	80	0
0	81	19
1	81	20
2	81	21
3	81	28
4	81	27
5	81	26
6	81	20
7	81	24
8	81	21
9	81	20
10	81	17
11	81	17
12	81	19
13	81	16
14	81	12
15	81	12
16	81	8
17	81	6
18	81	1
19	81	1
20	81	2
21	81	2
22	81	4
23	81	13
0	82	16
1	82	18
2	82	22
3	82	22
4	82	28
5	82	35
6	82	32
7	82	26
8	82	25
9	82	27
10	82	33
11	82	31
12	82	31
13	82	33
14	82	31
15	82	31
16	82	22
17	82	13
18	82	7
19	82	3
20	82	3
21	82	3
22	82	7
23	82	15
0	83	63
1	83	37
2	83	72
3	83	31
4	83	13
5	83	53
6	83	47
7	83	25
8	83	25
9	83	25
10	83	13
11	83	63
12	83	13
13	83	19
14	83	31
15	83	19
16	83	7
17	83	19
18	83	0
19	83	0
20	83	0
21	83	0
22	83	19
23	83	31
0	84	20
1	84	33
2	84	31
3	84	32
4	84	31
5	84	26
6	84	28
7	84	27
8	84	22
9	84	29
10	84	27
11	84	23
12	84	22
13	84	22
14	84	19
15	84	15
16	84	12
17	84	7
18	84	4
19	84	3
20	84	2
21	84	3
22	84	2
23	84	10
0	85	17
1	85	24
2	85	22
3	85	23
4	85	28
5	85	39
6	85	30
7	85	22
8	85	21
9	85	17
10	85	19
11	85	23
12	85	25
13	85	24
14	85	22
15	85	25
16	85	16
17	85	8
18	85	6
19	85	3
20	85	3
21	85	3
22	85	7
23	85	13
0	86	38
1	86	38
2	86	70
3	86	70
4	86	120
5	86	70
6	86	70
7	86	0
8	86	0
9	86	0
10	86	0
11	86	0
12	86	38
13	86	0
14	86	0
15	86	0
16	86	0
17	86	0
18	86	0
19	86	0
20	86	0
21	86	0
22	86	0
23	86	0
0	87	13
1	87	7
2	87	13
3	87	26
4	87	13
5	87	39
6	87	11
7	87	9
8	87	11
9	87	5
10	87	22
11	87	24
12	87	34
13	87	24
14	87	20
15	87	13
16	87	5
17	87	7
18	87	0
19	87	0
20	87	0
21	87	0
22	87	3
23	87	13
0	88	25
1	88	27
2	88	27
3	88	25
4	88	31
5	88	45
6	88	35
7	88	23
8	88	23
9	88	22
10	88	23
11	88	25
12	88	26
13	88	28
14	88	26
15	88	26
16	88	20
17	88	11
18	88	7
19	88	4
20	88	4
21	88	5
22	88	7
23	88	20
0	89	3
1	89	25
2	89	26
3	89	29
4	89	29
5	89	26
6	89	22
7	89	9
8	89	21
9	89	11
10	89	17
11	89	15
12	89	20
13	89	15
14	89	15
15	89	8
16	89	2
17	89	4
18	89	0
19	89	0
20	89	1
21	89	1
22	89	2
23	89	2
0	90	5
1	90	27
2	90	20
3	90	22
4	90	28
5	90	34
6	90	22
7	90	24
8	90	15
9	90	30
10	90	11
11	90	11
12	90	12
13	90	5
14	90	5
15	90	7
16	90	3
17	90	5
18	90	3
19	90	0
20	90	2
21	90	3
22	90	3
23	90	3
0	91	12
1	91	14
2	91	17
3	91	20
4	91	23
5	91	26
6	91	22
7	91	20
8	91	19
9	91	22
10	91	24
11	91	26
12	91	27
13	91	24
14	91	20
15	91	17
16	91	12
17	91	5
18	91	3
19	91	2
20	91	2
21	91	2
22	91	4
23	91	8
0	92	0
1	92	58
2	92	62
3	92	42
4	92	34
5	92	74
6	92	55
7	92	38
8	92	77
9	92	66
10	92	25
11	92	38
12	92	15
13	92	0
14	92	0
15	92	0
16	92	0
17	92	6
18	92	0
19	92	0
20	92	0
21	92	0
22	92	0
23	92	0
