Counts for HTC(5) in Vietnam(50):
Hour	Location Index	Count
0	0	5
1	0	3
2	0	6
3	0	3
4	0	4
5	0	4
6	0	3
7	0	5
8	0	3
9	0	4
10	0	3
11	0	4
12	0	5
13	0	3
14	0	2
15	0	1
16	0	1
17	0	1
18	0	1
19	0	1
20	0	0
21	0	0
22	0	0
23	0	1
0	1	3
1	1	2
2	1	2
3	1	3
4	1	3
5	1	4
6	1	3
7	1	2
8	1	2
9	1	2
10	1	3
11	1	3
12	1	3
13	1	3
14	1	3
15	1	2
16	1	2
17	1	1
18	1	1
19	1	1
20	1	1
21	1	1
22	1	1
23	1	2
0	2	1
1	2	2
2	2	3
3	2	2
4	2	2
5	2	3
6	2	2
7	2	2
8	2	2
9	2	1
10	2	2
11	2	3
12	2	2
13	2	2
14	2	2
15	2	2
16	2	2
17	2	2
18	2	1
19	2	1
20	2	1
21	2	1
22	2	1
23	2	3
0	3	3
1	3	4
2	3	2
3	3	2
4	3	3
5	3	4
6	3	4
7	3	2
8	3	3
9	3	2
10	3	1
11	3	3
12	3	3
13	3	4
14	3	3
15	3	3
16	3	2
17	3	2
18	3	1
19	3	0
20	3	1
21	3	0
22	3	3
23	3	2
0	4	2
1	4	2
2	4	2
3	4	4
4	4	1
5	4	2
6	4	2
7	4	2
8	4	2
9	4	2
10	4	1
11	4	2
12	4	2
13	4	2
14	4	3
15	4	1
16	4	1
17	4	1
18	4	1
19	4	0
20	4	0
21	4	1
22	4	0
23	4	1
0	5	3
1	5	3
2	5	4
3	5	2
4	5	4
5	5	7
6	5	0
7	5	0
8	5	2
9	5	2
10	5	0
11	5	4
12	5	0
13	5	2
14	5	5
15	5	0
16	5	0
17	5	0
18	5	0
19	5	0
20	5	0
21	5	0
22	5	2
23	5	2
0	6	1
1	6	6
2	6	5
3	6	2
4	6	3
5	6	3
6	6	5
7	6	2
8	6	3
9	6	3
10	6	3
11	6	2
12	6	4
13	6	3
14	6	1
15	6	3
16	6	1
17	6	3
18	6	1
19	6	0
20	6	1
21	6	1
22	6	1
23	6	3
0	7	0
1	7	0
2	7	2
3	7	4
4	7	2
5	7	10
6	7	8
7	7	4
8	7	8
9	7	0
10	7	0
11	7	4
12	7	6
13	7	6
14	7	0
15	7	8
16	7	0
17	7	2
18	7	0
19	7	0
20	7	0
21	7	0
22	7	0
23	7	6
0	8	3
1	8	4
2	8	3
3	8	4
4	8	2
5	8	1
6	8	2
7	8	3
8	8	5
9	8	5
10	8	3
11	8	3
12	8	3
13	8	1
14	8	4
15	8	3
16	8	2
17	8	1
18	8	1
19	8	0
20	8	0
21	8	0
22	8	0
23	8	0
0	9	0
1	9	0
2	9	0
3	9	0
4	9	0
5	9	0
6	9	0
7	9	0
8	9	0
9	9	0
10	9	0
11	9	0
12	9	0
13	9	0
14	9	0
15	9	0
16	9	0
17	9	0
18	9	0
19	9	0
20	9	0
21	9	0
22	9	0
23	9	0
0	10	2
1	10	2
2	10	2
3	10	2
4	10	2
5	10	3
6	10	2
7	10	2
8	10	2
9	10	2
10	10	3
11	10	3
12	10	3
13	10	2
14	10	3
15	10	3
16	10	2
17	10	2
18	10	1
19	10	1
20	10	1
21	10	1
22	10	1
23	10	2
0	11	2
1	11	2
2	11	2
3	11	4
4	11	1
5	11	6
6	11	3
7	11	1
8	11	4
9	11	3
10	11	3
11	11	2
12	11	3
13	11	3
14	11	4
15	11	4
16	11	2
17	11	1
18	11	1
19	11	0
20	11	1
21	11	1
22	11	1
23	11	3
0	12	4
1	12	2
2	12	3
3	12	3
4	12	7
5	12	2
6	12	3
7	12	6
8	12	8
9	12	4
10	12	3
11	12	5
12	12	3
13	12	3
14	12	0
15	12	0
16	12	0
17	12	0
18	12	0
19	12	0
20	12	0
21	12	0
22	12	0
23	12	1
0	13	3
1	13	3
2	13	3
3	13	3
4	13	3
5	13	5
6	13	2
7	13	3
8	13	3
9	13	1
10	13	2
11	13	3
12	13	4
13	13	2
14	13	2
15	13	3
16	13	3
17	13	1
18	13	1
19	13	1
20	13	0
21	13	1
22	13	1
23	13	1
0	14	0
1	14	49
2	14	0
3	14	0
4	14	0
5	14	0
6	14	0
7	14	49
8	14	0
9	14	0
10	14	0
11	14	0
12	14	0
13	14	0
14	14	0
15	14	0
16	14	0
17	14	0
18	14	0
19	14	0
20	14	0
21	14	0
22	14	0
23	14	0
0	15	3
1	15	4
2	15	3
3	15	3
4	15	3
5	15	2
6	15	2
7	15	2
8	15	2
9	15	2
10	15	2
11	15	2
12	15	2
13	15	2
14	15	2
15	15	2
16	15	1
17	15	1
18	15	1
19	15	1
20	15	1
21	15	1
22	15	0
23	15	1
0	16	2
1	16	2
2	16	3
3	16	3
4	16	3
5	16	3
6	16	3
7	16	2
8	16	2
9	16	3
10	16	3
11	16	3
12	16	3
13	16	3
14	16	3
15	16	3
16	16	2
17	16	1
18	16	1
19	16	1
20	16	1
21	16	1
22	16	1
23	16	2
0	17	0
1	17	4
2	17	0
3	17	0
4	17	0
5	17	0
6	17	0
7	17	0
8	17	0
9	17	4
10	17	0
11	17	0
12	17	0
13	17	4
14	17	33
15	17	4
16	17	4
17	17	0
18	17	0
19	17	0
20	17	0
21	17	0
22	17	0
23	17	4
0	18	3
1	18	0
2	18	5
3	18	3
4	18	0
5	18	3
6	18	3
7	18	0
8	18	7
9	18	0
10	18	0
11	18	3
12	18	0
13	18	3
14	18	3
15	18	0
16	18	0
17	18	0
18	18	0
19	18	0
20	18	0
21	18	0
22	18	0
23	18	0
0	19	2
1	19	2
2	19	1
3	19	2
4	19	2
5	19	2
6	19	2
7	19	2
8	19	2
9	19	1
10	19	1
11	19	2
12	19	2
13	19	1
14	19	1
15	19	1
16	19	1
17	19	2
18	19	1
19	19	1
20	19	0
21	19	0
22	19	1
23	19	1
0	20	0
1	20	0
2	20	0
3	20	0
4	20	0
5	20	0
6	20	0
7	20	0
8	20	0
9	20	0
10	20	0
11	20	0
12	20	0
13	20	0
14	20	0
15	20	14
16	20	14
17	20	0
18	20	0
19	20	0
20	20	0
21	20	0
22	20	0
23	20	0
0	21	0
1	21	7
2	21	4
3	21	14
4	21	10
5	21	10
6	21	7
7	21	4
8	21	7
9	21	0
10	21	10
11	21	10
12	21	7
13	21	0
14	21	4
15	21	0
16	21	0
17	21	0
18	21	0
19	21	0
20	21	0
21	21	0
22	21	0
23	21	0
0	22	0
1	22	3
2	22	3
3	22	3
4	22	2
5	22	1
6	22	3
7	22	2
8	22	1
9	22	3
10	22	3
11	22	1
12	22	2
13	22	2
14	22	1
15	22	2
16	22	3
17	22	0
18	22	2
19	22	0
20	22	0
21	22	1
22	22	0
23	22	0
0	23	0
1	23	0
2	23	0
3	23	0
4	23	7
5	23	0
6	23	0
7	23	0
8	23	0
9	23	0
10	23	0
11	23	0
12	23	0
13	23	0
14	23	0
15	23	0
16	23	4
17	23	0
18	23	0
19	23	0
20	23	0
21	23	0
22	23	0
23	23	0
0	24	2
1	24	3
2	24	3
3	24	3
4	24	3
5	24	4
6	24	2
7	24	3
8	24	3
9	24	3
10	24	3
11	24	4
12	24	3
13	24	3
14	24	3
15	24	3
16	24	2
17	24	1
18	24	1
19	24	1
20	24	1
21	24	1
22	24	1
23	24	2
0	25	0
1	25	42
2	25	0
3	25	42
4	25	42
5	25	0
6	25	106
7	25	42
8	25	42
9	25	0
10	25	0
11	25	0
12	25	0
13	25	0
14	25	0
15	25	0
16	25	0
17	25	0
18	25	0
19	25	0
20	25	0
21	25	0
22	25	0
23	25	0
0	26	0
1	26	0
2	26	0
3	26	0
4	26	0
5	26	0
6	26	0
7	26	0
8	26	0
9	26	0
10	26	0
11	26	0
12	26	0
13	26	0
14	26	0
15	26	95
16	26	0
17	26	0
18	26	0
19	26	0
20	26	0
21	26	0
22	26	0
23	26	0
0	27	3
1	27	4
2	27	6
3	27	7
4	27	7
5	27	3
6	27	4
7	27	6
8	27	1
9	27	4
10	27	6
11	27	2
12	27	7
13	27	3
14	27	0
15	27	0
16	27	0
17	27	0
18	27	0
19	27	0
20	27	0
21	27	1
22	27	0
23	27	0
0	28	2
1	28	3
2	28	3
3	28	3
4	28	3
5	28	4
6	28	3
7	28	3
8	28	3
9	28	3
10	28	2
11	28	3
12	28	3
13	28	3
14	28	2
15	28	2
16	28	2
17	28	1
18	28	1
19	28	1
20	28	1
21	28	1
22	28	1
23	28	2
0	29	0
1	29	0
2	29	0
3	29	0
4	29	0
5	29	0
6	29	0
7	29	0
8	29	0
9	29	0
10	29	0
11	29	0
12	29	0
13	29	0
14	29	0
15	29	0
16	29	0
17	29	0
18	29	0
19	29	0
20	29	0
21	29	0
22	29	0
23	29	0
0	30	0
1	30	0
2	30	0
3	30	0
4	30	0
5	30	0
6	30	0
7	30	0
8	30	0
9	30	0
10	30	0
11	30	0
12	30	0
13	30	0
14	30	0
15	30	0
16	30	0
17	30	0
18	30	0
19	30	0
20	30	0
21	30	0
22	30	0
23	30	0
0	31	1
1	31	2
2	31	1
3	31	2
4	31	3
5	31	3
6	31	1
7	31	2
8	31	2
9	31	2
10	31	2
11	31	4
12	31	3
13	31	7
14	31	4
15	31	3
16	31	2
17	31	1
18	31	1
19	31	1
20	31	1
21	31	1
22	31	1
23	31	3
0	32	0
1	32	0
2	32	0
3	32	0
4	32	0
5	32	0
6	32	0
7	32	0
8	32	0
9	32	0
10	32	0
11	32	0
12	32	0
13	32	0
14	32	0
15	32	0
16	32	0
17	32	0
18	32	0
19	32	0
20	32	0
21	32	0
22	32	0
23	32	0
0	33	0
1	33	1
2	33	3
3	33	2
4	33	5
5	33	3
6	33	3
7	33	3
8	33	0
9	33	1
10	33	2
11	33	5
12	33	3
13	33	5
14	33	2
15	33	3
16	33	3
17	33	0
18	33	0
19	33	0
20	33	0
21	33	0
22	33	0
23	33	3
0	34	2
1	34	2
2	34	3
3	34	3
4	34	4
5	34	4
6	34	3
7	34	2
8	34	3
9	34	3
10	34	3
11	34	3
12	34	3
13	34	4
14	34	3
15	34	2
16	34	2
17	34	1
18	34	1
19	34	1
20	34	1
21	34	1
22	34	1
23	34	2
0	35	1
1	35	2
2	35	1
3	35	1
4	35	3
5	35	1
6	35	1
7	35	0
8	35	0
9	35	1
10	35	2
11	35	4
12	35	4
13	35	0
14	35	1
15	35	2
16	35	1
17	35	1
18	35	0
19	35	0
20	35	0
21	35	1
22	35	1
23	35	1
0	36	0
1	36	0
2	36	13
3	36	0
4	36	0
5	36	13
6	36	25
7	36	13
8	36	0
9	36	13
10	36	0
11	36	0
12	36	0
13	36	0
14	36	0
15	36	0
16	36	0
17	36	0
18	36	0
19	36	0
20	36	0
21	36	0
22	36	0
23	36	0
0	37	1
1	37	1
2	37	0
3	37	2
4	37	2
5	37	2
6	37	1
7	37	3
8	37	1
9	37	1
10	37	1
11	37	1
12	37	2
13	37	2
14	37	3
15	37	2
16	37	2
17	37	2
18	37	2
19	37	1
20	37	0
21	37	0
22	37	2
23	37	3
0	38	5
1	38	3
2	38	2
3	38	2
4	38	3
5	38	4
6	38	4
7	38	2
8	38	4
9	38	3
10	38	4
11	38	4
12	38	3
13	38	3
14	38	3
15	38	4
16	38	3
17	38	3
18	38	3
19	38	2
20	38	2
21	38	1
22	38	2
23	38	2
0	39	2
1	39	2
2	39	2
3	39	2
4	39	3
5	39	3
6	39	3
7	39	2
8	39	2
9	39	2
10	39	3
11	39	3
12	39	3
13	39	3
14	39	3
15	39	3
16	39	2
17	39	1
18	39	1
19	39	1
20	39	1
21	39	1
22	39	1
23	39	1
0	40	6
1	40	0
2	40	3
3	40	3
4	40	9
5	40	0
6	40	3
7	40	0
8	40	0
9	40	9
10	40	0
11	40	0
12	40	3
13	40	0
14	40	0
15	40	0
16	40	0
17	40	0
18	40	6
19	40	0
20	40	0
21	40	0
22	40	6
23	40	0
0	41	2
1	41	2
2	41	2
3	41	2
4	41	1
5	41	4
6	41	2
7	41	2
8	41	1
9	41	1
10	41	1
11	41	2
12	41	2
13	41	3
14	41	2
15	41	2
16	41	2
17	41	1
18	41	1
19	41	1
20	41	0
21	41	1
22	41	1
23	41	1
0	42	5
1	42	2
2	42	4
3	42	4
4	42	4
5	42	2
6	42	0
7	42	4
8	42	5
9	42	1
10	42	7
11	42	3
12	42	4
13	42	2
14	42	3
15	42	3
16	42	2
17	42	0
18	42	0
19	42	0
20	42	0
21	42	0
22	42	1
23	42	2
0	43	3
1	43	4
2	43	4
3	43	3
4	43	4
5	43	3
6	43	3
7	43	6
8	43	3
9	43	3
10	43	2
11	43	5
12	43	3
13	43	1
14	43	0
15	43	0
16	43	1
17	43	0
18	43	0
19	43	0
20	43	0
21	43	0
22	43	2
23	43	2
0	44	3
1	44	3
2	44	4
3	44	1
4	44	1
5	44	1
6	44	1
7	44	3
8	44	3
9	44	3
10	44	3
11	44	2
12	44	4
13	44	3
14	44	0
15	44	0
16	44	1
17	44	0
18	44	0
19	44	0
20	44	0
21	44	0
22	44	1
23	44	0
0	45	3
1	45	2
2	45	3
3	45	3
4	45	4
5	45	3
6	45	3
7	45	3
8	45	2
9	45	3
10	45	1
11	45	2
12	45	2
13	45	1
14	45	2
15	45	2
16	45	2
17	45	0
18	45	1
19	45	1
20	45	1
21	45	0
22	45	1
23	45	2
0	46	1
1	46	2
2	46	1
3	46	2
4	46	2
5	46	3
6	46	2
7	46	2
8	46	2
9	46	2
10	46	2
11	46	2
12	46	3
13	46	3
14	46	3
15	46	2
16	46	2
17	46	1
18	46	1
19	46	0
20	46	1
21	46	1
22	46	1
23	46	1
0	47	5
1	47	3
2	47	2
3	47	2
4	47	5
5	47	2
6	47	5
7	47	2
8	47	3
9	47	0
10	47	0
11	47	3
12	47	5
13	47	3
14	47	0
15	47	0
16	47	2
17	47	0
18	47	0
19	47	0
20	47	0
21	47	0
22	47	0
23	47	5
0	48	2
1	48	3
2	48	3
3	48	3
4	48	4
5	48	4
6	48	3
7	48	3
8	48	3
9	48	3
10	48	3
11	48	4
12	48	3
13	48	3
14	48	3
15	48	3
16	48	2
17	48	1
18	48	1
19	48	1
20	48	1
21	48	1
22	48	1
23	48	2
0	49	0
1	49	0
2	49	0
3	49	0
4	49	0
5	49	0
6	49	0
7	49	0
8	49	137
9	49	0
10	49	0
11	49	0
12	49	0
13	49	0
14	49	0
15	49	0
16	49	0
17	49	0
18	49	0
19	49	0
20	49	0
21	49	0
22	49	0
23	49	0
0	50	0
1	50	0
2	50	0
3	50	3
4	50	0
5	50	10
6	50	3
7	50	8
8	50	8
9	50	3
10	50	8
11	50	5
12	50	8
13	50	0
14	50	10
15	50	13
16	50	8
17	50	0
18	50	3
19	50	3
20	50	0
21	50	3
22	50	3
23	50	0
0	51	1
1	51	3
2	51	3
3	51	5
4	51	3
5	51	3
6	51	3
7	51	4
8	51	3
9	51	5
10	51	3
11	51	3
12	51	4
13	51	2
14	51	3
15	51	1
16	51	1
17	51	1
18	51	1
19	51	1
20	51	0
21	51	0
22	51	1
23	51	1
0	52	3
1	52	3
2	52	3
3	52	3
4	52	4
5	52	4
6	52	3
7	52	3
8	52	3
9	52	3
10	52	3
11	52	3
12	52	4
13	52	4
14	52	3
15	52	3
16	52	2
17	52	1
18	52	1
19	52	1
20	52	1
21	52	1
22	52	1
23	52	2
0	53	1
1	53	3
2	53	3
3	53	2
4	53	4
5	53	2
6	53	2
7	53	3
8	53	2
9	53	2
10	53	2
11	53	2
12	53	1
13	53	2
14	53	2
15	53	2
16	53	1
17	53	2
18	53	0
19	53	0
20	53	1
21	53	1
22	53	0
23	53	2
0	54	2
1	54	2
2	54	1
3	54	1
4	54	2
5	54	2
6	54	3
7	54	1
8	54	2
9	54	2
10	54	2
11	54	3
12	54	4
13	54	4
14	54	2
15	54	3
16	54	2
17	54	1
18	54	1
19	54	0
20	54	1
21	54	0
22	54	2
23	54	2
0	55	2
1	55	2
2	55	3
3	55	2
4	55	2
5	55	3
6	55	2
7	55	1
8	55	1
9	55	1
10	55	2
11	55	2
12	55	2
13	55	3
14	55	2
15	55	2
16	55	2
17	55	1
18	55	0
19	55	1
20	55	1
21	55	1
22	55	1
23	55	1
0	56	2
1	56	2
2	56	2
3	56	2
4	56	3
5	56	4
6	56	3
7	56	2
8	56	2
9	56	2
10	56	2
11	56	3
12	56	3
13	56	3
14	56	3
15	56	3
16	56	2
17	56	1
18	56	1
19	56	1
20	56	1
21	56	1
22	56	1
23	56	2
0	57	2
1	57	1
2	57	2
3	57	2
4	57	2
5	57	3
6	57	3
7	57	1
8	57	1
9	57	1
10	57	1
11	57	1
12	57	3
13	57	3
14	57	3
15	57	2
16	57	1
17	57	1
18	57	1
19	57	2
20	57	1
21	57	1
22	57	1
23	57	1
0	58	3
1	58	4
2	58	4
3	58	3
4	58	3
5	58	5
6	58	3
7	58	3
8	58	3
9	58	2
10	58	2
11	58	2
12	58	3
13	58	4
14	58	3
15	58	3
16	58	1
17	58	1
18	58	1
19	58	1
20	58	1
21	58	1
22	58	1
23	58	2
0	59	0
1	59	0
2	59	9
3	59	9
4	59	0
5	59	18
6	59	0
7	59	9
8	59	0
9	59	0
10	59	0
11	59	0
12	59	9
13	59	0
14	59	0
15	59	9
16	59	0
17	59	9
18	59	0
19	59	0
20	59	0
21	59	0
22	59	0
23	59	0
0	60	3
1	60	3
2	60	2
3	60	2
4	60	3
5	60	3
6	60	2
7	60	3
8	60	2
9	60	1
10	60	2
11	60	1
12	60	1
13	60	2
14	60	2
15	60	2
16	60	2
17	60	2
18	60	1
19	60	0
20	60	0
21	60	1
22	60	1
23	60	2
0	61	2
1	61	3
2	61	3
3	61	3
4	61	4
5	61	4
6	61	3
7	61	3
8	61	3
9	61	3
10	61	3
11	61	3
12	61	4
13	61	3
14	61	3
15	61	3
16	61	2
17	61	1
18	61	1
19	61	1
20	61	1
21	61	1
22	61	1
23	61	2
0	62	1
1	62	1
2	62	1
3	62	1
4	62	2
5	62	2
6	62	1
7	62	2
8	62	1
9	62	2
10	62	1
11	62	2
12	62	2
13	62	1
14	62	2
15	62	2
16	62	1
17	62	1
18	62	1
19	62	1
20	62	3
21	62	1
22	62	1
23	62	1
0	63	2
1	63	2
2	63	3
3	63	3
4	63	3
5	63	5
6	63	3
7	63	4
8	63	1
9	63	2
10	63	2
11	63	2
12	63	2
13	63	3
14	63	4
15	63	2
16	63	2
17	63	1
18	63	1
19	63	1
20	63	0
21	63	1
22	63	1
23	63	2
0	64	0
1	64	27
2	64	39
3	64	27
4	64	14
5	64	0
6	64	27
7	64	39
8	64	14
9	64	14
10	64	27
11	64	39
12	64	39
13	64	14
14	64	27
15	64	0
16	64	39
17	64	51
18	64	27
19	64	14
20	64	39
21	64	27
22	64	0
23	64	14
0	65	0
1	65	0
2	65	16
3	65	0
4	65	0
5	65	0
6	65	0
7	65	0
8	65	0
9	65	0
10	65	0
11	65	0
12	65	0
13	65	0
14	65	0
15	65	0
16	65	0
17	65	0
18	65	0
19	65	0
20	65	0
21	65	0
22	65	0
23	65	0
0	66	0
1	66	2
2	66	2
3	66	1
4	66	4
5	66	3
6	66	2
7	66	1
8	66	1
9	66	2
10	66	1
11	66	3
12	66	0
13	66	3
14	66	1
15	66	1
16	66	2
17	66	3
18	66	1
19	66	0
20	66	0
21	66	0
22	66	3
23	66	3
0	67	0
1	67	0
2	67	0
3	67	0
4	67	3
5	67	0
6	67	0
7	67	0
8	67	0
9	67	0
10	67	0
11	67	0
12	67	6
13	67	3
14	67	9
15	67	6
16	67	0
17	67	0
18	67	0
19	67	0
20	67	0
21	67	0
22	67	0
23	67	3
0	68	3
1	68	2
2	68	2
3	68	2
4	68	2
5	68	2
6	68	2
7	68	1
8	68	3
9	68	2
10	68	3
11	68	2
12	68	3
13	68	2
14	68	3
15	68	2
16	68	2
17	68	1
18	68	1
19	68	1
20	68	1
21	68	0
22	68	1
23	68	2
0	69	0
1	69	13
2	69	0
3	69	7
4	69	0
5	69	0
6	69	0
7	69	0
8	69	0
9	69	0
10	69	0
11	69	4
12	69	10
13	69	16
14	69	4
15	69	0
16	69	0
17	69	0
18	69	0
19	69	0
20	69	0
21	69	0
22	69	0
23	69	0
0	70	3
1	70	2
2	70	3
3	70	2
4	70	3
5	70	2
6	70	3
7	70	2
8	70	4
9	70	3
10	70	2
11	70	1
12	70	2
13	70	1
14	70	1
15	70	2
16	70	1
17	70	1
18	70	0
19	70	1
20	70	1
21	70	1
22	70	1
23	70	1
0	71	1
1	71	1
2	71	4
3	71	0
4	71	0
5	71	1
6	71	1
7	71	2
8	71	2
9	71	0
10	71	1
11	71	3
12	71	1
13	71	1
14	71	2
15	71	1
16	71	2
17	71	1
18	71	0
19	71	0
20	71	0
21	71	0
22	71	0
23	71	0
0	72	0
1	72	0
2	72	0
3	72	0
4	72	19
5	72	0
6	72	0
7	72	52
8	72	0
9	72	19
10	72	0
11	72	0
12	72	0
13	72	0
14	72	0
15	72	0
16	72	0
17	72	0
18	72	0
19	72	0
20	72	0
21	72	0
22	72	0
23	72	0
0	73	2
1	73	3
2	73	4
3	73	4
4	73	3
5	73	5
6	73	4
7	73	4
8	73	3
9	73	4
10	73	4
11	73	4
12	73	5
13	73	5
14	73	4
15	73	3
16	73	3
17	73	2
18	73	1
19	73	1
20	73	1
21	73	1
22	73	1
23	73	2
0	74	2
1	74	2
2	74	0
3	74	2
4	74	5
5	74	4
6	74	2
7	74	0
8	74	4
9	74	0
10	74	2
11	74	0
12	74	4
13	74	5
14	74	0
15	74	0
16	74	0
17	74	0
18	74	0
19	74	0
20	74	0
21	74	4
22	74	0
23	74	0
0	75	1
1	75	3
2	75	3
3	75	3
4	75	2
5	75	2
6	75	2
7	75	2
8	75	2
9	75	2
10	75	3
11	75	2
12	75	1
13	75	2
14	75	3
15	75	3
16	75	1
17	75	0
18	75	0
19	75	1
20	75	1
21	75	1
22	75	1
23	75	1
0	76	1
1	76	2
2	76	3
3	76	2
4	76	3
5	76	3
6	76	2
7	76	3
8	76	3
9	76	1
10	76	3
11	76	2
12	76	2
13	76	3
14	76	3
15	76	2
16	76	2
17	76	1
18	76	1
19	76	0
20	76	1
21	76	1
22	76	1
23	76	2
0	77	3
1	77	4
2	77	1
3	77	4
4	77	1
5	77	1
6	77	3
7	77	2
8	77	2
9	77	6
10	77	3
11	77	1
12	77	5
13	77	2
14	77	0
15	77	0
16	77	1
17	77	0
18	77	0
19	77	1
20	77	0
21	77	4
22	77	1
23	77	2
0	78	0
1	78	2
2	78	1
3	78	3
4	78	1
5	78	3
6	78	2
7	78	1
8	78	3
9	78	4
10	78	5
11	78	0
12	78	0
13	78	0
14	78	0
15	78	1
16	78	2
17	78	0
18	78	0
19	78	0
20	78	0
21	78	0
22	78	0
23	78	0
0	79	2
1	79	6
2	79	6
3	79	5
4	79	4
5	79	4
6	79	5
7	79	6
8	79	4
9	79	3
10	79	3
11	79	1
12	79	3
13	79	3
14	79	2
15	79	1
16	79	0
17	79	1
18	79	0
19	79	1
20	79	0
21	79	0
22	79	0
23	79	1
0	80	0
1	80	0
2	80	0
3	80	215
4	80	0
5	80	0
6	80	0
7	80	0
8	80	0
9	80	0
10	80	0
11	80	0
12	80	0
13	80	0
14	80	0
15	80	0
16	80	0
17	80	0
18	80	0
19	80	0
20	80	0
21	80	0
22	80	0
23	80	0
0	81	6
1	81	4
2	81	4
3	81	4
4	81	8
5	81	6
6	81	2
7	81	4
8	81	1
9	81	5
10	81	5
11	81	6
12	81	3
13	81	4
14	81	4
15	81	3
16	81	2
17	81	1
18	81	0
19	81	0
20	81	1
21	81	0
22	81	1
23	81	6
0	82	2
1	82	2
2	82	1
3	82	2
4	82	3
5	82	3
6	82	2
7	82	2
8	82	2
9	82	2
10	82	2
11	82	2
12	82	3
13	82	4
14	82	3
15	82	2
16	82	2
17	82	1
18	82	1
19	82	1
20	82	1
21	82	1
22	82	1
23	82	1
0	83	0
1	83	0
2	83	0
3	83	0
4	83	0
5	83	0
6	83	0
7	83	0
8	83	0
9	83	0
10	83	0
11	83	0
12	83	0
13	83	0
14	83	0
15	83	0
16	83	0
17	83	0
18	83	0
19	83	0
20	83	0
21	83	0
22	83	0
23	83	0
0	84	4
1	84	3
2	84	4
3	84	6
4	84	4
5	84	3
6	84	4
7	84	4
8	84	3
9	84	3
10	84	2
11	84	3
12	84	3
13	84	4
14	84	3
15	84	1
16	84	1
17	84	2
18	84	0
19	84	0
20	84	1
21	84	1
22	84	1
23	84	2
0	85	2
1	85	2
2	85	1
3	85	2
4	85	3
5	85	4
6	85	2
7	85	2
8	85	2
9	85	1
10	85	2
11	85	2
12	85	3
13	85	3
14	85	3
15	85	2
16	85	1
17	85	1
18	85	1
19	85	1
20	85	1
21	85	1
22	85	1
23	85	2
0	86	0
1	86	0
2	86	0
3	86	0
4	86	0
5	86	0
6	86	0
7	86	0
8	86	0
9	86	0
10	86	0
11	86	0
12	86	0
13	86	0
14	86	0
15	86	0
16	86	0
17	86	0
18	86	0
19	86	0
20	86	0
21	86	0
22	86	0
23	86	0
0	87	3
1	87	3
2	87	0
3	87	0
4	87	3
5	87	3
6	87	0
7	87	5
8	87	0
9	87	0
10	87	3
11	87	7
12	87	13
13	87	5
14	87	9
15	87	0
16	87	0
17	87	0
18	87	0
19	87	0
20	87	0
21	87	5
22	87	0
23	87	0
0	88	2
1	88	2
2	88	2
3	88	2
4	88	2
5	88	5
6	88	3
7	88	3
8	88	2
9	88	2
10	88	2
11	88	2
12	88	2
13	88	2
14	88	2
15	88	2
16	88	2
17	88	1
18	88	1
19	88	1
20	88	1
21	88	1
22	88	1
23	88	2
0	89	1
1	89	7
2	89	6
3	89	2
4	89	2
5	89	3
6	89	4
7	89	3
8	89	1
9	89	6
10	89	1
11	89	9
12	89	6
13	89	4
14	89	2
15	89	1
16	89	0
17	89	1
18	89	3
19	89	0
20	89	0
21	89	0
22	89	0
23	89	1
0	90	3
1	90	4
2	90	0
3	90	0
4	90	5
5	90	3
6	90	6
7	90	12
8	90	0
9	90	4
10	90	0
11	90	2
12	90	0
13	90	4
14	90	3
15	90	0
16	90	0
17	90	0
18	90	0
19	90	0
20	90	0
21	90	0
22	90	0
23	90	0
0	91	2
1	91	2
2	91	2
3	91	3
4	91	3
5	91	3
6	91	2
7	91	2
8	91	2
9	91	3
10	91	3
11	91	3
12	91	4
13	91	4
14	91	3
15	91	2
16	91	2
17	91	1
18	91	1
19	91	1
20	91	1
21	91	1
22	91	1
23	91	1
0	92	0
1	92	0
2	92	6
3	92	0
4	92	6
5	92	6
6	92	6
7	92	20
8	92	0
9	92	6
10	92	0
11	92	6
12	92	0
13	92	0
14	92	0
15	92	0
16	92	0
17	92	0
18	92	0
19	92	0
20	92	0
21	92	0
22	92	0
23	92	0
