Counts for Lenovo(7) in Vietnam(50):
Hour	Location Index	Count
0	0	1
1	0	2
2	0	2
3	0	1
4	0	1
5	0	1
6	0	2
7	0	1
8	0	2
9	0	2
10	0	1
11	0	1
12	0	2
13	0	1
14	0	2
15	0	1
16	0	2
17	0	1
18	0	0
19	0	0
20	0	0
21	0	1
22	0	1
23	0	1
0	1	2
1	1	2
2	1	2
3	1	2
4	1	2
5	1	3
6	1	2
7	1	2
8	1	2
9	1	2
10	1	2
11	1	2
12	1	2
13	1	2
14	1	2
15	1	2
16	1	1
17	1	1
18	1	1
19	1	1
20	1	1
21	1	1
22	1	1
23	1	1
0	2	1
1	2	1
2	2	1
3	2	2
4	2	2
5	2	2
6	2	1
7	2	2
8	2	1
9	2	2
10	2	1
11	2	2
12	2	1
13	2	1
14	2	2
15	2	2
16	2	1
17	2	1
18	2	1
19	2	1
20	2	1
21	2	0
22	2	1
23	2	1
0	3	2
1	3	1
2	3	1
3	3	4
4	3	3
5	3	5
6	3	4
7	3	2
8	3	2
9	3	2
10	3	3
11	3	3
12	3	4
13	3	4
14	3	4
15	3	3
16	3	2
17	3	1
18	3	1
19	3	1
20	3	1
21	3	1
22	3	1
23	3	2
0	4	1
1	4	1
2	4	1
3	4	1
4	4	1
5	4	2
6	4	1
7	4	2
8	4	2
9	4	2
10	4	2
11	4	1
12	4	1
13	4	3
14	4	2
15	4	1
16	4	2
17	4	1
18	4	0
19	4	1
20	4	1
21	4	1
22	4	1
23	4	1
0	5	2
1	5	0
2	5	3
3	5	0
4	5	3
5	5	3
6	5	0
7	5	2
8	5	0
9	5	2
10	5	2
11	5	0
12	5	0
13	5	2
14	5	3
15	5	0
16	5	0
17	5	0
18	5	0
19	5	0
20	5	0
21	5	0
22	5	0
23	5	3
0	6	1
1	6	2
2	6	2
3	6	2
4	6	2
5	6	3
6	6	3
7	6	4
8	6	3
9	6	2
10	6	1
11	6	2
12	6	3
13	6	1
14	6	1
15	6	1
16	6	1
17	6	1
18	6	1
19	6	0
20	6	0
21	6	0
22	6	1
23	6	1
0	7	0
1	7	2
2	7	0
3	7	6
4	7	0
5	7	4
6	7	4
7	7	4
8	7	2
9	7	0
10	7	0
11	7	0
12	7	2
13	7	2
14	7	2
15	7	2
16	7	4
17	7	0
18	7	0
19	7	0
20	7	2
21	7	0
22	7	2
23	7	0
0	8	0
1	8	3
2	8	3
3	8	1
4	8	4
5	8	4
6	8	2
7	8	0
8	8	3
9	8	3
10	8	2
11	8	1
12	8	3
13	8	2
14	8	2
15	8	0
16	8	2
17	8	0
18	8	0
19	8	0
20	8	0
21	8	0
22	8	1
23	8	2
0	9	0
1	9	0
2	9	0
3	9	0
4	9	0
5	9	0
6	9	0
7	9	0
8	9	0
9	9	0
10	9	0
11	9	0
12	9	0
13	9	0
14	9	0
15	9	0
16	9	0
17	9	0
18	9	0
19	9	0
20	9	0
21	9	0
22	9	0
23	9	0
0	10	1
1	10	1
2	10	1
3	10	1
4	10	2
5	10	2
6	10	2
7	10	1
8	10	1
9	10	2
10	10	2
11	10	2
12	10	2
13	10	2
14	10	2
15	10	1
16	10	1
17	10	1
18	10	1
19	10	1
20	10	1
21	10	1
22	10	1
23	10	1
0	11	2
1	11	1
2	11	1
3	11	3
4	11	2
5	11	2
6	11	4
7	11	3
8	11	2
9	11	1
10	11	2
11	11	2
12	11	2
13	11	2
14	11	2
15	11	3
16	11	1
17	11	1
18	11	0
19	11	0
20	11	0
21	11	0
22	11	1
23	11	2
0	12	2
1	12	0
2	12	0
3	12	0
4	12	3
5	12	3
6	12	3
7	12	6
8	12	3
9	12	1
10	12	0
11	12	0
12	12	1
13	12	1
14	12	0
15	12	3
16	12	0
17	12	0
18	12	0
19	12	0
20	12	0
21	12	0
22	12	0
23	12	0
0	13	1
1	13	1
2	13	2
3	13	1
4	13	2
5	13	2
6	13	1
7	13	1
8	13	2
9	13	1
10	13	1
11	13	1
12	13	1
13	13	1
14	13	2
15	13	1
16	13	1
17	13	1
18	13	1
19	13	1
20	13	1
21	13	1
22	13	1
23	13	1
0	14	0
1	14	0
2	14	0
3	14	0
4	14	0
5	14	0
6	14	0
7	14	0
8	14	0
9	14	0
10	14	0
11	14	0
12	14	0
13	14	0
14	14	0
15	14	0
16	14	0
17	14	0
18	14	0
19	14	0
20	14	0
21	14	0
22	14	0
23	14	0
0	15	1
1	15	1
2	15	1
3	15	1
4	15	2
5	15	2
6	15	1
7	15	1
8	15	1
9	15	1
10	15	1
11	15	1
12	15	2
13	15	1
14	15	1
15	15	2
16	15	1
17	15	1
18	15	1
19	15	1
20	15	0
21	15	0
22	15	1
23	15	1
0	16	2
1	16	2
2	16	2
3	16	2
4	16	2
5	16	2
6	16	2
7	16	2
8	16	2
9	16	2
10	16	2
11	16	2
12	16	2
13	16	2
14	16	2
15	16	2
16	16	1
17	16	1
18	16	1
19	16	1
20	16	1
21	16	1
22	16	1
23	16	1
0	17	0
1	17	0
2	17	0
3	17	0
4	17	0
5	17	0
6	17	0
7	17	0
8	17	0
9	17	0
10	17	0
11	17	0
12	17	0
13	17	0
14	17	0
15	17	0
16	17	0
17	17	0
18	17	0
19	17	0
20	17	0
21	17	0
22	17	0
23	17	0
0	18	0
1	18	0
2	18	0
3	18	0
4	18	0
5	18	0
6	18	0
7	18	0
8	18	0
9	18	0
10	18	3
11	18	3
12	18	0
13	18	3
14	18	0
15	18	0
16	18	0
17	18	3
18	18	0
19	18	0
20	18	0
21	18	0
22	18	0
23	18	3
0	19	3
1	19	1
2	19	1
3	19	1
4	19	1
5	19	3
6	19	2
7	19	1
8	19	2
9	19	0
10	19	2
11	19	1
12	19	2
13	19	2
14	19	1
15	19	2
16	19	2
17	19	1
18	19	1
19	19	0
20	19	0
21	19	1
22	19	0
23	19	2
0	20	14
1	20	0
2	20	0
3	20	14
4	20	0
5	20	0
6	20	14
7	20	0
8	20	0
9	20	0
10	20	0
11	20	26
12	20	0
13	20	0
14	20	0
15	20	38
16	20	0
17	20	0
18	20	0
19	20	0
20	20	0
21	20	0
22	20	0
23	20	0
0	21	0
1	21	0
2	21	7
3	21	4
4	21	7
5	21	0
6	21	0
7	21	0
8	21	0
9	21	7
10	21	0
11	21	10
12	21	7
13	21	0
14	21	0
15	21	0
16	21	0
17	21	0
18	21	0
19	21	0
20	21	0
21	21	0
22	21	0
23	21	4
0	22	0
1	22	3
2	22	0
3	22	1
4	22	0
5	22	1
6	22	2
7	22	1
8	22	2
9	22	0
10	22	0
11	22	1
12	22	0
13	22	2
14	22	0
15	22	0
16	22	2
17	22	2
18	22	1
19	22	0
20	22	0
21	22	0
22	22	1
23	22	0
0	23	0
1	23	0
2	23	0
3	23	4
4	23	10
5	23	0
6	23	0
7	23	0
8	23	0
9	23	0
10	23	0
11	23	0
12	23	0
13	23	0
14	23	0
15	23	0
16	23	0
17	23	0
18	23	0
19	23	0
20	23	0
21	23	0
22	23	0
23	23	0
0	24	2
1	24	1
2	24	1
3	24	2
4	24	2
5	24	2
6	24	2
7	24	2
8	24	2
9	24	2
10	24	1
11	24	2
12	24	3
13	24	2
14	24	2
15	24	2
16	24	1
17	24	1
18	24	1
19	24	1
20	24	1
21	24	1
22	24	1
23	24	1
0	25	0
1	25	0
2	25	0
3	25	0
4	25	0
5	25	0
6	25	0
7	25	0
8	25	0
9	25	0
10	25	0
11	25	0
12	25	0
13	25	0
14	25	0
15	25	0
16	25	0
17	25	0
18	25	0
19	25	0
20	25	0
21	25	0
22	25	0
23	25	0
0	26	0
1	26	0
2	26	0
3	26	0
4	26	0
5	26	0
6	26	0
7	26	0
8	26	0
9	26	0
10	26	0
11	26	0
12	26	0
13	26	0
14	26	0
15	26	0
16	26	0
17	26	0
18	26	0
19	26	0
20	26	0
21	26	0
22	26	0
23	26	0
0	27	5
1	27	8
2	27	2
3	27	8
4	27	0
5	27	4
6	27	3
7	27	1
8	27	3
9	27	2
10	27	1
11	27	3
12	27	4
13	27	1
14	27	2
15	27	1
16	27	0
17	27	0
18	27	0
19	27	0
20	27	0
21	27	0
22	27	0
23	27	1
0	28	2
1	28	2
2	28	2
3	28	2
4	28	2
5	28	2
6	28	2
7	28	2
8	28	2
9	28	2
10	28	1
11	28	1
12	28	2
13	28	2
14	28	2
15	28	1
16	28	1
17	28	1
18	28	1
19	28	1
20	28	1
21	28	1
22	28	1
23	28	1
0	29	0
1	29	0
2	29	0
3	29	0
4	29	0
5	29	0
6	29	0
7	29	0
8	29	0
9	29	0
10	29	0
11	29	0
12	29	0
13	29	0
14	29	0
15	29	0
16	29	0
17	29	0
18	29	0
19	29	0
20	29	0
21	29	0
22	29	0
23	29	0
0	30	0
1	30	0
2	30	0
3	30	0
4	30	0
5	30	0
6	30	0
7	30	0
8	30	0
9	30	0
10	30	0
11	30	0
12	30	0
13	30	0
14	30	0
15	30	0
16	30	0
17	30	0
18	30	0
19	30	0
20	30	0
21	30	0
22	30	0
23	30	0
0	31	1
1	31	2
2	31	2
3	31	2
4	31	3
5	31	2
6	31	2
7	31	2
8	31	1
9	31	1
10	31	1
11	31	1
12	31	2
13	31	3
14	31	2
15	31	2
16	31	1
17	31	1
18	31	1
19	31	0
20	31	1
21	31	0
22	31	1
23	31	1
0	32	0
1	32	0
2	32	0
3	32	0
4	32	0
5	32	13
6	32	13
7	32	0
8	32	0
9	32	0
10	32	0
11	32	0
12	32	13
13	32	0
14	32	0
15	32	0
16	32	0
17	32	0
18	32	0
19	32	0
20	32	0
21	32	0
22	32	0
23	32	0
0	33	0
1	33	2
2	33	1
3	33	2
4	33	3
5	33	3
6	33	0
7	33	0
8	33	4
9	33	0
10	33	2
11	33	1
12	33	2
13	33	0
14	33	1
15	33	5
16	33	1
17	33	2
18	33	0
19	33	0
20	33	0
21	33	0
22	33	0
23	33	0
0	34	2
1	34	2
2	34	2
3	34	2
4	34	2
5	34	3
6	34	2
7	34	2
8	34	2
9	34	2
10	34	2
11	34	2
12	34	3
13	34	3
14	34	2
15	34	2
16	34	1
17	34	1
18	34	1
19	34	1
20	34	1
21	34	1
22	34	1
23	34	1
0	35	2
1	35	3
2	35	2
3	35	2
4	35	4
5	35	1
6	35	3
7	35	0
8	35	1
9	35	1
10	35	1
11	35	1
12	35	0
13	35	1
14	35	1
15	35	2
16	35	0
17	35	1
18	35	1
19	35	0
20	35	0
21	35	0
22	35	0
23	35	1
0	36	0
1	36	36
2	36	0
3	36	0
4	36	0
5	36	0
6	36	0
7	36	0
8	36	0
9	36	0
10	36	25
11	36	0
12	36	0
13	36	0
14	36	0
15	36	0
16	36	0
17	36	0
18	36	0
19	36	0
20	36	0
21	36	0
22	36	0
23	36	0
0	37	0
1	37	1
2	37	5
3	37	3
4	37	1
5	37	2
6	37	2
7	37	2
8	37	2
9	37	2
10	37	1
11	37	2
12	37	1
13	37	1
14	37	3
15	37	3
16	37	2
17	37	0
18	37	0
19	37	0
20	37	0
21	37	0
22	37	1
23	37	0
0	38	1
1	38	1
2	38	1
3	38	1
4	38	1
5	38	1
6	38	1
7	38	1
8	38	1
9	38	1
10	38	1
11	38	2
12	38	1
13	38	2
14	38	2
15	38	1
16	38	1
17	38	1
18	38	0
19	38	0
20	38	0
21	38	1
22	38	0
23	38	0
0	39	1
1	39	1
2	39	1
3	39	1
4	39	2
5	39	2
6	39	1
7	39	1
8	39	1
9	39	1
10	39	2
11	39	2
12	39	2
13	39	2
14	39	2
15	39	2
16	39	1
17	39	1
18	39	1
19	39	1
20	39	1
21	39	1
22	39	1
23	39	1
0	40	0
1	40	0
2	40	3
3	40	0
4	40	0
5	40	3
6	40	0
7	40	0
8	40	0
9	40	0
10	40	0
11	40	0
12	40	3
13	40	9
14	40	0
15	40	0
16	40	0
17	40	0
18	40	0
19	40	0
20	40	0
21	40	0
22	40	0
23	40	0
0	41	1
1	41	1
2	41	1
3	41	1
4	41	1
5	41	2
6	41	2
7	41	1
8	41	2
9	41	1
10	41	1
11	41	1
12	41	1
13	41	2
14	41	2
15	41	3
16	41	1
17	41	2
18	41	1
19	41	0
20	41	0
21	41	0
22	41	1
23	41	1
0	42	3
1	42	0
2	42	3
3	42	3
4	42	1
5	42	1
6	42	3
7	42	1
8	42	0
9	42	1
10	42	0
11	42	1
12	42	1
13	42	3
14	42	3
15	42	0
16	42	0
17	42	1
18	42	0
19	42	0
20	42	0
21	42	0
22	42	0
23	42	1
0	43	1
1	43	2
2	43	1
3	43	1
4	43	2
5	43	1
6	43	0
7	43	0
8	43	1
9	43	1
10	43	0
11	43	3
12	43	2
13	43	2
14	43	0
15	43	1
16	43	0
17	43	0
18	43	0
19	43	0
20	43	0
21	43	1
22	43	0
23	43	2
0	44	1
1	44	0
2	44	3
3	44	3
4	44	4
5	44	1
6	44	1
7	44	3
8	44	3
9	44	2
10	44	2
11	44	2
12	44	4
13	44	2
14	44	8
15	44	2
16	44	0
17	44	0
18	44	0
19	44	0
20	44	0
21	44	0
22	44	0
23	44	0
0	45	3
1	45	5
2	45	4
3	45	4
4	45	3
5	45	4
6	45	2
7	45	4
8	45	4
9	45	3
10	45	3
11	45	4
12	45	5
13	45	5
14	45	3
15	45	3
16	45	2
17	45	1
18	45	0
19	45	0
20	45	1
21	45	0
22	45	0
23	45	2
0	46	1
1	46	2
2	46	2
3	46	1
4	46	4
5	46	3
6	46	3
7	46	1
8	46	2
9	46	2
10	46	1
11	46	2
12	46	2
13	46	2
14	46	3
15	46	3
16	46	2
17	46	1
18	46	1
19	46	1
20	46	1
21	46	1
22	46	1
23	46	1
0	47	0
1	47	0
2	47	2
3	47	0
4	47	3
5	47	0
6	47	3
7	47	0
8	47	0
9	47	0
10	47	0
11	47	2
12	47	2
13	47	2
14	47	0
15	47	0
16	47	0
17	47	0
18	47	0
19	47	0
20	47	0
21	47	0
22	47	0
23	47	0
0	48	2
1	48	2
2	48	2
3	48	2
4	48	2
5	48	3
6	48	2
7	48	2
8	48	2
9	48	2
10	48	2
11	48	2
12	48	2
13	48	2
14	48	2
15	48	2
16	48	1
17	48	1
18	48	1
19	48	1
20	48	1
21	48	1
22	48	1
23	48	1
0	49	0
1	49	0
2	49	0
3	49	0
4	49	0
5	49	0
6	49	0
7	49	0
8	49	0
9	49	0
10	49	0
11	49	0
12	49	0
13	49	0
14	49	0
15	49	0
16	49	0
17	49	0
18	49	0
19	49	0
20	49	0
21	49	0
22	49	0
23	49	0
0	50	0
1	50	0
2	50	3
3	50	0
4	50	0
5	50	0
6	50	0
7	50	3
8	50	5
9	50	0
10	50	0
11	50	0
12	50	0
13	50	0
14	50	0
15	50	0
16	50	0
17	50	0
18	50	0
19	50	0
20	50	0
21	50	0
22	50	0
23	50	0
0	51	1
1	51	2
2	51	3
3	51	4
4	51	3
5	51	5
6	51	3
7	51	2
8	51	2
9	51	3
10	51	2
11	51	3
12	51	4
13	51	3
14	51	1
15	51	2
16	51	1
17	51	1
18	51	1
19	51	0
20	51	0
21	51	1
22	51	1
23	51	0
0	52	2
1	52	2
2	52	2
3	52	2
4	52	2
5	52	3
6	52	2
7	52	2
8	52	2
9	52	2
10	52	2
11	52	2
12	52	2
13	52	2
14	52	2
15	52	2
16	52	1
17	52	1
18	52	1
19	52	1
20	52	1
21	52	1
22	52	1
23	52	2
0	53	2
1	53	1
2	53	2
3	53	1
4	53	2
5	53	2
6	53	3
7	53	1
8	53	2
9	53	1
10	53	1
11	53	1
12	53	1
13	53	2
14	53	1
15	53	2
16	53	2
17	53	1
18	53	0
19	53	1
20	53	1
21	53	0
22	53	1
23	53	1
0	54	2
1	54	1
2	54	1
3	54	1
4	54	1
5	54	2
6	54	2
7	54	1
8	54	2
9	54	1
10	54	3
11	54	2
12	54	3
13	54	3
14	54	2
15	54	3
16	54	2
17	54	1
18	54	0
19	54	0
20	54	1
21	54	0
22	54	1
23	54	2
0	55	1
1	55	1
2	55	2
3	55	2
4	55	2
5	55	1
6	55	2
7	55	2
8	55	2
9	55	2
10	55	2
11	55	1
12	55	2
13	55	3
14	55	2
15	55	2
16	55	2
17	55	1
18	55	1
19	55	1
20	55	1
21	55	0
22	55	2
23	55	1
0	56	2
1	56	2
2	56	2
3	56	2
4	56	2
5	56	3
6	56	2
7	56	2
8	56	2
9	56	2
10	56	2
11	56	2
12	56	3
13	56	3
14	56	3
15	56	2
16	56	1
17	56	1
18	56	1
19	56	1
20	56	1
21	56	1
22	56	1
23	56	2
0	57	1
1	57	1
2	57	1
3	57	1
4	57	2
5	57	2
6	57	2
7	57	1
8	57	1
9	57	1
10	57	1
11	57	1
12	57	1
13	57	1
14	57	3
15	57	1
16	57	1
17	57	1
18	57	1
19	57	1
20	57	1
21	57	1
22	57	1
23	57	1
0	58	2
1	58	2
2	58	1
3	58	1
4	58	2
5	58	3
6	58	1
7	58	2
8	58	2
9	58	2
10	58	2
11	58	1
12	58	2
13	58	2
14	58	1
15	58	2
16	58	1
17	58	1
18	58	1
19	58	1
20	58	1
21	58	1
22	58	1
23	58	1
0	59	0
1	59	0
2	59	0
3	59	0
4	59	0
5	59	0
6	59	0
7	59	0
8	59	0
9	59	0
10	59	0
11	59	0
12	59	9
13	59	0
14	59	0
15	59	0
16	59	0
17	59	0
18	59	0
19	59	0
20	59	0
21	59	0
22	59	0
23	59	0
0	60	2
1	60	3
2	60	2
3	60	2
4	60	4
5	60	5
6	60	2
7	60	2
8	60	2
9	60	0
10	60	1
11	60	1
12	60	0
13	60	3
14	60	3
15	60	1
16	60	1
17	60	3
18	60	1
19	60	1
20	60	0
21	60	1
22	60	1
23	60	2
0	61	2
1	61	2
2	61	2
3	61	2
4	61	2
5	61	2
6	61	2
7	61	2
8	61	2
9	61	2
10	61	2
11	61	2
12	61	2
13	61	2
14	61	2
15	61	2
16	61	1
17	61	1
18	61	1
19	61	1
20	61	1
21	61	1
22	61	1
23	61	1
0	62	1
1	62	2
2	62	2
3	62	1
4	62	1
5	62	2
6	62	2
7	62	1
8	62	1
9	62	1
10	62	2
11	62	2
12	62	2
13	62	1
14	62	1
15	62	2
16	62	1
17	62	1
18	62	1
19	62	0
20	62	0
21	62	0
22	62	0
23	62	1
0	63	2
1	63	3
2	63	2
3	63	2
4	63	3
5	63	2
6	63	3
7	63	1
8	63	3
9	63	1
10	63	2
11	63	2
12	63	4
13	63	2
14	63	5
15	63	3
16	63	2
17	63	1
18	63	1
19	63	0
20	63	0
21	63	1
22	63	0
23	63	1
0	64	0
1	64	0
2	64	0
3	64	0
4	64	0
5	64	0
6	64	0
7	64	0
8	64	0
9	64	0
10	64	0
11	64	0
12	64	0
13	64	0
14	64	0
15	64	0
16	64	0
17	64	0
18	64	0
19	64	0
20	64	0
21	64	0
22	64	0
23	64	0
0	65	0
1	65	0
2	65	0
3	65	0
4	65	0
5	65	0
6	65	0
7	65	0
8	65	0
9	65	0
10	65	0
11	65	0
12	65	0
13	65	0
14	65	0
15	65	0
16	65	0
17	65	0
18	65	0
19	65	0
20	65	0
21	65	0
22	65	0
23	65	0
0	66	2
1	66	1
2	66	0
3	66	2
4	66	1
5	66	2
6	66	2
7	66	2
8	66	2
9	66	1
10	66	2
11	66	1
12	66	0
13	66	1
14	66	0
15	66	2
16	66	1
17	66	2
18	66	1
19	66	0
20	66	0
21	66	0
22	66	0
23	66	1
0	67	0
1	67	0
2	67	9
3	67	6
4	67	3
5	67	0
6	67	12
7	67	6
8	67	0
9	67	3
10	67	3
11	67	0
12	67	3
13	67	3
14	67	0
15	67	0
16	67	0
17	67	0
18	67	0
19	67	0
20	67	0
21	67	0
22	67	0
23	67	0
0	68	1
1	68	2
2	68	1
3	68	2
4	68	2
5	68	1
6	68	2
7	68	2
8	68	3
9	68	1
10	68	2
11	68	1
12	68	2
13	68	2
14	68	2
15	68	2
16	68	2
17	68	1
18	68	1
19	68	1
20	68	1
21	68	1
22	68	1
23	68	1
0	69	0
1	69	0
2	69	0
3	69	0
4	69	0
5	69	7
6	69	0
7	69	4
8	69	0
9	69	0
10	69	0
11	69	0
12	69	0
13	69	0
14	69	7
15	69	0
16	69	0
17	69	0
18	69	0
19	69	0
20	69	0
21	69	0
22	69	0
23	69	0
0	70	2
1	70	3
2	70	3
3	70	2
4	70	1
5	70	0
6	70	1
7	70	3
8	70	2
9	70	2
10	70	1
11	70	3
12	70	1
13	70	2
14	70	1
15	70	1
16	70	2
17	70	1
18	70	0
19	70	1
20	70	0
21	70	1
22	70	0
23	70	1
0	71	1
1	71	1
2	71	1
3	71	2
4	71	2
5	71	1
6	71	1
7	71	2
8	71	2
9	71	0
10	71	1
11	71	0
12	71	1
13	71	0
14	71	2
15	71	1
16	71	1
17	71	0
18	71	1
19	71	0
20	71	0
21	71	0
22	71	0
23	71	1
0	72	0
1	72	0
2	72	0
3	72	0
4	72	0
5	72	0
6	72	0
7	72	0
8	72	0
9	72	0
10	72	0
11	72	0
12	72	0
13	72	0
14	72	0
15	72	0
16	72	0
17	72	0
18	72	0
19	72	0
20	72	0
21	72	0
22	72	0
23	72	0
0	73	2
1	73	1
2	73	2
3	73	2
4	73	1
5	73	1
6	73	2
7	73	2
8	73	2
9	73	2
10	73	2
11	73	2
12	73	2
13	73	3
14	73	3
15	73	2
16	73	1
17	73	1
18	73	0
19	73	1
20	73	1
21	73	1
22	73	1
23	73	1
0	74	2
1	74	0
2	74	2
3	74	0
4	74	0
5	74	0
6	74	0
7	74	2
8	74	0
9	74	0
10	74	0
11	74	0
12	74	0
13	74	0
14	74	4
15	74	0
16	74	2
17	74	0
18	74	0
19	74	2
20	74	0
21	74	0
22	74	0
23	74	0
0	75	1
1	75	2
2	75	3
3	75	2
4	75	2
5	75	2
6	75	2
7	75	2
8	75	2
9	75	1
10	75	1
11	75	2
12	75	1
13	75	2
14	75	2
15	75	1
16	75	1
17	75	1
18	75	1
19	75	0
20	75	1
21	75	1
22	75	1
23	75	1
0	76	1
1	76	1
2	76	2
3	76	1
4	76	1
5	76	2
6	76	2
7	76	1
8	76	1
9	76	2
10	76	2
11	76	1
12	76	1
13	76	0
14	76	1
15	76	1
16	76	1
17	76	1
18	76	0
19	76	1
20	76	0
21	76	0
22	76	0
23	76	1
0	77	7
1	77	1
2	77	3
3	77	2
4	77	1
5	77	3
6	77	1
7	77	0
8	77	1
9	77	4
10	77	3
11	77	4
12	77	1
13	77	3
14	77	1
15	77	0
16	77	1
17	77	0
18	77	0
19	77	0
20	77	0
21	77	0
22	77	0
23	77	0
0	78	0
1	78	1
2	78	1
3	78	1
4	78	0
5	78	0
6	78	0
7	78	0
8	78	1
9	78	0
10	78	0
11	78	0
12	78	0
13	78	1
14	78	2
15	78	0
16	78	0
17	78	0
18	78	0
19	78	0
20	78	0
21	78	0
22	78	0
23	78	0
0	79	1
1	79	1
2	79	2
3	79	2
4	79	2
5	79	2
6	79	3
7	79	2
8	79	1
9	79	1
10	79	1
11	79	1
12	79	1
13	79	2
14	79	0
15	79	2
16	79	0
17	79	0
18	79	0
19	79	0
20	79	0
21	79	0
22	79	0
23	79	1
0	80	0
1	80	0
2	80	0
3	80	0
4	80	0
5	80	0
6	80	0
7	80	0
8	80	0
9	80	0
10	80	0
11	80	0
12	80	0
13	80	0
14	80	0
15	80	0
16	80	0
17	80	0
18	80	0
19	80	0
20	80	0
21	80	0
22	80	0
23	80	0
0	81	2
1	81	1
2	81	2
3	81	3
4	81	3
5	81	1
6	81	2
7	81	3
8	81	2
9	81	1
10	81	3
11	81	1
12	81	1
13	81	3
14	81	1
15	81	1
16	81	0
17	81	0
18	81	0
19	81	0
20	81	0
21	81	1
22	81	2
23	81	1
0	82	2
1	82	2
2	82	2
3	82	2
4	82	3
5	82	3
6	82	2
7	82	1
8	82	2
9	82	2
10	82	2
11	82	3
12	82	2
13	82	3
14	82	3
15	82	2
16	82	2
17	82	1
18	82	1
19	82	1
20	82	1
21	82	1
22	82	1
23	82	1
0	83	0
1	83	0
2	83	0
3	83	0
4	83	0
5	83	0
6	83	0
7	83	13
8	83	0
9	83	0
10	83	0
11	83	7
12	83	0
13	83	0
14	83	0
15	83	0
16	83	0
17	83	0
18	83	0
19	83	0
20	83	0
21	83	0
22	83	0
23	83	0
0	84	1
1	84	3
2	84	3
3	84	3
4	84	3
5	84	3
6	84	2
7	84	2
8	84	2
9	84	2
10	84	1
11	84	2
12	84	3
13	84	3
14	84	1
15	84	1
16	84	1
17	84	0
18	84	0
19	84	0
20	84	0
21	84	0
22	84	1
23	84	2
0	85	2
1	85	2
2	85	2
3	85	1
4	85	3
5	85	3
6	85	3
7	85	2
8	85	1
9	85	2
10	85	1
11	85	3
12	85	3
13	85	2
14	85	3
15	85	3
16	85	2
17	85	0
18	85	1
19	85	1
20	85	0
21	85	0
22	85	1
23	85	2
0	86	0
1	86	0
2	86	0
3	86	0
4	86	0
5	86	0
6	86	0
7	86	0
8	86	0
9	86	0
10	86	0
11	86	0
12	86	0
13	86	0
14	86	0
15	86	0
16	86	0
17	86	0
18	86	0
19	86	0
20	86	0
21	86	0
22	86	0
23	86	0
0	87	0
1	87	0
2	87	0
3	87	3
4	87	5
5	87	3
6	87	3
7	87	3
8	87	16
9	87	7
10	87	11
11	87	11
12	87	5
13	87	3
14	87	0
15	87	0
16	87	3
17	87	0
18	87	0
19	87	0
20	87	0
21	87	0
22	87	3
23	87	0
0	88	2
1	88	2
2	88	2
3	88	2
4	88	1
5	88	2
6	88	1
7	88	1
8	88	1
9	88	1
10	88	1
11	88	2
12	88	2
13	88	1
14	88	2
15	88	2
16	88	1
17	88	1
18	88	1
19	88	1
20	88	1
21	88	0
22	88	1
23	88	1
0	89	2
1	89	0
2	89	2
3	89	1
4	89	1
5	89	0
6	89	2
7	89	4
8	89	0
9	89	1
10	89	0
11	89	0
12	89	1
13	89	0
14	89	0
15	89	0
16	89	0
17	89	0
18	89	0
19	89	0
20	89	1
21	89	0
22	89	0
23	89	0
0	90	2
1	90	0
2	90	5
3	90	16
4	90	3
5	90	20
6	90	0
7	90	11
8	90	4
9	90	16
10	90	5
11	90	4
12	90	9
13	90	3
14	90	0
15	90	0
16	90	2
17	90	0
18	90	2
19	90	0
20	90	0
21	90	0
22	90	0
23	90	0
0	91	1
1	91	2
2	91	2
3	91	2
4	91	2
5	91	3
6	91	2
7	91	2
8	91	2
9	91	2
10	91	2
11	91	3
12	91	3
13	91	3
14	91	3
15	91	2
16	91	1
17	91	1
18	91	1
19	91	1
20	91	1
21	91	1
22	91	1
23	91	1
0	92	0
1	92	0
2	92	0
3	92	0
4	92	0
5	92	0
6	92	0
7	92	0
8	92	0
9	92	0
10	92	0
11	92	0
12	92	0
13	92	0
14	92	0
15	92	0
16	92	0
17	92	0
18	92	0
19	92	0
20	92	0
21	92	0
22	92	0
23	92	0
