Counts for LG(8) in Vietnam(50):
Hour	Location Index	Count
0	0	5
1	0	10
2	0	4
3	0	4
4	0	7
5	0	3
6	0	2
7	0	8
8	0	3
9	0	5
10	0	4
11	0	4
12	0	5
13	0	5
14	0	4
15	0	2
16	0	1
17	0	1
18	0	1
19	0	1
20	0	1
21	0	0
22	0	1
23	0	1
0	1	3
1	1	3
2	1	3
3	1	3
4	1	3
5	1	4
6	1	4
7	1	3
8	1	3
9	1	3
10	1	3
11	1	3
12	1	3
13	1	3
14	1	3
15	1	3
16	1	2
17	1	1
18	1	1
19	1	1
20	1	1
21	1	1
22	1	1
23	1	2
0	2	3
1	2	3
2	2	2
3	2	3
4	2	2
5	2	4
6	2	3
7	2	3
8	2	2
9	2	3
10	2	3
11	2	2
12	2	2
13	2	3
14	2	2
15	2	2
16	2	2
17	2	2
18	2	1
19	2	1
20	2	1
21	2	0
22	2	1
23	2	2
0	3	2
1	3	4
2	3	6
3	3	8
4	3	7
5	3	5
6	3	8
7	3	5
8	3	5
9	3	4
10	3	3
11	3	2
12	3	5
13	3	4
14	3	3
15	3	3
16	3	2
17	3	3
18	3	2
19	3	1
20	3	0
21	3	0
22	3	2
23	3	1
0	4	2
1	4	1
2	4	3
3	4	2
4	4	2
5	4	3
6	4	2
7	4	2
8	4	1
9	4	3
10	4	4
11	4	3
12	4	3
13	4	6
14	4	4
15	4	3
16	4	2
17	4	2
18	4	2
19	4	1
20	4	1
21	4	1
22	4	1
23	4	2
0	5	2
1	5	3
2	5	3
3	5	3
4	5	2
5	5	6
6	5	2
7	5	2
8	5	3
9	5	3
10	5	6
11	5	0
12	5	3
13	5	2
14	5	3
15	5	2
16	5	3
17	5	0
18	5	0
19	5	0
20	5	0
21	5	0
22	5	2
23	5	3
0	6	4
1	6	6
2	6	4
3	6	4
4	6	3
5	6	4
6	6	4
7	6	2
8	6	2
9	6	2
10	6	4
11	6	1
12	6	4
13	6	3
14	6	1
15	6	4
16	6	3
17	6	2
18	6	3
19	6	1
20	6	1
21	6	1
22	6	1
23	6	2
0	7	4
1	7	0
2	7	0
3	7	0
4	7	2
5	7	0
6	7	0
7	7	0
8	7	0
9	7	12
10	7	4
11	7	6
12	7	0
13	7	2
14	7	0
15	7	0
16	7	0
17	7	0
18	7	0
19	7	0
20	7	0
21	7	0
22	7	0
23	7	2
0	8	3
1	8	1
2	8	4
3	8	5
4	8	5
5	8	5
6	8	3
7	8	1
8	8	2
9	8	6
10	8	3
11	8	1
12	8	3
13	8	3
14	8	3
15	8	2
16	8	1
17	8	0
18	8	0
19	8	1
20	8	0
21	8	0
22	8	1
23	8	1
0	9	0
1	9	0
2	9	36
3	9	0
4	9	0
5	9	0
6	9	0
7	9	0
8	9	0
9	9	0
10	9	0
11	9	66
12	9	0
13	9	0
14	9	0
15	9	0
16	9	0
17	9	0
18	9	0
19	9	0
20	9	0
21	9	0
22	9	0
23	9	0
0	10	2
1	10	2
2	10	2
3	10	2
4	10	2
5	10	3
6	10	2
7	10	2
8	10	2
9	10	2
10	10	2
11	10	2
12	10	3
13	10	2
14	10	2
15	10	3
16	10	2
17	10	1
18	10	1
19	10	1
20	10	1
21	10	1
22	10	1
23	10	1
0	11	2
1	11	3
2	11	2
3	11	4
4	11	3
5	11	2
6	11	2
7	11	2
8	11	2
9	11	1
10	11	2
11	11	1
12	11	3
13	11	2
14	11	3
15	11	2
16	11	1
17	11	1
18	11	1
19	11	0
20	11	0
21	11	0
22	11	1
23	11	2
0	12	1
1	12	1
2	12	3
3	12	3
4	12	1
5	12	5
6	12	4
7	12	1
8	12	7
9	12	5
10	12	0
11	12	1
12	12	2
13	12	0
14	12	0
15	12	2
16	12	1
17	12	0
18	12	0
19	12	0
20	12	0
21	12	0
22	12	0
23	12	3
0	13	3
1	13	4
2	13	2
3	13	6
4	13	4
5	13	4
6	13	3
7	13	2
8	13	2
9	13	1
10	13	3
11	13	3
12	13	3
13	13	3
14	13	3
15	13	3
16	13	2
17	13	1
18	13	0
19	13	1
20	13	1
21	13	1
22	13	1
23	13	3
0	14	0
1	14	0
2	14	0
3	14	0
4	14	0
5	14	0
6	14	0
7	14	0
8	14	0
9	14	0
10	14	0
11	14	0
12	14	0
13	14	0
14	14	0
15	14	0
16	14	0
17	14	0
18	14	0
19	14	0
20	14	0
21	14	0
22	14	0
23	14	0
0	15	3
1	15	4
2	15	3
3	15	2
4	15	3
5	15	6
6	15	4
7	15	3
8	15	2
9	15	2
10	15	2
11	15	2
12	15	3
13	15	4
14	15	4
15	15	4
16	15	2
17	15	2
18	15	1
19	15	1
20	15	0
21	15	1
22	15	1
23	15	2
0	16	2
1	16	3
2	16	3
3	16	3
4	16	3
5	16	3
6	16	3
7	16	2
8	16	2
9	16	2
10	16	3
11	16	3
12	16	3
13	16	3
14	16	3
15	16	3
16	16	2
17	16	1
18	16	1
19	16	1
20	16	1
21	16	1
22	16	1
23	16	2
0	17	0
1	17	0
2	17	0
3	17	0
4	17	0
5	17	0
6	17	7
7	17	4
8	17	4
9	17	0
10	17	0
11	17	0
12	17	4
13	17	0
14	17	0
15	17	0
16	17	0
17	17	0
18	17	0
19	17	0
20	17	0
21	17	0
22	17	0
23	17	0
0	18	0
1	18	5
2	18	5
3	18	0
4	18	5
5	18	3
6	18	0
7	18	0
8	18	7
9	18	0
10	18	0
11	18	3
12	18	0
13	18	0
14	18	0
15	18	0
16	18	0
17	18	0
18	18	0
19	18	0
20	18	0
21	18	0
22	18	0
23	18	0
0	19	3
1	19	3
2	19	4
3	19	3
4	19	4
5	19	6
6	19	6
7	19	3
8	19	2
9	19	2
10	19	3
11	19	4
12	19	5
13	19	3
14	19	3
15	19	6
16	19	4
17	19	3
18	19	2
19	19	1
20	19	1
21	19	1
22	19	1
23	19	3
0	20	0
1	20	0
2	20	0
3	20	0
4	20	0
5	20	0
6	20	14
7	20	0
8	20	0
9	20	0
10	20	0
11	20	0
12	20	0
13	20	0
14	20	0
15	20	0
16	20	14
17	20	0
18	20	0
19	20	0
20	20	0
21	20	14
22	20	0
23	20	0
0	21	10
1	21	0
2	21	4
3	21	4
4	21	4
5	21	14
6	21	14
7	21	7
8	21	0
9	21	4
10	21	4
11	21	0
12	21	4
13	21	0
14	21	10
15	21	7
16	21	0
17	21	0
18	21	0
19	21	0
20	21	0
21	21	0
22	21	0
23	21	0
0	22	3
1	22	5
2	22	3
3	22	2
4	22	1
5	22	3
6	22	4
7	22	4
8	22	5
9	22	3
10	22	1
11	22	1
12	22	4
13	22	3
14	22	6
15	22	4
16	22	4
17	22	4
18	22	1
19	22	1
20	22	2
21	22	1
22	22	0
23	22	1
0	23	0
1	23	0
2	23	7
3	23	0
4	23	0
5	23	0
6	23	0
7	23	4
8	23	0
9	23	0
10	23	0
11	23	4
12	23	0
13	23	0
14	23	0
15	23	10
16	23	0
17	23	0
18	23	0
19	23	0
20	23	0
21	23	4
22	23	0
23	23	0
0	24	2
1	24	3
2	24	3
3	24	3
4	24	4
5	24	3
6	24	3
7	24	3
8	24	2
9	24	2
10	24	3
11	24	3
12	24	4
13	24	3
14	24	4
15	24	3
16	24	3
17	24	1
18	24	1
19	24	1
20	24	1
21	24	1
22	24	1
23	24	2
0	25	0
1	25	0
2	25	0
3	25	0
4	25	77
5	25	42
6	25	42
7	25	0
8	25	0
9	25	0
10	25	0
11	25	0
12	25	0
13	25	0
14	25	0
15	25	0
16	25	0
17	25	0
18	25	0
19	25	0
20	25	0
21	25	0
22	25	0
23	25	0
0	26	0
1	26	0
2	26	0
3	26	0
4	26	0
5	26	0
6	26	0
7	26	0
8	26	0
9	26	0
10	26	0
11	26	0
12	26	0
13	26	0
14	26	0
15	26	0
16	26	0
17	26	0
18	26	0
19	26	0
20	26	0
21	26	0
22	26	0
23	26	0
0	27	3
1	27	5
2	27	5
3	27	4
4	27	3
5	27	9
6	27	8
7	27	3
8	27	7
9	27	6
10	27	5
11	27	9
12	27	4
13	27	4
14	27	2
15	27	3
16	27	1
17	27	3
18	27	0
19	27	0
20	27	0
21	27	0
22	27	1
23	27	2
0	28	3
1	28	3
2	28	3
3	28	3
4	28	3
5	28	4
6	28	3
7	28	3
8	28	3
9	28	3
10	28	3
11	28	3
12	28	3
13	28	3
14	28	2
15	28	2
16	28	2
17	28	1
18	28	1
19	28	1
20	28	1
21	28	1
22	28	1
23	28	2
0	29	0
1	29	0
2	29	0
3	29	0
4	29	0
5	29	0
6	29	0
7	29	0
8	29	0
9	29	0
10	29	0
11	29	0
12	29	0
13	29	0
14	29	0
15	29	0
16	29	0
17	29	0
18	29	0
19	29	0
20	29	0
21	29	0
22	29	0
23	29	0
0	30	0
1	30	0
2	30	0
3	30	0
4	30	0
5	30	0
6	30	0
7	30	0
8	30	0
9	30	0
10	30	0
11	30	0
12	30	0
13	30	0
14	30	0
15	30	0
16	30	0
17	30	0
18	30	0
19	30	0
20	30	0
21	30	0
22	30	0
23	30	0
0	31	3
1	31	3
2	31	3
3	31	3
4	31	3
5	31	5
6	31	3
7	31	2
8	31	2
9	31	2
10	31	2
11	31	2
12	31	3
13	31	4
14	31	4
15	31	3
16	31	3
17	31	1
18	31	1
19	31	1
20	31	1
21	31	1
22	31	1
23	31	3
0	32	13
1	32	0
2	32	13
3	32	0
4	32	0
5	32	0
6	32	0
7	32	0
8	32	0
9	32	0
10	32	0
11	32	0
12	32	0
13	32	0
14	32	13
15	32	0
16	32	0
17	32	0
18	32	0
19	32	0
20	32	0
21	32	0
22	32	0
23	32	0
0	33	1
1	33	2
2	33	2
3	33	0
4	33	3
5	33	5
6	33	2
7	33	3
8	33	0
9	33	5
10	33	2
11	33	3
12	33	2
13	33	3
14	33	6
15	33	2
16	33	2
17	33	0
18	33	0
19	33	0
20	33	0
21	33	0
22	33	2
23	33	1
0	34	2
1	34	2
2	34	2
3	34	3
4	34	3
5	34	4
6	34	3
7	34	2
8	34	2
9	34	3
10	34	3
11	34	3
12	34	4
13	34	3
14	34	3
15	34	3
16	34	2
17	34	1
18	34	1
19	34	1
20	34	1
21	34	1
22	34	1
23	34	2
0	35	1
1	35	0
2	35	0
3	35	3
4	35	2
5	35	3
6	35	5
7	35	2
8	35	1
9	35	1
10	35	3
11	35	1
12	35	5
13	35	4
14	35	4
15	35	4
16	35	3
17	35	1
18	35	0
19	35	0
20	35	0
21	35	1
22	35	0
23	35	0
0	36	0
1	36	0
2	36	0
3	36	0
4	36	0
5	36	0
6	36	0
7	36	0
8	36	0
9	36	0
10	36	25
11	36	25
12	36	13
13	36	0
14	36	0
15	36	0
16	36	0
17	36	0
18	36	0
19	36	0
20	36	0
21	36	0
22	36	0
23	36	0
0	37	4
1	37	2
2	37	2
3	37	2
4	37	3
5	37	4
6	37	2
7	37	3
8	37	2
9	37	1
10	37	1
11	37	3
12	37	3
13	37	5
14	37	3
15	37	6
16	37	3
17	37	2
18	37	0
19	37	2
20	37	0
21	37	0
22	37	3
23	37	2
0	38	1
1	38	1
2	38	1
3	38	2
4	38	2
5	38	3
6	38	2
7	38	2
8	38	1
9	38	2
10	38	2
11	38	3
12	38	2
13	38	5
14	38	4
15	38	4
16	38	1
17	38	2
18	38	1
19	38	0
20	38	0
21	38	0
22	38	0
23	38	1
0	39	2
1	39	2
2	39	2
3	39	2
4	39	3
5	39	3
6	39	2
7	39	2
8	39	2
9	39	2
10	39	2
11	39	3
12	39	2
13	39	3
14	39	3
15	39	3
16	39	2
17	39	1
18	39	1
19	39	1
20	39	1
21	39	1
22	39	1
23	39	1
0	40	0
1	40	0
2	40	0
3	40	6
4	40	3
5	40	0
6	40	6
7	40	6
8	40	0
9	40	0
10	40	0
11	40	0
12	40	0
13	40	3
14	40	3
15	40	0
16	40	9
17	40	0
18	40	0
19	40	0
20	40	0
21	40	0
22	40	0
23	40	0
0	41	2
1	41	3
2	41	3
3	41	3
4	41	4
5	41	5
6	41	4
7	41	3
8	41	2
9	41	2
10	41	2
11	41	3
12	41	4
13	41	4
14	41	5
15	41	3
16	41	2
17	41	2
18	41	1
19	41	1
20	41	1
21	41	1
22	41	1
23	41	3
0	42	1
1	42	1
2	42	1
3	42	8
4	42	0
5	42	2
6	42	1
7	42	2
8	42	3
9	42	4
10	42	3
11	42	2
12	42	3
13	42	3
14	42	0
15	42	1
16	42	0
17	42	0
18	42	0
19	42	0
20	42	0
21	42	0
22	42	1
23	42	0
0	43	3
1	43	2
2	43	2
3	43	0
4	43	2
5	43	5
6	43	0
7	43	2
8	43	2
9	43	5
10	43	4
11	43	3
12	43	3
13	43	3
14	43	0
15	43	1
16	43	0
17	43	0
18	43	0
19	43	0
20	43	0
21	43	0
22	43	0
23	43	2
0	44	1
1	44	3
2	44	0
3	44	0
4	44	0
5	44	1
6	44	0
7	44	3
8	44	0
9	44	3
10	44	1
11	44	0
12	44	0
13	44	1
14	44	3
15	44	0
16	44	0
17	44	0
18	44	0
19	44	1
20	44	0
21	44	0
22	44	0
23	44	1
0	45	3
1	45	4
2	45	3
3	45	3
4	45	5
5	45	7
6	45	5
7	45	5
8	45	3
9	45	3
10	45	3
11	45	3
12	45	4
13	45	5
14	45	4
15	45	2
16	45	2
17	45	1
18	45	1
19	45	1
20	45	0
21	45	1
22	45	1
23	45	2
0	46	3
1	46	2
2	46	2
3	46	3
4	46	2
5	46	4
6	46	4
7	46	1
8	46	2
9	46	2
10	46	2
11	46	2
12	46	3
13	46	4
14	46	4
15	46	3
16	46	3
17	46	1
18	46	1
19	46	1
20	46	1
21	46	1
22	46	1
23	46	2
0	47	5
1	47	2
2	47	2
3	47	0
4	47	2
5	47	2
6	47	2
7	47	2
8	47	0
9	47	3
10	47	3
11	47	3
12	47	0
13	47	3
14	47	5
15	47	5
16	47	0
17	47	0
18	47	0
19	47	0
20	47	0
21	47	0
22	47	0
23	47	5
0	48	2
1	48	3
2	48	3
3	48	3
4	48	3
5	48	4
6	48	3
7	48	3
8	48	2
9	48	2
10	48	3
11	48	3
12	48	3
13	48	3
14	48	3
15	48	3
16	48	2
17	48	1
18	48	1
19	48	1
20	48	1
21	48	1
22	48	1
23	48	2
0	49	0
1	49	0
2	49	0
3	49	0
4	49	0
5	49	0
6	49	0
7	49	0
8	49	0
9	49	0
10	49	0
11	49	0
12	49	0
13	49	0
14	49	0
15	49	0
16	49	0
17	49	0
18	49	0
19	49	0
20	49	0
21	49	0
22	49	0
23	49	0
0	50	8
1	50	0
2	50	0
3	50	3
4	50	5
5	50	20
6	50	10
7	50	20
8	50	0
9	50	0
10	50	13
11	50	0
12	50	3
13	50	0
14	50	0
15	50	0
16	50	3
17	50	0
18	50	8
19	50	3
20	50	0
21	50	0
22	50	0
23	50	0
0	51	1
1	51	4
2	51	5
3	51	4
4	51	3
5	51	4
6	51	4
7	51	4
8	51	4
9	51	2
10	51	2
11	51	4
12	51	2
13	51	2
14	51	2
15	51	1
16	51	1
17	51	1
18	51	1
19	51	1
20	51	1
21	51	0
22	51	0
23	51	1
0	52	3
1	52	3
2	52	3
3	52	3
4	52	3
5	52	4
6	52	3
7	52	3
8	52	3
9	52	3
10	52	3
11	52	3
12	52	4
13	52	3
14	52	3
15	52	3
16	52	2
17	52	1
18	52	1
19	52	1
20	52	1
21	52	1
22	52	1
23	52	2
0	53	4
1	53	3
2	53	3
3	53	2
4	53	3
5	53	2
6	53	3
7	53	4
8	53	4
9	53	3
10	53	3
11	53	3
12	53	1
13	53	4
14	53	3
15	53	2
16	53	3
17	53	2
18	53	1
19	53	2
20	53	0
21	53	1
22	53	2
23	53	3
0	54	3
1	54	1
2	54	2
3	54	3
4	54	3
5	54	4
6	54	2
7	54	2
8	54	3
9	54	2
10	54	4
11	54	5
12	54	4
13	54	4
14	54	3
15	54	3
16	54	2
17	54	2
18	54	3
19	54	2
20	54	1
21	54	1
22	54	2
23	54	1
0	55	3
1	55	2
2	55	2
3	55	3
4	55	4
5	55	4
6	55	3
7	55	1
8	55	0
9	55	1
10	55	1
11	55	4
12	55	2
13	55	5
14	55	2
15	55	3
16	55	1
17	55	2
18	55	1
19	55	0
20	55	1
21	55	0
22	55	1
23	55	2
0	56	2
1	56	2
2	56	2
3	56	3
4	56	3
5	56	4
6	56	3
7	56	2
8	56	2
9	56	2
10	56	2
11	56	3
12	56	3
13	56	3
14	56	3
15	56	2
16	56	2
17	56	1
18	56	1
19	56	1
20	56	1
21	56	1
22	56	1
23	56	2
0	57	3
1	57	4
2	57	3
3	57	3
4	57	4
5	57	4
6	57	3
7	57	3
8	57	3
9	57	2
10	57	3
11	57	4
12	57	3
13	57	4
14	57	3
15	57	4
16	57	3
17	57	2
18	57	1
19	57	1
20	57	1
21	57	1
22	57	1
23	57	3
0	58	2
1	58	2
2	58	3
3	58	3
4	58	3
5	58	4
6	58	3
7	58	3
8	58	3
9	58	4
10	58	3
11	58	3
12	58	3
13	58	3
14	58	2
15	58	2
16	58	2
17	58	1
18	58	1
19	58	1
20	58	1
21	58	1
22	58	1
23	58	2
0	59	0
1	59	9
2	59	18
3	59	9
4	59	0
5	59	9
6	59	0
7	59	0
8	59	9
9	59	0
10	59	9
11	59	9
12	59	9
13	59	9
14	59	0
15	59	18
16	59	0
17	59	0
18	59	0
19	59	0
20	59	0
21	59	0
22	59	0
23	59	18
0	60	2
1	60	2
2	60	3
3	60	3
4	60	3
5	60	3
6	60	1
7	60	5
8	60	3
9	60	3
10	60	2
11	60	5
12	60	3
13	60	2
14	60	2
15	60	3
16	60	2
17	60	0
18	60	0
19	60	0
20	60	0
21	60	0
22	60	1
23	60	2
0	61	2
1	61	3
2	61	3
3	61	3
4	61	3
5	61	3
6	61	3
7	61	3
8	61	3
9	61	3
10	61	3
11	61	3
12	61	3
13	61	3
14	61	3
15	61	3
16	61	2
17	61	1
18	61	1
19	61	1
20	61	1
21	61	1
22	61	1
23	61	2
0	62	2
1	62	4
2	62	3
3	62	4
4	62	3
5	62	7
6	62	4
7	62	4
8	62	3
9	62	2
10	62	2
11	62	3
12	62	6
13	62	2
14	62	4
15	62	3
16	62	3
17	62	2
18	62	1
19	62	1
20	62	1
21	62	1
22	62	1
23	62	2
0	63	3
1	63	4
2	63	3
3	63	4
4	63	3
5	63	4
6	63	3
7	63	3
8	63	2
9	63	3
10	63	4
11	63	3
12	63	6
13	63	4
14	63	4
15	63	4
16	63	3
17	63	1
18	63	1
19	63	1
20	63	1
21	63	0
22	63	1
23	63	1
0	64	0
1	64	39
2	64	27
3	64	0
4	64	27
5	64	14
6	64	27
7	64	0
8	64	14
9	64	14
10	64	14
11	64	27
12	64	39
13	64	27
14	64	39
15	64	27
16	64	39
17	64	39
18	64	14
19	64	62
20	64	14
21	64	0
22	64	0
23	64	0
0	65	0
1	65	0
2	65	0
3	65	0
4	65	0
5	65	6
6	65	0
7	65	0
8	65	0
9	65	6
10	65	0
11	65	0
12	65	0
13	65	0
14	65	0
15	65	0
16	65	0
17	65	0
18	65	0
19	65	0
20	65	0
21	65	0
22	65	0
23	65	0
0	66	2
1	66	4
2	66	0
3	66	3
4	66	2
5	66	2
6	66	4
7	66	1
8	66	1
9	66	2
10	66	2
11	66	3
12	66	0
13	66	2
14	66	3
15	66	2
16	66	3
17	66	5
18	66	0
19	66	0
20	66	0
21	66	0
22	66	2
23	66	3
0	67	0
1	67	0
2	67	0
3	67	3
4	67	3
5	67	0
6	67	3
7	67	3
8	67	3
9	67	3
10	67	3
11	67	0
12	67	0
13	67	0
14	67	0
15	67	0
16	67	0
17	67	0
18	67	0
19	67	0
20	67	0
21	67	0
22	67	0
23	67	0
0	68	3
1	68	2
2	68	3
3	68	4
4	68	3
5	68	3
6	68	2
7	68	1
8	68	2
9	68	1
10	68	2
11	68	3
12	68	3
13	68	4
14	68	2
15	68	2
16	68	1
17	68	1
18	68	1
19	68	1
20	68	1
21	68	1
22	68	1
23	68	2
0	69	4
1	69	0
2	69	10
3	69	0
4	69	0
5	69	0
6	69	0
7	69	0
8	69	0
9	69	4
10	69	4
11	69	0
12	69	0
13	69	7
14	69	0
15	69	0
16	69	0
17	69	0
18	69	0
19	69	0
20	69	0
21	69	0
22	69	7
23	69	0
0	70	3
1	70	3
2	70	3
3	70	3
4	70	3
5	70	3
6	70	4
7	70	4
8	70	2
9	70	2
10	70	2
11	70	3
12	70	2
13	70	3
14	70	1
15	70	2
16	70	1
17	70	1
18	70	0
19	70	1
20	70	1
21	70	1
22	70	1
23	70	1
0	71	1
1	71	1
2	71	1
3	71	3
4	71	4
5	71	6
6	71	3
7	71	3
8	71	2
9	71	1
10	71	3
11	71	3
12	71	2
13	71	2
14	71	4
15	71	5
16	71	1
17	71	1
18	71	1
19	71	0
20	71	1
21	71	0
22	71	2
23	71	2
0	72	0
1	72	0
2	72	0
3	72	0
4	72	19
5	72	0
6	72	0
7	72	36
8	72	0
9	72	0
10	72	36
11	72	0
12	72	36
13	72	19
14	72	0
15	72	0
16	72	0
17	72	0
18	72	0
19	72	0
20	72	0
21	72	0
22	72	0
23	72	0
0	73	2
1	73	3
2	73	3
3	73	3
4	73	3
5	73	4
6	73	2
7	73	3
8	73	3
9	73	3
10	73	3
11	73	2
12	73	3
13	73	5
14	73	3
15	73	3
16	73	2
17	73	1
18	73	1
19	73	1
20	73	1
21	73	1
22	73	1
23	73	1
0	74	0
1	74	0
2	74	2
3	74	0
4	74	2
5	74	2
6	74	0
7	74	0
8	74	4
9	74	5
10	74	5
11	74	0
12	74	7
13	74	0
14	74	2
15	74	2
16	74	0
17	74	0
18	74	0
19	74	0
20	74	0
21	74	0
22	74	0
23	74	0
0	75	4
1	75	4
2	75	5
3	75	3
4	75	5
5	75	5
6	75	4
7	75	4
8	75	5
9	75	4
10	75	4
11	75	4
12	75	3
13	75	3
14	75	2
15	75	2
16	75	2
17	75	1
18	75	1
19	75	1
20	75	0
21	75	2
22	75	1
23	75	2
0	76	1
1	76	1
2	76	3
3	76	3
4	76	3
5	76	2
6	76	3
7	76	2
8	76	3
9	76	2
10	76	3
11	76	3
12	76	2
13	76	2
14	76	2
15	76	2
16	76	1
17	76	2
18	76	1
19	76	0
20	76	1
21	76	1
22	76	1
23	76	1
0	77	4
1	77	4
2	77	1
3	77	3
4	77	0
5	77	4
6	77	1
7	77	1
8	77	1
9	77	3
10	77	2
11	77	2
12	77	2
13	77	4
14	77	0
15	77	2
16	77	6
17	77	0
18	77	0
19	77	2
20	77	2
21	77	2
22	77	0
23	77	1
0	78	0
1	78	1
2	78	2
3	78	3
4	78	4
5	78	6
6	78	3
7	78	10
8	78	11
9	78	8
10	78	2
11	78	11
12	78	0
13	78	2
14	78	0
15	78	1
16	78	0
17	78	0
18	78	2
19	78	0
20	78	0
21	78	0
22	78	0
23	78	0
0	79	3
1	79	3
2	79	4
3	79	5
4	79	3
5	79	6
6	79	4
7	79	5
8	79	8
9	79	3
10	79	3
11	79	2
12	79	3
13	79	4
14	79	2
15	79	0
16	79	0
17	79	1
18	79	0
19	79	0
20	79	0
21	79	0
22	79	1
23	79	1
0	80	0
1	80	0
2	80	0
3	80	0
4	80	0
5	80	0
6	80	0
7	80	0
8	80	0
9	80	0
10	80	0
11	80	0
12	80	0
13	80	0
14	80	0
15	80	0
16	80	0
17	80	0
18	80	0
19	80	0
20	80	0
21	80	0
22	80	0
23	80	0
0	81	3
1	81	1
2	81	1
3	81	5
4	81	4
5	81	5
6	81	3
7	81	3
8	81	3
9	81	2
10	81	1
11	81	2
12	81	5
13	81	0
14	81	2
15	81	2
16	81	0
17	81	1
18	81	1
19	81	0
20	81	1
21	81	1
22	81	1
23	81	1
0	82	2
1	82	2
2	82	2
3	82	2
4	82	2
5	82	3
6	82	3
7	82	2
8	82	2
9	82	2
10	82	3
11	82	3
12	82	3
13	82	3
14	82	4
15	82	4
16	82	3
17	82	2
18	82	1
19	82	1
20	82	1
21	82	1
22	82	1
23	82	2
0	83	7
1	83	0
2	83	0
3	83	7
4	83	0
5	83	7
6	83	31
7	83	7
8	83	7
9	83	25
10	83	0
11	83	0
12	83	19
13	83	7
14	83	0
15	83	0
16	83	7
17	83	0
18	83	0
19	83	0
20	83	0
21	83	0
22	83	0
23	83	13
0	84	4
1	84	4
2	84	5
3	84	4
4	84	4
5	84	4
6	84	3
7	84	3
8	84	4
9	84	5
10	84	3
11	84	3
12	84	3
13	84	4
14	84	2
15	84	3
16	84	2
17	84	1
18	84	1
19	84	1
20	84	0
21	84	0
22	84	1
23	84	1
0	85	3
1	85	2
2	85	4
3	85	2
4	85	4
5	85	5
6	85	4
7	85	3
8	85	3
9	85	3
10	85	3
11	85	4
12	85	4
13	85	4
14	85	5
15	85	4
16	85	2
17	85	1
18	85	1
19	85	1
20	85	1
21	85	1
22	85	1
23	85	3
0	86	0
1	86	0
2	86	0
3	86	0
4	86	0
5	86	0
6	86	0
7	86	0
8	86	0
9	86	0
10	86	0
11	86	0
12	86	0
13	86	0
14	86	0
15	86	0
16	86	0
17	86	0
18	86	0
19	86	0
20	86	0
21	86	0
22	86	0
23	86	0
0	87	7
1	87	0
2	87	0
3	87	0
4	87	0
5	87	5
6	87	3
7	87	5
8	87	0
9	87	0
10	87	0
11	87	3
12	87	3
13	87	0
14	87	7
15	87	0
16	87	0
17	87	0
18	87	0
19	87	0
20	87	3
21	87	0
22	87	3
23	87	0
0	88	3
1	88	3
2	88	2
3	88	3
4	88	2
5	88	3
6	88	2
7	88	2
8	88	2
9	88	2
10	88	2
11	88	2
12	88	3
13	88	4
14	88	3
15	88	2
16	88	2
17	88	1
18	88	1
19	88	1
20	88	1
21	88	1
22	88	1
23	88	2
0	89	1
1	89	2
2	89	3
3	89	10
4	89	4
5	89	1
6	89	8
7	89	0
8	89	1
9	89	0
10	89	5
11	89	1
12	89	1
13	89	0
14	89	6
15	89	1
16	89	1
17	89	5
18	89	0
19	89	1
20	89	0
21	89	1
22	89	6
23	89	2
0	90	4
1	90	22
2	90	16
3	90	7
4	90	7
5	90	8
6	90	2
7	90	2
8	90	2
9	90	4
10	90	0
11	90	2
12	90	2
13	90	3
14	90	2
15	90	0
16	90	0
17	90	0
18	90	0
19	90	2
20	90	0
21	90	0
22	90	5
23	90	0
0	91	2
1	91	2
2	91	2
3	91	2
4	91	3
5	91	3
6	91	2
7	91	2
8	91	2
9	91	2
10	91	3
11	91	3
12	91	4
13	91	3
14	91	3
15	91	3
16	91	2
17	91	1
18	91	1
19	91	1
20	91	1
21	91	1
22	91	1
23	91	1
0	92	6
1	92	6
2	92	0
3	92	6
4	92	6
5	92	0
6	92	10
7	92	0
8	92	0
9	92	0
10	92	6
11	92	6
12	92	0
13	92	0
14	92	0
15	92	0
16	92	0
17	92	0
18	92	0
19	92	0
20	92	0
21	92	0
22	92	0
23	92	0
