Counts for Samsung(12) in Iran(20):
Hour	Location Index	Count
0	0	0
1	0	0
2	0	0
3	0	0
4	0	0
5	0	0
6	0	0
7	0	0
8	0	0
9	0	0
10	0	0
11	0	0
12	0	0
13	0	0
14	0	0
15	0	0
16	0	0
17	0	0
18	0	0
19	0	0
20	0	0
21	0	0
22	0	0
23	0	0
0	1	3
1	1	2
2	1	1
3	1	5
4	1	9
5	1	12
6	1	14
7	1	20
8	1	20
9	1	19
10	1	18
11	1	20
12	1	18
13	1	22
14	1	14
15	1	25
16	1	24
17	1	25
18	1	28
19	1	39
20	1	28
21	1	20
22	1	12
23	1	4
0	2	0
1	2	0
2	2	0
3	2	0
4	2	0
5	2	29
6	2	15
7	2	41
8	2	54
9	2	29
10	2	29
11	2	0
12	2	29
13	2	41
14	2	15
15	2	29
16	2	41
17	2	15
18	2	0
19	2	54
20	2	0
21	2	15
22	2	0
23	2	0
0	3	2
1	3	2
2	3	2
3	3	16
4	3	14
5	3	16
6	3	22
7	3	12
8	3	27
9	3	22
10	3	51
11	3	39
12	3	39
13	3	34
14	3	20
15	3	23
16	3	30
17	3	37
18	3	18
19	3	44
20	3	22
21	3	23
22	3	6
23	3	12
0	4	0
1	4	0
2	4	0
3	4	0
4	4	0
5	4	33
6	4	86
7	4	33
8	4	33
9	4	61
10	4	0
11	4	107
12	4	0
13	4	33
14	4	0
15	4	33
16	4	86
17	4	0
18	4	33
19	4	61
20	4	33
21	4	0
22	4	33
23	4	61
0	5	0
1	5	0
2	5	0
3	5	0
4	5	0
5	5	64
6	5	35
7	5	0
8	5	0
9	5	0
10	5	0
11	5	35
12	5	0
13	5	0
14	5	0
15	5	0
16	5	0
17	5	35
18	5	35
19	5	64
20	5	0
21	5	0
22	5	0
23	5	35
0	6	2
1	6	1
2	6	3
3	6	6
4	6	7
5	6	12
6	6	18
7	6	21
8	6	21
9	6	18
10	6	18
11	6	22
12	6	21
13	6	18
14	6	21
15	6	22
16	6	24
17	6	27
18	6	30
19	6	23
20	6	24
21	6	18
22	6	9
23	6	3
0	7	0
1	7	0
2	7	0
3	7	0
4	7	0
5	7	0
6	7	0
7	7	0
8	7	0
9	7	0
10	7	0
11	7	0
12	7	0
13	7	0
14	7	0
15	7	0
16	7	0
17	7	0
18	7	0
19	7	0
20	7	0
21	7	0
22	7	0
23	7	0
0	8	5
1	8	8
2	8	7
3	8	11
4	8	11
5	8	15
6	8	18
7	8	21
8	8	24
9	8	30
10	8	34
11	8	33
12	8	23
13	8	29
14	8	30
15	8	34
16	8	39
17	8	39
18	8	43
19	8	34
20	8	27
21	8	14
22	8	14
23	8	6
0	9	0
1	9	0
2	9	0
3	9	7
4	9	14
5	9	38
6	9	32
7	9	20
8	9	20
9	9	14
10	9	20
11	9	20
12	9	20
13	9	20
14	9	38
15	9	20
16	9	7
17	9	14
18	9	26
19	9	7
20	9	32
21	9	32
22	9	7
23	9	14
0	10	0
1	10	0
2	10	0
3	10	0
4	10	10
5	10	37
6	10	20
7	10	15
8	10	37
9	10	29
10	10	29
11	10	29
12	10	24
13	10	24
14	10	15
15	10	33
16	10	33
17	10	15
18	10	5
19	10	10
20	10	20
21	10	15
22	10	5
23	10	0
0	11	0
1	11	0
2	11	0
3	11	0
4	11	0
5	11	0
6	11	0
7	11	0
8	11	0
9	11	0
10	11	0
11	11	0
12	11	0
13	11	0
14	11	0
15	11	0
16	11	0
17	11	0
18	11	0
19	11	0
20	11	0
21	11	0
22	11	0
23	11	0
0	12	0
1	12	0
2	12	0
3	12	0
4	12	0
5	12	35
6	12	90
7	12	35
8	12	35
9	12	131
10	12	0
11	12	64
12	12	64
13	12	0
14	12	0
15	12	0
16	12	0
17	12	35
18	12	0
19	12	0
20	12	0
21	12	0
22	12	0
23	12	0
0	13	0
1	13	0
2	13	0
3	13	0
4	13	0
5	13	0
6	13	0
7	13	0
8	13	0
9	13	0
10	13	0
11	13	0
12	13	0
13	13	0
14	13	0
15	13	0
16	13	0
17	13	0
18	13	0
19	13	0
20	13	0
21	13	0
22	13	0
23	13	0
0	14	0
1	14	11
2	14	0
3	14	0
4	14	31
5	14	40
6	14	21
7	14	11
8	14	11
9	14	11
10	14	40
11	14	31
12	14	11
13	14	31
14	14	11
15	14	31
16	14	21
17	14	21
18	14	31
19	14	57
20	14	40
21	14	0
22	14	31
23	14	21
0	15	0
1	15	0
2	15	0
3	15	0
4	15	28
5	15	0
6	15	0
7	15	53
8	15	0
9	15	0
10	15	28
11	15	0
12	15	0
13	15	0
14	15	0
15	15	0
16	15	0
17	15	28
18	15	0
19	15	28
20	15	0
21	15	0
22	15	0
23	15	0
0	16	3
1	16	2
2	16	3
3	16	2
4	16	5
5	16	20
6	16	18
7	16	19
8	16	24
9	16	34
10	16	31
11	16	45
12	16	21
13	16	25
14	16	19
15	16	31
16	16	35
17	16	46
18	16	47
19	16	39
20	16	41
21	16	28
22	16	10
23	16	8
0	17	0
1	17	0
2	17	0
3	17	0
4	17	0
5	17	183
6	17	0
7	17	88
8	17	0
9	17	88
10	17	0
11	17	0
12	17	0
13	17	88
14	17	88
15	17	0
16	17	0
17	17	0
18	17	0
19	17	0
20	17	0
21	17	0
22	17	0
23	17	0
0	18	0
1	18	0
2	18	0
3	18	0
4	18	0
5	18	0
6	18	0
7	18	54
8	18	29
9	18	0
10	18	29
11	18	29
12	18	0
13	18	0
14	18	0
15	18	0
16	18	0
17	18	29
18	18	29
19	18	0
20	18	0
21	18	0
22	18	0
23	18	0
0	19	0
1	19	0
2	19	0
3	19	0
4	19	0
5	19	154
6	19	0
7	19	0
8	19	0
9	19	0
10	19	0
11	19	0
12	19	0
13	19	154
14	19	95
15	19	0
16	19	0
17	19	0
18	19	0
19	19	95
20	19	0
21	19	0
22	19	0
23	19	0
0	20	6
1	20	0
2	20	9
3	20	15
4	20	15
5	20	32
6	20	39
7	20	42
8	20	39
9	20	9
10	20	47
11	20	34
12	20	29
13	20	26
14	20	3
15	20	21
16	20	15
17	20	15
18	20	34
19	20	42
20	20	42
21	20	39
22	20	12
23	20	9
0	21	0
1	21	0
2	21	0
3	21	0
4	21	0
5	21	0
6	21	0
7	21	0
8	21	0
9	21	0
10	21	0
11	21	0
12	21	0
13	21	253
14	21	0
15	21	0
16	21	0
17	21	0
18	21	0
19	21	0
20	21	0
21	21	0
22	21	0
23	21	0
0	22	0
1	22	0
2	22	8
3	22	0
4	22	8
5	22	8
6	22	8
7	22	15
8	22	28
9	22	28
10	22	0
11	22	8
12	22	0
13	22	0
14	22	15
15	22	15
16	22	35
17	22	35
18	22	28
19	22	41
20	22	22
21	22	0
22	22	0
23	22	0
0	23	0
1	23	0
2	23	43
3	23	0
4	23	0
5	23	109
6	23	0
7	23	0
8	23	0
9	23	0
10	23	0
11	23	0
12	23	0
13	23	0
14	23	0
15	23	0
16	23	0
17	23	0
18	23	0
19	23	0
20	23	0
21	23	0
22	23	0
23	23	0
0	24	0
1	24	0
2	24	0
3	24	0
4	24	0
5	24	0
6	24	0
7	24	0
8	24	0
9	24	0
10	24	0
11	24	0
12	24	0
13	24	0
14	24	0
15	24	0
16	24	0
17	24	0
18	24	0
19	24	0
20	24	154
21	24	0
22	24	0
23	24	0
0	25	2
1	25	2
2	25	8
3	25	8
4	25	12
5	25	14
6	25	10
7	25	21
8	25	26
9	25	23
10	25	40
11	25	27
12	25	25
13	25	20
14	25	16
15	25	19
16	25	39
17	25	34
18	25	51
19	25	34
20	25	35
21	25	25
22	25	9
23	25	6
0	26	4
1	26	6
2	26	6
3	26	9
4	26	11
5	26	13
6	26	13
7	26	19
8	26	28
9	26	26
10	26	29
11	26	36
12	26	18
13	26	16
14	26	25
15	26	24
16	26	33
17	26	22
18	26	36
19	26	26
20	26	27
21	26	26
22	26	17
23	26	6
0	27	0
1	27	0
2	27	0
3	27	0
4	27	0
5	27	0
6	27	0
7	27	175
8	27	0
9	27	0
10	27	0
11	27	175
12	27	0
13	27	0
14	27	0
15	27	0
16	27	0
17	27	0
18	27	0
19	27	0
20	27	0
21	27	0
22	27	0
23	27	0
0	28	0
1	28	0
2	28	0
3	28	0
4	28	0
5	28	0
6	28	15
7	28	42
8	28	42
9	28	55
10	28	0
11	28	15
12	28	0
13	28	0
14	28	15
15	28	42
16	28	15
17	28	42
18	28	15
19	28	15
20	28	66
21	28	42
22	28	0
23	28	15
0	29	3
1	29	2
2	29	3
3	29	5
4	29	7
5	29	11
6	29	14
7	29	16
8	29	17
9	29	18
10	29	19
11	29	19
12	29	19
13	29	17
14	29	17
15	29	20
16	29	24
17	29	24
18	29	25
19	29	25
20	29	22
21	29	17
22	29	8
23	29	4
0	30	0
1	30	0
2	30	0
3	30	0
4	30	0
5	30	0
6	30	0
7	30	0
8	30	0
9	30	239
10	30	215
11	30	0
12	30	0
13	30	0
14	30	0
15	30	0
16	30	0
17	30	0
18	30	0
19	30	0
20	30	0
21	30	0
22	30	0
23	30	0
0	31	0
1	31	0
2	31	0
3	31	0
4	31	0
5	31	0
6	31	201
7	31	201
8	31	0
9	31	0
10	31	0
11	31	201
12	31	0
13	31	0
14	31	0
15	31	0
16	31	0
17	31	0
18	31	0
19	31	0
20	31	0
21	31	0
22	31	0
23	31	0
0	32	3
1	32	2
2	32	3
3	32	5
4	32	9
5	32	14
6	32	15
7	32	15
8	32	19
9	32	18
10	32	24
11	32	22
12	32	22
13	32	19
14	32	19
15	32	21
16	32	25
17	32	28
18	32	30
19	32	30
20	32	27
21	32	21
22	32	11
23	32	5
0	33	4
1	33	3
2	33	4
3	33	7
4	33	10
5	33	14
6	33	17
7	33	19
8	33	19
9	33	20
10	33	21
11	33	22
12	33	20
13	33	19
14	33	19
15	33	21
16	33	23
17	33	25
18	33	26
19	33	26
20	33	23
21	33	18
22	33	10
23	33	6
0	34	0
1	34	0
2	34	0
3	34	0
4	34	0
5	34	0
6	34	0
7	34	0
8	34	0
9	34	0
10	34	0
11	34	0
12	34	154
13	34	0
14	34	0
15	34	0
16	34	0
17	34	0
18	34	0
19	34	0
20	34	95
21	34	0
22	34	0
23	34	0
0	35	2
1	35	2
2	35	4
3	35	6
4	35	10
5	35	16
6	35	19
7	35	18
8	35	18
9	35	22
10	35	27
11	35	27
12	35	22
13	35	21
14	35	21
15	35	24
16	35	26
17	35	27
18	35	32
19	35	32
20	35	31
21	35	22
22	35	12
23	35	5
0	36	3
1	36	6
2	36	11
3	36	8
4	36	11
5	36	8
6	36	3
7	36	3
8	36	11
9	36	16
10	36	6
11	36	8
12	36	11
13	36	16
14	36	11
15	36	21
16	36	21
17	36	21
18	36	21
19	36	21
20	36	11
21	36	16
22	36	8
23	36	3
0	37	0
1	37	0
2	37	14
3	37	7
4	37	0
5	37	21
6	37	7
7	37	40
8	37	7
9	37	34
10	37	40
11	37	21
12	37	51
13	37	68
14	37	51
15	37	68
16	37	46
17	37	78
18	37	46
19	37	34
20	37	7
21	37	14
22	37	21
23	37	21
0	38	4
1	38	0
2	38	0
3	38	5
4	38	14
5	38	18
6	38	24
7	38	32
8	38	33
9	38	28
10	38	34
11	38	37
12	38	36
13	38	21
14	38	18
15	38	25
16	38	29
17	38	42
18	38	58
19	38	39
20	38	34
21	38	25
22	38	8
23	38	5
0	39	2
1	39	2
2	39	2
3	39	6
4	39	6
5	39	20
6	39	17
7	39	34
8	39	30
9	39	26
10	39	32
11	39	38
12	39	35
13	39	32
14	39	32
15	39	28
16	39	26
17	39	21
18	39	18
19	39	25
20	39	28
21	39	30
22	39	13
23	39	4
0	40	16
1	40	0
2	40	0
3	40	16
4	40	0
5	40	16
6	40	0
7	40	30
8	40	43
9	40	43
10	40	16
11	40	43
12	40	30
13	40	16
14	40	0
15	40	0
16	40	16
17	40	16
18	40	0
19	40	30
20	40	56
21	40	16
22	40	43
23	40	16
0	41	0
1	41	0
2	41	0
3	41	0
4	41	60
5	41	42
6	41	42
7	41	42
8	41	77
9	41	0
10	41	60
11	41	42
12	41	0
13	41	22
14	41	77
15	41	22
16	41	42
17	41	0
18	41	0
19	41	42
20	41	0
21	41	22
22	41	0
23	41	0
0	42	0
1	42	0
2	42	0
3	42	24
4	42	0
5	42	8
6	42	44
7	42	24
8	42	0
9	42	51
10	42	8
11	42	16
12	42	24
13	42	8
14	42	8
15	42	8
16	42	0
17	42	16
18	42	8
19	42	38
20	42	38
21	42	8
22	42	0
23	42	8
0	43	7
1	43	0
2	43	4
3	43	8
4	43	15
5	43	24
6	43	26
7	43	32
8	43	30
9	43	36
10	43	42
11	43	38
12	43	31
13	43	27
14	43	25
15	43	25
16	43	30
17	43	33
18	43	36
19	43	38
20	43	33
21	43	25
22	43	19
23	43	13
0	44	2
1	44	3
2	44	4
3	44	6
4	44	10
5	44	14
6	44	17
7	44	21
8	44	21
9	44	21
10	44	18
11	44	23
12	44	24
13	44	21
14	44	19
15	44	22
16	44	25
17	44	31
18	44	34
19	44	34
20	44	33
21	44	23
22	44	12
23	44	5
0	45	0
1	45	0
2	45	0
3	45	0
4	45	0
5	45	29
6	45	0
7	45	29
8	45	0
9	45	0
10	45	0
11	45	54
12	45	0
13	45	0
14	45	54
15	45	0
16	45	0
17	45	54
18	45	29
19	45	54
20	45	0
21	45	29
22	45	0
23	45	0
0	46	3
1	46	3
2	46	3
3	46	6
4	46	12
5	46	24
6	46	14
7	46	21
8	46	22
9	46	21
10	46	19
11	46	24
12	46	26
13	46	27
14	46	20
15	46	17
16	46	27
17	46	34
18	46	34
19	46	43
20	46	30
21	46	24
22	46	11
23	46	5
0	47	0
1	47	0
2	47	0
3	47	0
4	47	0
5	47	0
6	47	0
7	47	0
8	47	32
9	47	60
10	47	0
11	47	0
12	47	84
13	47	0
14	47	0
15	47	0
16	47	32
17	47	32
18	47	0
19	47	0
20	47	0
21	47	0
22	47	0
23	47	0
0	48	0
1	48	0
2	48	0
3	48	31
4	48	0
5	48	0
6	48	0
7	48	0
8	48	0
9	48	0
10	48	31
11	48	0
12	48	0
13	48	31
14	48	0
15	48	82
16	48	0
17	48	58
18	48	58
19	48	0
20	48	31
21	48	31
22	48	31
23	48	31
0	49	0
1	49	0
2	49	0
3	49	0
4	49	0
5	49	0
6	49	0
7	49	0
8	49	0
9	49	0
10	49	0
11	49	0
12	49	0
13	49	0
14	49	154
15	49	0
16	49	0
17	49	0
18	49	239
19	49	0
20	49	154
21	49	0
22	49	0
23	49	0
0	50	3
1	50	3
2	50	5
3	50	7
4	50	9
5	50	16
6	50	13
7	50	16
8	50	16
9	50	22
10	50	22
11	50	24
12	50	22
13	50	20
14	50	18
15	50	23
16	50	24
17	50	24
18	50	27
19	50	27
20	50	27
21	50	20
22	50	8
23	50	4
0	51	0
1	51	7
2	51	7
3	51	0
4	51	0
5	51	7
6	51	7
7	51	21
8	51	27
9	51	14
10	51	27
11	51	46
12	51	34
13	51	27
14	51	7
15	51	14
16	51	51
17	51	14
18	51	34
19	51	40
20	51	27
21	51	21
22	51	7
23	51	0
0	52	0
1	52	0
2	52	0
3	52	5
4	52	0
5	52	0
6	52	9
7	52	22
8	52	18
9	52	18
10	52	5
11	52	26
12	52	18
13	52	30
14	52	9
15	52	30
16	52	34
17	52	38
18	52	34
19	52	60
20	52	60
21	52	5
22	52	22
23	52	0
0	53	0
1	53	0
2	53	4
3	53	2
4	53	2
5	53	12
6	53	13
7	53	19
8	53	19
9	53	12
10	53	17
11	53	39
12	53	20
13	53	24
14	53	21
15	53	19
16	53	23
17	53	29
18	53	30
19	53	28
20	53	32
21	53	7
22	53	13
23	53	1
0	54	0
1	54	0
2	54	5
3	54	3
4	54	7
5	54	18
6	54	11
7	54	14
8	54	28
9	54	16
10	54	24
11	54	45
12	54	29
13	54	18
14	54	14
15	54	31
16	54	31
17	54	24
18	54	14
19	54	33
20	54	29
21	54	16
22	54	7
23	54	9
0	55	0
1	55	0
2	55	0
3	55	0
4	55	0
5	55	0
6	55	253
7	55	0
8	55	0
9	55	0
10	55	0
11	55	0
12	55	0
13	55	0
14	55	0
15	55	0
16	55	0
17	55	0
18	55	0
19	55	0
20	55	0
21	55	0
22	55	0
23	55	0
0	56	0
1	56	0
2	56	0
3	56	0
4	56	0
5	56	0
6	56	123
7	56	0
8	56	0
9	56	0
10	56	72
11	56	0
12	56	0
13	56	0
14	56	0
15	56	0
16	56	123
17	56	0
18	56	72
19	56	72
20	56	72
21	56	72
22	56	0
23	56	0
0	57	0
1	57	0
2	57	0
3	57	0
4	57	0
5	57	0
6	57	0
7	57	0
8	57	0
9	57	0
10	57	0
11	57	0
12	57	0
13	57	0
14	57	0
15	57	0
16	57	0
17	57	0
18	57	244
19	57	0
20	57	0
21	57	0
22	57	0
23	57	0
0	58	0
1	58	0
2	58	2
3	58	7
4	58	3
5	58	18
6	58	6
7	58	15
8	58	18
9	58	22
10	58	12
11	58	26
12	58	18
13	58	16
14	58	13
15	58	26
16	58	51
17	58	56
18	58	23
19	58	17
20	58	16
21	58	21
22	58	11
23	58	2
0	59	0
1	59	0
2	59	0
3	59	0
4	59	0
5	59	0
6	59	0
7	59	0
8	59	0
9	59	0
10	59	0
11	59	0
12	59	0
13	59	0
14	59	0
15	59	0
16	59	0
17	59	0
18	59	0
19	59	0
20	59	0
21	59	0
22	59	0
23	59	0
0	60	5
1	60	5
2	60	0
3	60	0
4	60	5
5	60	10
6	60	0
7	60	18
8	60	14
9	60	0
10	60	0
11	60	10
12	60	39
13	60	43
14	60	5
15	60	23
16	60	18
17	60	14
18	60	35
19	60	23
20	60	18
21	60	5
22	60	0
23	60	5
0	61	0
1	61	0
2	61	0
3	61	0
4	61	0
5	61	0
6	61	0
7	61	0
8	61	61
9	61	0
10	61	0
11	61	61
12	61	0
13	61	0
14	61	0
15	61	0
16	61	0
17	61	0
18	61	0
19	61	61
20	61	0
21	61	61
22	61	61
23	61	0
0	62	0
1	62	0
2	62	0
3	62	0
4	62	10
5	62	36
6	62	0
7	62	28
8	62	28
9	62	67
10	62	44
11	62	28
12	62	10
13	62	0
14	62	36
15	62	44
16	62	28
17	62	28
18	62	36
19	62	67
20	62	28
21	62	36
22	62	10
23	62	0
0	63	0
1	63	0
2	63	0
3	63	0
4	63	0
5	63	68
6	63	118
7	63	68
8	63	0
9	63	0
10	63	0
11	63	0
12	63	0
13	63	0
14	63	68
15	63	0
16	63	0
17	63	0
18	63	0
19	63	0
20	63	118
21	63	68
22	63	0
23	63	0
0	64	5
1	64	1
2	64	2
3	64	5
4	64	14
5	64	21
6	64	19
7	64	30
8	64	21
9	64	24
10	64	34
11	64	30
12	64	30
13	64	21
14	64	20
15	64	19
16	64	24
17	64	27
18	64	37
19	64	30
20	64	24
21	64	22
22	64	7
23	64	3
0	65	9
1	65	0
2	65	0
3	65	0
4	65	9
5	65	9
6	65	26
7	65	26
8	65	49
9	65	9
10	65	26
11	65	42
12	65	18
13	65	42
14	65	18
15	65	26
16	65	18
17	65	9
18	65	42
19	65	49
20	65	42
21	65	9
22	65	34
23	65	0
0	66	0
1	66	0
2	66	0
3	66	0
4	66	34
5	66	0
6	66	0
7	66	0
8	66	63
9	66	34
10	66	0
11	66	34
12	66	34
13	66	63
14	66	34
15	66	88
16	66	0
17	66	63
18	66	63
19	66	0
20	66	63
21	66	0
22	66	0
23	66	0
0	67	1
1	67	2
2	67	4
3	67	6
4	67	12
5	67	9
6	67	13
7	67	16
8	67	20
9	67	18
10	67	18
11	67	21
12	67	22
13	67	19
14	67	23
15	67	19
16	67	22
17	67	18
18	67	22
19	67	19
20	67	18
21	67	17
22	67	8
23	67	2
0	68	0
1	68	2
2	68	3
3	68	5
4	68	13
5	68	13
6	68	6
7	68	17
8	68	16
9	68	9
10	68	20
11	68	21
12	68	19
13	68	9
14	68	10
15	68	28
16	68	10
17	68	10
18	68	27
19	68	23
20	68	13
21	68	16
22	68	6
23	68	0
0	69	2
1	69	0
2	69	2
3	69	4
4	69	12
5	69	10
6	69	9
7	69	7
8	69	10
9	69	13
10	69	9
11	69	24
12	69	5
13	69	12
14	69	16
15	69	9
16	69	15
17	69	4
18	69	16
19	69	15
20	69	18
21	69	0
22	69	2
23	69	4
0	70	0
1	70	0
2	70	0
3	70	17
4	70	12
5	70	33
6	70	6
7	70	33
8	70	47
9	70	38
10	70	23
11	70	38
12	70	47
13	70	28
14	70	6
15	70	23
16	70	38
17	70	17
18	70	17
19	70	12
20	70	23
21	70	6
22	70	6
23	70	0
0	71	0
1	71	0
2	71	0
3	71	0
4	71	12
5	71	35
6	71	12
7	71	24
8	71	12
9	71	12
10	71	0
11	71	24
12	71	45
13	71	0
14	71	12
15	71	24
16	71	24
17	71	24
18	71	35
19	71	24
20	71	0
21	71	12
22	71	0
23	71	12
0	72	0
1	72	2
2	72	0
3	72	11
4	72	9
5	72	11
6	72	26
7	72	29
8	72	19
9	72	29
10	72	19
11	72	29
12	72	16
13	72	32
14	72	29
15	72	23
16	72	19
17	72	21
18	72	16
19	72	32
20	72	23
21	72	24
22	72	9
23	72	6
0	73	0
1	73	0
2	73	0
3	73	0
4	73	0
5	73	0
6	73	0
7	73	0
8	73	0
9	73	0
10	73	0
11	73	0
12	73	0
13	73	0
14	73	0
15	73	0
16	73	0
17	73	0
18	73	0
19	73	0
20	73	0
21	73	0
22	73	0
23	73	0
0	74	0
1	74	0
2	74	0
3	74	0
4	74	17
5	74	0
6	74	0
7	74	0
8	74	32
9	74	0
10	74	0
11	74	0
12	74	0
13	74	17
14	74	46
15	74	59
16	74	17
17	74	0
18	74	17
19	74	0
20	74	0
21	74	0
22	74	17
23	74	17
0	75	0
1	75	0
2	75	0
3	75	0
4	75	0
5	75	0
6	75	103
7	75	0
8	75	0
9	75	0
10	75	0
11	75	103
12	75	0
13	75	0
14	75	0
15	75	0
16	75	0
17	75	0
18	75	0
19	75	0
20	75	0
21	75	0
22	75	0
23	75	0
0	76	0
1	76	0
2	76	0
3	76	77
4	76	77
5	76	0
6	76	0
7	76	0
8	76	0
9	76	77
10	76	0
11	76	0
12	76	0
13	76	77
14	76	0
15	76	0
16	76	0
17	76	77
18	76	0
19	76	77
20	76	0
21	76	0
22	76	0
23	76	0
0	77	0
1	77	0
2	77	0
3	77	0
4	77	0
5	77	0
6	77	0
7	77	0
8	77	0
9	77	0
10	77	0
11	77	0
12	77	0
13	77	0
14	77	0
15	77	0
16	77	0
17	77	0
18	77	0
19	77	0
20	77	0
21	77	0
22	77	0
23	77	0
0	78	33
1	78	0
2	78	0
3	78	12
4	78	0
5	78	23
6	78	12
7	78	33
8	78	43
9	78	23
10	78	23
11	78	0
12	78	12
13	78	23
14	78	12
15	78	52
16	78	43
17	78	33
18	78	23
19	78	23
20	78	12
21	78	12
22	78	0
23	78	12
0	79	4
1	79	2
2	79	0
3	79	0
4	79	2
5	79	10
6	79	13
7	79	8
8	79	20
9	79	24
10	79	37
11	79	24
12	79	25
13	79	10
14	79	2
15	79	11
16	79	18
17	79	25
18	79	27
19	79	22
20	79	4
21	79	30
22	79	13
23	79	4
0	80	14
1	80	0
2	80	27
3	80	0
4	80	50
5	80	0
6	80	0
7	80	50
8	80	0
9	80	0
10	80	27
11	80	50
12	80	39
13	80	0
14	80	0
15	80	0
16	80	14
17	80	14
18	80	0
19	80	27
20	80	0
21	80	0
22	80	39
23	80	0
0	81	0
1	81	0
2	81	0
3	81	0
4	81	0
5	81	18
6	81	34
7	81	0
8	81	18
9	81	0
10	81	34
11	81	34
12	81	18
13	81	0
14	81	0
15	81	0
16	81	49
17	81	34
18	81	49
19	81	49
20	81	34
21	81	49
22	81	18
23	81	0
0	82	0
1	82	0
2	82	0
3	82	0
4	82	15
5	82	54
6	82	15
7	82	0
8	82	0
9	82	29
10	82	0
11	82	15
12	82	15
13	82	0
14	82	15
15	82	29
16	82	65
17	82	29
18	82	76
19	82	15
20	82	0
21	82	15
22	82	0
23	82	0
0	83	3
1	83	1
2	83	6
3	83	6
4	83	11
5	83	13
6	83	12
7	83	17
8	83	16
9	83	18
10	83	26
11	83	22
12	83	16
13	83	19
14	83	22
15	83	25
16	83	20
17	83	25
18	83	30
19	83	22
20	83	28
21	83	22
22	83	13
23	83	8
0	84	3
1	84	4
2	84	3
3	84	3
4	84	6
5	84	19
6	84	15
7	84	19
8	84	27
9	84	14
10	84	24
11	84	27
12	84	23
13	84	18
14	84	18
15	84	19
16	84	25
17	84	34
18	84	19
19	84	31
20	84	34
21	84	29
22	84	8
23	84	5
0	85	0
1	85	0
2	85	0
3	85	0
4	85	0
5	85	130
6	85	29
7	85	54
8	85	0
9	85	29
10	85	0
11	85	0
12	85	29
13	85	0
14	85	29
15	85	0
16	85	0
17	85	29
18	85	0
19	85	29
20	85	29
21	85	0
22	85	0
23	85	0
0	86	0
1	86	0
2	86	0
3	86	0
4	86	0
5	86	0
6	86	0
7	86	0
8	86	0
9	86	201
10	86	0
11	86	201
12	86	0
13	86	0
14	86	0
15	86	0
16	86	0
17	86	0
18	86	0
19	86	0
20	86	201
21	86	0
22	86	0
23	86	0
0	87	0
1	87	0
2	87	0
3	87	0
4	87	0
5	87	0
6	87	0
7	87	0
8	87	0
9	87	0
10	87	0
11	87	253
12	87	0
13	87	0
14	87	0
15	87	0
16	87	0
17	87	0
18	87	0
19	87	0
20	87	0
21	87	0
22	87	0
23	87	0
0	88	0
1	88	0
2	88	0
3	88	0
4	88	0
5	88	0
6	88	0
7	88	145
8	88	0
9	88	0
10	88	0
11	88	0
12	88	0
13	88	0
14	88	0
15	88	0
16	88	0
17	88	88
18	88	0
19	88	0
20	88	0
21	88	0
22	88	0
23	88	0
0	89	2
1	89	3
2	89	2
3	89	5
4	89	12
5	89	16
6	89	15
7	89	15
8	89	16
9	89	20
10	89	21
11	89	26
12	89	21
13	89	19
14	89	20
15	89	22
16	89	21
17	89	26
18	89	38
19	89	32
20	89	29
21	89	23
22	89	9
23	89	2
0	90	0
1	90	0
2	90	0
3	90	0
4	90	17
5	90	33
6	90	28
7	90	6
8	90	17
9	90	23
10	90	33
11	90	23
12	90	12
13	90	6
14	90	23
15	90	12
16	90	33
17	90	28
18	90	6
19	90	23
20	90	12
21	90	0
22	90	6
23	90	0
0	91	0
1	91	0
2	91	0
3	91	0
4	91	18
5	91	49
6	91	99
7	91	49
8	91	18
9	91	18
10	91	34
11	91	63
12	91	34
13	91	63
14	91	18
15	91	0
16	91	18
17	91	18
18	91	0
19	91	0
20	91	0
21	91	0
22	91	0
23	91	0
0	92	0
1	92	0
2	92	0
3	92	0
4	92	10
5	92	10
6	92	10
7	92	19
8	92	28
9	92	10
10	92	19
11	92	10
12	92	10
13	92	0
14	92	10
15	92	10
16	92	0
17	92	10
18	92	10
19	92	28
20	92	10
21	92	19
22	92	10
23	92	0
0	93	17
1	93	0
2	93	0
3	93	17
4	93	0
5	93	47
6	93	17
7	93	0
8	93	0
9	93	33
10	93	0
11	93	0
12	93	0
13	93	17
14	93	17
15	93	33
16	93	0
17	93	17
18	93	0
19	93	86
20	93	107
21	93	33
22	93	0
23	93	17
0	94	2
1	94	3
2	94	6
3	94	7
4	94	9
5	94	16
6	94	15
7	94	17
8	94	18
9	94	21
10	94	19
11	94	29
12	94	21
13	94	22
14	94	19
15	94	24
16	94	22
17	94	27
18	94	33
19	94	35
20	94	32
21	94	19
22	94	9
23	94	4
0	95	0
1	95	0
2	95	23
3	95	0
4	95	12
5	95	34
6	95	0
7	95	12
8	95	23
9	95	110
10	95	72
11	95	34
12	95	54
13	95	12
14	95	23
15	95	44
16	95	96
17	95	63
18	95	63
19	95	0
20	95	34
21	95	0
22	95	44
23	95	0
0	96	0
1	96	0
2	96	0
3	96	0
4	96	0
5	96	0
6	96	0
7	96	0
8	96	0
9	96	0
10	96	0
11	96	0
12	96	0
13	96	0
14	96	0
15	96	0
16	96	0
17	96	0
18	96	0
19	96	0
20	96	0
21	96	0
22	96	0
23	96	0
0	97	1
1	97	1
2	97	0
3	97	1
4	97	4
5	97	8
6	97	17
7	97	17
8	97	11
9	97	23
10	97	16
11	97	23
12	97	21
13	97	19
14	97	21
15	97	16
16	97	22
17	97	25
18	97	28
19	97	21
20	97	31
21	97	14
22	97	6
23	97	5
0	98	7
1	98	9
2	98	14
3	98	7
4	98	16
5	98	21
6	98	17
7	98	27
8	98	35
9	98	30
10	98	27
11	98	22
12	98	30
13	98	24
14	98	30
15	98	17
16	98	12
17	98	22
18	98	44
19	98	36
20	98	38
21	98	17
22	98	12
23	98	9
0	99	3
1	99	2
2	99	4
3	99	6
4	99	7
5	99	10
6	99	14
7	99	23
8	99	16
9	99	21
10	99	21
11	99	22
12	99	20
13	99	20
14	99	16
15	99	18
16	99	20
17	99	27
18	99	21
19	99	21
20	99	21
21	99	19
22	99	8
23	99	4
0	100	0
1	100	0
2	100	0
3	100	0
4	100	0
5	100	0
6	100	175
7	100	175
8	100	0
9	100	0
10	100	0
11	100	0
12	100	0
13	100	0
14	100	175
15	100	0
16	100	0
17	100	0
18	100	0
19	100	0
20	100	0
21	100	0
22	100	0
23	100	0
0	101	3
1	101	3
2	101	4
3	101	7
4	101	8
5	101	14
6	101	15
7	101	20
8	101	20
9	101	17
10	101	20
11	101	23
12	101	19
13	101	17
14	101	17
15	101	19
16	101	25
17	101	21
18	101	22
19	101	26
20	101	23
21	101	14
22	101	5
23	101	5
0	102	0
1	102	0
2	102	0
3	102	0
4	102	0
5	102	19
6	102	19
7	102	0
8	102	19
9	102	53
10	102	68
11	102	0
12	102	0
13	102	0
14	102	37
15	102	0
16	102	19
17	102	0
18	102	0
19	102	37
20	102	0
21	102	19
22	102	0
23	102	0
0	103	0
1	103	0
2	103	0
3	103	0
4	103	5
5	103	0
6	103	5
7	103	9
8	103	13
9	103	9
10	103	0
11	103	9
12	103	5
13	103	5
14	103	5
15	103	9
16	103	0
17	103	9
18	103	0
19	103	9
20	103	9
21	103	0
22	103	0
23	103	0
0	104	3
1	104	2
2	104	1
3	104	5
4	104	10
5	104	6
6	104	16
7	104	16
8	104	16
9	104	14
10	104	19
11	104	22
12	104	14
13	104	15
14	104	13
15	104	16
16	104	20
17	104	21
18	104	24
19	104	26
20	104	27
21	104	16
22	104	11
23	104	6
0	105	0
1	105	0
2	105	0
3	105	0
4	105	0
5	105	0
6	105	0
7	105	0
8	105	103
9	105	0
10	105	0
11	105	0
12	105	0
13	105	0
14	105	0
15	105	0
16	105	0
17	105	103
18	105	0
19	105	0
20	105	0
21	105	0
22	105	0
23	105	0
0	106	0
1	106	0
2	106	0
3	106	20
4	106	0
5	106	20
6	106	32
7	106	26
8	106	38
9	106	32
10	106	32
11	106	14
12	106	14
13	106	20
14	106	38
15	106	7
16	106	20
17	106	26
18	106	26
19	106	38
20	106	32
21	106	14
22	106	0
23	106	0
0	107	10
1	107	0
2	107	3
3	107	6
4	107	10
5	107	32
6	107	22
7	107	22
8	107	36
9	107	38
10	107	22
11	107	34
12	107	15
13	107	13
14	107	20
15	107	22
16	107	49
17	107	57
18	107	32
19	107	53
20	107	47
21	107	32
22	107	18
23	107	3
0	108	0
1	108	0
2	108	0
3	108	0
4	108	0
5	108	0
6	108	0
7	108	0
8	108	0
9	108	0
10	108	0
11	108	0
12	108	0
13	108	0
14	108	0
15	108	0
16	108	0
17	108	0
18	108	0
19	108	0
20	108	0
21	108	0
22	108	0
23	108	0
0	109	0
1	109	0
2	109	0
3	109	0
4	109	0
5	109	0
6	109	253
7	109	0
8	109	0
9	109	0
10	109	0
11	109	0
12	109	0
13	109	0
14	109	0
15	109	0
16	109	0
17	109	0
18	109	0
19	109	0
20	109	0
21	109	0
22	109	0
23	109	0
0	110	0
1	110	0
2	110	0
3	110	0
4	110	53
5	110	0
6	110	0
7	110	95
8	110	0
9	110	53
10	110	0
11	110	53
12	110	0
13	110	53
14	110	53
15	110	0
16	110	53
17	110	0
18	110	53
19	110	0
20	110	0
21	110	0
22	110	0
23	110	0
0	111	4
1	111	5
2	111	6
3	111	8
4	111	14
5	111	19
6	111	21
7	111	22
8	111	22
9	111	23
10	111	25
11	111	24
12	111	21
13	111	20
14	111	18
15	111	21
16	111	23
17	111	25
18	111	28
19	111	27
20	111	25
21	111	20
22	111	12
23	111	7
0	112	0
1	112	0
2	112	0
3	112	22
4	112	22
5	112	0
6	112	0
7	112	22
8	112	0
9	112	0
10	112	0
11	112	0
12	112	22
13	112	22
14	112	0
15	112	0
16	112	22
17	112	0
18	112	0
19	112	22
20	112	41
21	112	22
22	112	41
23	112	0
0	113	2
1	113	2
2	113	4
3	113	4
4	113	6
5	113	11
6	113	15
7	113	13
8	113	16
9	113	14
10	113	24
11	113	16
12	113	21
13	113	22
14	113	11
15	113	21
16	113	21
17	113	21
18	113	30
19	113	29
20	113	25
21	113	15
22	113	9
23	113	9
0	114	0
1	114	0
2	114	0
3	114	0
4	114	0
5	114	0
6	114	0
7	114	0
8	114	0
9	114	88
10	114	0
11	114	0
12	114	0
13	114	0
14	114	0
15	114	0
16	114	0
17	114	0
18	114	0
19	114	0
20	114	0
21	114	0
22	114	0
23	114	0
0	115	2
1	115	3
2	115	5
3	115	8
4	115	8
5	115	16
6	115	17
7	115	30
8	115	26
9	115	30
10	115	29
11	115	31
12	115	32
13	115	18
14	115	18
15	115	27
16	115	20
17	115	25
18	115	35
19	115	27
20	115	39
21	115	20
22	115	8
23	115	6
0	116	0
1	116	0
2	116	0
3	116	27
4	116	0
5	116	27
6	116	27
7	116	0
8	116	27
9	116	0
10	116	0
11	116	62
12	116	27
13	116	51
14	116	27
15	116	27
16	116	62
17	116	27
18	116	14
19	116	27
20	116	51
21	116	51
22	116	0
23	116	0
0	117	2
1	117	3
2	117	3
3	117	5
4	117	9
5	117	12
6	117	14
7	117	17
8	117	17
9	117	18
10	117	19
11	117	21
12	117	20
13	117	18
14	117	17
15	117	20
16	117	23
17	117	24
18	117	27
19	117	26
20	117	24
21	117	18
22	117	9
23	117	5
0	118	0
1	118	0
2	118	0
3	118	18
4	118	10
5	118	0
6	118	27
7	118	10
8	118	10
9	118	10
10	118	35
11	118	35
12	118	10
13	118	10
14	118	18
15	118	10
16	118	18
17	118	10
18	118	18
19	118	27
20	118	10
21	118	18
22	118	10
23	118	10
0	119	0
1	119	0
2	119	37
3	119	37
4	119	0
5	119	37
6	119	0
7	119	0
8	119	0
9	119	0
10	119	0
11	119	68
12	119	95
13	119	0
14	119	0
15	119	0
16	119	37
17	119	37
18	119	37
19	119	37
20	119	0
21	119	0
22	119	0
23	119	0
0	120	0
1	120	0
2	120	0
3	120	0
4	120	0
5	120	0
6	120	0
7	120	0
8	120	0
9	120	112
10	120	0
11	120	0
12	120	0
13	120	112
14	120	112
15	120	0
16	120	0
17	120	0
18	120	175
19	120	0
20	120	0
21	120	0
22	120	0
23	120	0
0	121	0
1	121	0
2	121	0
3	121	0
4	121	0
5	121	0
6	121	0
7	121	0
8	121	0
9	121	0
10	121	0
11	121	40
12	121	40
13	121	0
14	121	0
15	121	103
16	121	74
17	121	40
18	121	0
19	121	40
20	121	40
21	121	74
22	121	0
23	121	0
0	122	0
1	122	0
2	122	0
3	122	0
4	122	0
5	122	0
6	122	34
7	122	9
8	122	18
9	122	42
10	122	18
11	122	42
12	122	56
13	122	9
14	122	18
15	122	42
16	122	34
17	122	70
18	122	49
19	122	63
20	122	42
21	122	49
22	122	9
23	122	0
0	123	5
1	123	0
2	123	13
3	123	20
4	123	17
5	123	9
6	123	5
7	123	20
8	123	5
9	123	32
10	123	5
11	123	42
12	123	24
13	123	20
14	123	17
15	123	9
16	123	32
17	123	24
18	123	56
19	123	42
20	123	32
21	123	20
22	123	0
23	123	0
0	124	0
1	124	0
2	124	0
3	124	0
4	124	46
5	124	0
6	124	46
7	124	65
8	124	46
9	124	24
10	124	24
11	124	0
12	124	46
13	124	24
14	124	0
15	124	46
16	124	46
17	124	24
18	124	24
19	124	0
20	124	65
21	124	24
22	124	24
23	124	0
0	125	3
1	125	2
2	125	3
3	125	5
4	125	9
5	125	17
6	125	14
7	125	13
8	125	18
9	125	15
10	125	14
11	125	23
12	125	20
13	125	19
14	125	16
15	125	18
16	125	18
17	125	22
18	125	24
19	125	27
20	125	23
21	125	15
22	125	8
23	125	1
0	126	0
1	126	0
2	126	0
3	126	0
4	126	0
5	126	8
6	126	31
7	126	64
8	126	8
9	126	38
10	126	45
11	126	16
12	126	16
13	126	16
14	126	0
15	126	8
16	126	8
17	126	16
18	126	38
19	126	24
20	126	0
21	126	8
22	126	0
23	126	0
0	127	0
1	127	8
2	127	8
3	127	8
4	127	0
5	127	14
6	127	8
7	127	0
8	127	28
9	127	0
10	127	8
11	127	8
12	127	8
13	127	0
14	127	14
15	127	14
16	127	34
17	127	8
18	127	8
19	127	8
20	127	21
21	127	8
22	127	8
23	127	0
0	128	2
1	128	2
2	128	3
3	128	3
4	128	12
5	128	15
6	128	14
7	128	18
8	128	21
9	128	22
10	128	25
11	128	32
12	128	30
13	128	24
14	128	19
15	128	24
16	128	42
17	128	43
18	128	46
19	128	39
20	128	35
21	128	27
22	128	15
23	128	7
