Counts for Sony(13) in Iran(20):
Hour	Location Index	Count
0	0	0
1	0	0
2	0	0
3	0	0
4	0	0
5	0	0
6	0	0
7	0	0
8	0	0
9	0	0
10	0	0
11	0	0
12	0	0
13	0	0
14	0	0
15	0	0
16	0	0
17	0	0
18	0	0
19	0	0
20	0	0
21	0	0
22	0	0
23	0	0
0	1	3
1	1	2
2	1	2
3	1	2
4	1	3
5	1	6
6	1	8
7	1	7
8	1	7
9	1	8
10	1	7
11	1	10
12	1	9
13	1	7
14	1	6
15	1	7
16	1	10
17	1	8
18	1	11
19	1	12
20	1	9
21	1	12
22	1	4
23	1	2
0	2	0
1	2	0
2	2	0
3	2	0
4	2	0
5	2	0
6	2	29
7	2	0
8	2	0
9	2	29
10	2	0
11	2	0
12	2	0
13	2	0
14	2	0
15	2	0
16	2	0
17	2	15
18	2	0
19	2	15
20	2	0
21	2	0
22	2	0
23	2	0
0	3	0
1	3	0
2	3	0
3	3	2
4	3	2
5	3	4
6	3	4
7	3	10
8	3	2
9	3	12
10	3	10
11	3	4
12	3	6
13	3	8
14	3	12
15	3	6
16	3	6
17	3	4
18	3	14
19	3	6
20	3	8
21	3	4
22	3	4
23	3	6
0	4	0
1	4	0
2	4	0
3	4	0
4	4	0
5	4	0
6	4	0
7	4	0
8	4	0
9	4	0
10	4	0
11	4	0
12	4	0
13	4	0
14	4	0
15	4	86
16	4	0
17	4	0
18	4	0
19	4	0
20	4	0
21	4	0
22	4	0
23	4	0
0	5	0
1	5	0
2	5	0
3	5	0
4	5	0
5	5	0
6	5	35
7	5	35
8	5	35
9	5	0
10	5	90
11	5	0
12	5	0
13	5	0
14	5	0
15	5	0
16	5	0
17	5	0
18	5	0
19	5	0
20	5	0
21	5	0
22	5	0
23	5	0
0	6	1
1	6	1
2	6	2
3	6	3
4	6	3
5	6	3
6	6	3
7	6	6
8	6	7
9	6	6
10	6	8
11	6	7
12	6	5
13	6	5
14	6	6
15	6	8
16	6	8
17	6	7
18	6	10
19	6	10
20	6	8
21	6	6
22	6	3
23	6	1
0	7	0
1	7	0
2	7	0
3	7	0
4	7	0
5	7	0
6	7	0
7	7	0
8	7	0
9	7	0
10	7	0
11	7	0
12	7	0
13	7	0
14	7	0
15	7	0
16	7	0
17	7	0
18	7	0
19	7	0
20	7	0
21	7	0
22	7	0
23	7	0
0	8	1
1	8	2
2	8	3
3	8	2
4	8	3
5	8	5
6	8	4
7	8	4
8	8	3
9	8	9
10	8	5
11	8	6
12	8	4
13	8	9
14	8	6
15	8	12
16	8	11
17	8	9
18	8	7
19	8	12
20	8	10
21	8	6
22	8	3
23	8	1
0	9	0
1	9	0
2	9	0
3	9	0
4	9	0
5	9	0
6	9	0
7	9	0
8	9	0
9	9	0
10	9	7
11	9	0
12	9	0
13	9	0
14	9	0
15	9	7
16	9	7
17	9	7
18	9	0
19	9	0
20	9	0
21	9	7
22	9	7
23	9	0
0	10	0
1	10	0
2	10	0
3	10	5
4	10	20
5	10	0
6	10	5
7	10	10
8	10	5
9	10	20
10	10	0
11	10	10
12	10	0
13	10	0
14	10	5
15	10	15
16	10	5
17	10	5
18	10	10
19	10	10
20	10	0
21	10	20
22	10	0
23	10	0
0	11	0
1	11	0
2	11	0
3	11	0
4	11	0
5	11	0
6	11	0
7	11	0
8	11	0
9	11	0
10	11	0
11	11	0
12	11	0
13	11	0
14	11	0
15	11	0
16	11	0
17	11	0
18	11	0
19	11	0
20	11	0
21	11	0
22	11	0
23	11	0
0	12	0
1	12	0
2	12	0
3	12	0
4	12	64
5	12	0
6	12	0
7	12	0
8	12	35
9	12	0
10	12	0
11	12	0
12	12	35
13	12	0
14	12	0
15	12	0
16	12	35
17	12	0
18	12	0
19	12	0
20	12	35
21	12	0
22	12	0
23	12	0
0	13	0
1	13	0
2	13	0
3	13	0
4	13	0
5	13	0
6	13	0
7	13	0
8	13	0
9	13	0
10	13	0
11	13	0
12	13	0
13	13	0
14	13	0
15	13	0
16	13	0
17	13	0
18	13	0
19	13	0
20	13	0
21	13	0
22	13	0
23	13	0
0	14	0
1	14	0
2	14	0
3	14	0
4	14	0
5	14	11
6	14	0
7	14	0
8	14	0
9	14	0
10	14	0
11	14	0
12	14	0
13	14	11
14	14	0
15	14	11
16	14	0
17	14	0
18	14	0
19	14	0
20	14	0
21	14	0
22	14	0
23	14	0
0	15	0
1	15	0
2	15	0
3	15	0
4	15	0
5	15	0
6	15	0
7	15	28
8	15	0
9	15	0
10	15	0
11	15	0
12	15	0
13	15	0
14	15	0
15	15	53
16	15	0
17	15	0
18	15	0
19	15	28
20	15	28
21	15	0
22	15	0
23	15	0
0	16	0
1	16	1
2	16	0
3	16	0
4	16	3
5	16	2
6	16	2
7	16	3
8	16	6
9	16	5
10	16	3
11	16	7
12	16	3
13	16	5
14	16	4
15	16	6
16	16	8
17	16	13
18	16	14
19	16	8
20	16	11
21	16	3
22	16	1
23	16	3
0	17	0
1	17	0
2	17	0
3	17	0
4	17	0
5	17	0
6	17	0
7	17	0
8	17	0
9	17	0
10	17	0
11	17	0
12	17	0
13	17	0
14	17	0
15	17	0
16	17	0
17	17	0
18	17	0
19	17	183
20	17	0
21	17	0
22	17	0
23	17	0
0	18	0
1	18	0
2	18	0
3	18	0
4	18	0
5	18	0
6	18	0
7	18	0
8	18	0
9	18	0
10	18	0
11	18	29
12	18	0
13	18	0
14	18	0
15	18	0
16	18	0
17	18	0
18	18	0
19	18	0
20	18	0
21	18	0
22	18	0
23	18	0
0	19	0
1	19	0
2	19	0
3	19	0
4	19	0
5	19	0
6	19	0
7	19	0
8	19	0
9	19	0
10	19	0
11	19	0
12	19	0
13	19	0
14	19	0
15	19	0
16	19	0
17	19	0
18	19	0
19	19	0
20	19	0
21	19	0
22	19	0
23	19	0
0	20	0
1	20	0
2	20	9
3	20	0
4	20	3
5	20	9
6	20	3
7	20	12
8	20	3
9	20	9
10	20	12
11	20	12
12	20	34
13	20	9
14	20	6
15	20	6
16	20	6
17	20	0
18	20	6
19	20	0
20	20	0
21	20	9
22	20	12
23	20	0
0	21	0
1	21	0
2	21	0
3	21	0
4	21	0
5	21	0
6	21	0
7	21	0
8	21	0
9	21	0
10	21	0
11	21	0
12	21	0
13	21	0
14	21	0
15	21	0
16	21	0
17	21	0
18	21	0
19	21	0
20	21	0
21	21	0
22	21	0
23	21	0
0	22	0
1	22	0
2	22	0
3	22	0
4	22	0
5	22	15
6	22	8
7	22	0
8	22	0
9	22	8
10	22	0
11	22	0
12	22	0
13	22	8
14	22	15
15	22	0
16	22	35
17	22	15
18	22	0
19	22	15
20	22	8
21	22	0
22	22	0
23	22	0
0	23	0
1	23	0
2	23	0
3	23	0
4	23	0
5	23	0
6	23	0
7	23	0
8	23	0
9	23	0
10	23	0
11	23	0
12	23	0
13	23	0
14	23	43
15	23	0
16	23	0
17	23	0
18	23	0
19	23	0
20	23	0
21	23	0
22	23	0
23	23	0
0	24	0
1	24	0
2	24	0
3	24	0
4	24	0
5	24	0
6	24	0
7	24	0
8	24	0
9	24	0
10	24	0
11	24	0
12	24	0
13	24	0
14	24	0
15	24	0
16	24	0
17	24	0
18	24	0
19	24	0
20	24	0
21	24	0
22	24	0
23	24	0
0	25	0
1	25	0
2	25	0
3	25	4
4	25	2
5	25	4
6	25	4
7	25	5
8	25	4
9	25	10
10	25	4
11	25	4
12	25	8
13	25	8
14	25	6
15	25	6
16	25	7
17	25	6
18	25	5
19	25	4
20	25	12
21	25	10
22	25	3
23	25	8
0	26	1
1	26	2
2	26	1
3	26	2
4	26	8
5	26	5
6	26	6
7	26	4
8	26	8
9	26	11
10	26	6
11	26	12
12	26	4
13	26	8
14	26	9
15	26	7
16	26	7
17	26	9
18	26	6
19	26	8
20	26	8
21	26	4
22	26	3
23	26	2
0	27	0
1	27	0
2	27	0
3	27	0
4	27	0
5	27	0
6	27	0
7	27	0
8	27	0
9	27	0
10	27	0
11	27	0
12	27	0
13	27	0
14	27	0
15	27	0
16	27	0
17	27	0
18	27	0
19	27	0
20	27	0
21	27	0
22	27	0
23	27	0
0	28	0
1	28	0
2	28	0
3	28	0
4	28	0
5	28	0
6	28	0
7	28	0
8	28	0
9	28	0
10	28	0
11	28	0
12	28	0
13	28	0
14	28	0
15	28	0
16	28	0
17	28	0
18	28	0
19	28	0
20	28	0
21	28	0
22	28	0
23	28	0
0	29	1
1	29	1
2	29	2
3	29	2
4	29	3
5	29	5
6	29	5
7	29	6
8	29	6
9	29	8
10	29	9
11	29	8
12	29	6
13	29	7
14	29	7
15	29	8
16	29	8
17	29	9
18	29	10
19	29	10
20	29	9
21	29	7
22	29	3
23	29	2
0	30	0
1	30	0
2	30	0
3	30	0
4	30	0
5	30	0
6	30	0
7	30	0
8	30	0
9	30	0
10	30	0
11	30	0
12	30	0
13	30	0
14	30	0
15	30	0
16	30	0
17	30	0
18	30	0
19	30	0
20	30	0
21	30	0
22	30	0
23	30	0
0	31	0
1	31	0
2	31	0
3	31	0
4	31	0
5	31	0
6	31	0
7	31	0
8	31	0
9	31	0
10	31	0
11	31	0
12	31	0
13	31	0
14	31	0
15	31	0
16	31	0
17	31	0
18	31	0
19	31	0
20	31	0
21	31	0
22	31	0
23	31	0
0	32	1
1	32	1
2	32	2
3	32	1
4	32	2
5	32	3
6	32	4
7	32	4
8	32	5
9	32	6
10	32	6
11	32	7
12	32	6
13	32	5
14	32	6
15	32	8
16	32	6
17	32	7
18	32	9
19	32	10
20	32	9
21	32	6
22	32	4
23	32	2
0	33	1
1	33	1
2	33	2
3	33	2
4	33	3
5	33	5
6	33	6
7	33	7
8	33	6
9	33	7
10	33	7
11	33	7
12	33	7
13	33	6
14	33	6
15	33	7
16	33	8
17	33	8
18	33	9
19	33	9
20	33	8
21	33	6
22	33	4
23	33	2
0	34	0
1	34	0
2	34	0
3	34	0
4	34	0
5	34	0
6	34	0
7	34	0
8	34	95
9	34	0
10	34	0
11	34	0
12	34	154
13	34	0
14	34	0
15	34	0
16	34	0
17	34	0
18	34	0
19	34	0
20	34	0
21	34	0
22	34	0
23	34	0
0	35	1
1	35	1
2	35	1
3	35	1
4	35	3
5	35	3
6	35	5
7	35	5
8	35	7
9	35	5
10	35	7
11	35	7
12	35	6
13	35	5
14	35	6
15	35	6
16	35	7
17	35	7
18	35	9
19	35	7
20	35	8
21	35	6
22	35	4
23	35	2
0	36	0
1	36	0
2	36	3
3	36	3
4	36	0
5	36	0
6	36	0
7	36	11
8	36	3
9	36	8
10	36	6
11	36	8
12	36	6
13	36	6
14	36	3
15	36	0
16	36	3
17	36	14
18	36	14
19	36	6
20	36	6
21	36	0
22	36	0
23	36	6
0	37	0
1	37	0
2	37	7
3	37	0
4	37	0
5	37	27
6	37	21
7	37	7
8	37	7
9	37	0
10	37	7
11	37	7
12	37	7
13	37	0
14	37	0
15	37	7
16	37	0
17	37	7
18	37	7
19	37	14
20	37	7
21	37	14
22	37	0
23	37	0
0	38	0
1	38	0
2	38	0
3	38	0
4	38	2
5	38	4
6	38	8
7	38	5
8	38	6
9	38	12
10	38	11
11	38	8
12	38	12
13	38	4
14	38	6
15	38	5
16	38	12
17	38	8
18	38	17
19	38	11
20	38	9
21	38	6
22	38	0
23	38	2
0	39	7
1	39	0
2	39	2
3	39	10
4	39	0
5	39	3
6	39	4
7	39	0
8	39	3
9	39	8
10	39	11
11	39	8
12	39	10
13	39	0
14	39	3
15	39	8
16	39	8
17	39	11
18	39	4
19	39	10
20	39	10
21	39	7
22	39	2
23	39	2
0	40	0
1	40	0
2	40	0
3	40	0
4	40	0
5	40	30
6	40	0
7	40	0
8	40	0
9	40	0
10	40	0
11	40	0
12	40	0
13	40	30
14	40	16
15	40	0
16	40	0
17	40	0
18	40	0
19	40	0
20	40	0
21	40	0
22	40	16
23	40	0
0	41	0
1	41	0
2	41	0
3	41	0
4	41	0
5	41	0
6	41	0
7	41	0
8	41	0
9	41	0
10	41	22
11	41	0
12	41	0
13	41	0
14	41	0
15	41	0
16	41	22
17	41	0
18	41	0
19	41	22
20	41	22
21	41	0
22	41	0
23	41	0
0	42	0
1	42	0
2	42	0
3	42	0
4	42	0
5	42	8
6	42	0
7	42	0
8	42	0
9	42	0
10	42	8
11	42	16
12	42	0
13	42	0
14	42	0
15	42	16
16	42	0
17	42	0
18	42	0
19	42	16
20	42	8
21	42	16
22	42	0
23	42	0
0	43	1
1	43	0
2	43	1
3	43	1
4	43	2
5	43	4
6	43	4
7	43	7
8	43	4
9	43	6
10	43	9
11	43	5
12	43	6
13	43	2
14	43	3
15	43	7
16	43	8
17	43	11
18	43	6
19	43	5
20	43	9
21	43	5
22	43	3
23	43	1
0	44	1
1	44	1
2	44	1
3	44	2
4	44	2
5	44	4
6	44	4
7	44	6
8	44	6
9	44	7
10	44	6
11	44	7
12	44	7
13	44	5
14	44	5
15	44	7
16	44	8
17	44	8
18	44	10
19	44	10
20	44	7
21	44	6
22	44	3
23	44	2
0	45	0
1	45	0
2	45	0
3	45	0
4	45	0
5	45	0
6	45	0
7	45	29
8	45	29
9	45	0
10	45	0
11	45	54
12	45	0
13	45	0
14	45	0
15	45	29
16	45	54
17	45	0
18	45	29
19	45	0
20	45	29
21	45	77
22	45	0
23	45	0
0	46	1
1	46	0
2	46	0
3	46	4
4	46	1
5	46	7
6	46	4
7	46	5
8	46	7
9	46	7
10	46	8
11	46	9
12	46	10
13	46	9
14	46	9
15	46	10
16	46	7
17	46	10
18	46	12
19	46	19
20	46	12
21	46	6
22	46	4
23	46	3
0	47	0
1	47	0
2	47	0
3	47	0
4	47	0
5	47	0
6	47	0
7	47	0
8	47	0
9	47	0
10	47	0
11	47	0
12	47	32
13	47	0
14	47	0
15	47	0
16	47	0
17	47	0
18	47	0
19	47	0
20	47	0
21	47	0
22	47	0
23	47	0
0	48	0
1	48	0
2	48	0
3	48	0
4	48	0
5	48	0
6	48	0
7	48	0
8	48	58
9	48	31
10	48	0
11	48	0
12	48	0
13	48	0
14	48	0
15	48	0
16	48	0
17	48	0
18	48	0
19	48	0
20	48	0
21	48	0
22	48	0
23	48	0
0	49	0
1	49	0
2	49	0
3	49	0
4	49	0
5	49	0
6	49	0
7	49	0
8	49	0
9	49	0
10	49	0
11	49	0
12	49	0
13	49	0
14	49	0
15	49	0
16	49	0
17	49	0
18	49	0
19	49	0
20	49	0
21	49	0
22	49	0
23	49	0
0	50	1
1	50	1
2	50	2
3	50	1
4	50	3
5	50	3
6	50	4
7	50	4
8	50	6
9	50	5
10	50	10
11	50	6
12	50	6
13	50	6
14	50	5
15	50	7
16	50	9
17	50	9
18	50	10
19	50	10
20	50	7
21	50	7
22	50	4
23	50	2
0	51	0
1	51	0
2	51	0
3	51	7
4	51	7
5	51	0
6	51	0
7	51	7
8	51	0
9	51	0
10	51	0
11	51	0
12	51	7
13	51	0
14	51	0
15	51	7
16	51	21
17	51	14
18	51	7
19	51	0
20	51	0
21	51	0
22	51	0
23	51	0
0	52	0
1	52	0
2	52	0
3	52	0
4	52	0
5	52	0
6	52	5
7	52	5
8	52	5
9	52	0
10	52	9
11	52	5
12	52	0
13	52	26
14	52	9
15	52	0
16	52	0
17	52	5
18	52	9
19	52	5
20	52	5
21	52	5
22	52	9
23	52	0
0	53	1
1	53	0
2	53	1
3	53	2
4	53	3
5	53	2
6	53	8
7	53	3
8	53	2
9	53	8
10	53	6
11	53	6
12	53	11
13	53	2
14	53	4
15	53	5
16	53	15
17	53	16
18	53	15
19	53	11
20	53	3
21	53	5
22	53	6
23	53	1
0	54	0
1	54	0
2	54	0
3	54	3
4	54	0
5	54	3
6	54	3
7	54	9
8	54	7
9	54	7
10	54	9
11	54	3
12	54	5
13	54	7
14	54	9
15	54	9
16	54	7
17	54	12
18	54	16
19	54	7
20	54	0
21	54	9
22	54	3
23	54	5
0	55	0
1	55	0
2	55	0
3	55	0
4	55	0
5	55	0
6	55	0
7	55	0
8	55	0
9	55	0
10	55	0
11	55	0
12	55	0
13	55	0
14	55	0
15	55	0
16	55	0
17	55	0
18	55	0
19	55	0
20	55	0
21	55	0
22	55	0
23	55	0
0	56	0
1	56	0
2	56	0
3	56	0
4	56	0
5	56	0
6	56	0
7	56	72
8	56	0
9	56	0
10	56	0
11	56	0
12	56	0
13	56	0
14	56	0
15	56	72
16	56	72
17	56	0
18	56	72
19	56	0
20	56	0
21	56	0
22	56	0
23	56	0
0	57	0
1	57	0
2	57	0
3	57	0
4	57	0
5	57	0
6	57	0
7	57	0
8	57	0
9	57	0
10	57	0
11	57	0
12	57	0
13	57	0
14	57	0
15	57	0
16	57	0
17	57	0
18	57	0
19	57	0
20	57	0
21	57	0
22	57	0
23	57	0
0	58	2
1	58	0
2	58	0
3	58	3
4	58	3
5	58	6
6	58	2
7	58	7
8	58	12
9	58	10
10	58	7
11	58	2
12	58	11
13	58	10
14	58	3
15	58	6
16	58	10
17	58	6
18	58	10
19	58	6
20	58	8
21	58	4
22	58	2
23	58	2
0	59	0
1	59	0
2	59	0
3	59	0
4	59	0
5	59	0
6	59	0
7	59	0
8	59	0
9	59	0
10	59	0
11	59	0
12	59	0
13	59	0
14	59	0
15	59	0
16	59	0
17	59	0
18	59	0
19	59	0
20	59	0
21	59	0
22	59	0
23	59	0
0	60	0
1	60	0
2	60	0
3	60	0
4	60	0
5	60	0
6	60	0
7	60	0
8	60	5
9	60	27
10	60	10
11	60	10
12	60	31
13	60	18
14	60	5
15	60	5
16	60	18
17	60	10
18	60	27
19	60	0
20	60	31
21	60	5
22	60	10
23	60	0
0	61	0
1	61	0
2	61	0
3	61	0
4	61	0
5	61	0
6	61	0
7	61	0
8	61	0
9	61	0
10	61	0
11	61	0
12	61	0
13	61	107
14	61	0
15	61	0
16	61	0
17	61	61
18	61	0
19	61	0
20	61	61
21	61	0
22	61	0
23	61	0
0	62	0
1	62	0
2	62	0
3	62	10
4	62	19
5	62	10
6	62	10
7	62	0
8	62	0
9	62	0
10	62	10
11	62	0
12	62	0
13	62	10
14	62	0
15	62	10
16	62	10
17	62	10
18	62	10
19	62	10
20	62	0
21	62	0
22	62	0
23	62	0
0	63	0
1	63	0
2	63	0
3	63	0
4	63	0
5	63	0
6	63	0
7	63	0
8	63	0
9	63	0
10	63	0
11	63	68
12	63	0
13	63	0
14	63	0
15	63	0
16	63	0
17	63	0
18	63	0
19	63	0
20	63	0
21	63	0
22	63	0
23	63	0
0	64	0
1	64	0
2	64	2
3	64	2
4	64	2
5	64	3
6	64	11
7	64	6
8	64	5
9	64	4
10	64	10
11	64	8
12	64	5
13	64	7
14	64	5
15	64	10
16	64	7
17	64	9
18	64	11
19	64	9
20	64	5
21	64	3
22	64	2
23	64	2
0	65	0
1	65	0
2	65	0
3	65	18
4	65	0
5	65	0
6	65	0
7	65	9
8	65	0
9	65	34
10	65	9
11	65	26
12	65	0
13	65	0
14	65	18
15	65	0
16	65	9
17	65	18
18	65	9
19	65	18
20	65	9
21	65	18
22	65	18
23	65	26
0	66	0
1	66	0
2	66	0
3	66	34
4	66	0
5	66	0
6	66	0
7	66	0
8	66	0
9	66	0
10	66	0
11	66	0
12	66	0
13	66	0
14	66	0
15	66	0
16	66	0
17	66	0
18	66	0
19	66	0
20	66	0
21	66	0
22	66	0
23	66	0
0	67	0
1	67	1
2	67	0
3	67	1
4	67	1
5	67	3
6	67	5
7	67	6
8	67	3
9	67	3
10	67	8
11	67	6
12	67	5
13	67	3
14	67	5
15	67	3
16	67	6
17	67	4
18	67	3
19	67	7
20	67	6
21	67	5
22	67	1
23	67	1
0	68	2
1	68	5
2	68	0
3	68	0
4	68	2
5	68	6
6	68	9
7	68	6
8	68	8
9	68	3
10	68	15
11	68	16
12	68	13
13	68	5
14	68	9
15	68	10
16	68	6
17	68	23
18	68	12
19	68	16
20	68	8
21	68	10
22	68	6
23	68	3
0	69	2
1	69	2
2	69	0
3	69	2
4	69	0
5	69	0
6	69	2
7	69	0
8	69	0
9	69	5
10	69	7
11	69	2
12	69	4
13	69	5
14	69	2
15	69	7
16	69	2
17	69	2
18	69	2
19	69	7
20	69	2
21	69	2
22	69	0
23	69	0
0	70	0
1	70	0
2	70	0
3	70	0
4	70	6
5	70	6
6	70	0
7	70	0
8	70	0
9	70	12
10	70	6
11	70	12
12	70	17
13	70	0
14	70	0
15	70	6
16	70	6
17	70	6
18	70	12
19	70	17
20	70	6
21	70	6
22	70	0
23	70	0
0	71	0
1	71	0
2	71	0
3	71	0
4	71	0
5	71	0
6	71	35
7	71	0
8	71	0
9	71	24
10	71	55
11	71	24
12	71	0
13	71	12
14	71	0
15	71	12
16	71	12
17	71	35
18	71	0
19	71	0
20	71	0
21	71	24
22	71	35
23	71	0
0	72	0
1	72	2
2	72	0
3	72	4
4	72	4
5	72	0
6	72	9
7	72	9
8	72	6
9	72	2
10	72	6
11	72	14
12	72	0
13	72	9
14	72	8
15	72	0
16	72	6
17	72	6
18	72	6
19	72	6
20	72	9
21	72	9
22	72	2
23	72	2
0	73	0
1	73	0
2	73	0
3	73	0
4	73	0
5	73	0
6	73	0
7	73	0
8	73	0
9	73	0
10	73	0
11	73	215
12	73	95
13	73	0
14	73	0
15	73	0
16	73	0
17	73	0
18	73	0
19	73	0
20	73	0
21	73	0
22	73	0
23	73	0
0	74	0
1	74	0
2	74	0
3	74	0
4	74	0
5	74	0
6	74	0
7	74	0
8	74	0
9	74	0
10	74	0
11	74	17
12	74	0
13	74	17
14	74	0
15	74	0
16	74	0
17	74	0
18	74	0
19	74	0
20	74	46
21	74	17
22	74	46
23	74	32
0	75	0
1	75	0
2	75	0
3	75	0
4	75	0
5	75	0
6	75	0
7	75	0
8	75	0
9	75	0
10	75	0
11	75	164
12	75	0
13	75	0
14	75	0
15	75	0
16	75	0
17	75	0
18	75	0
19	75	0
20	75	0
21	75	0
22	75	0
23	75	0
0	76	0
1	76	0
2	76	0
3	76	0
4	76	0
5	76	0
6	76	0
7	76	0
8	76	0
9	76	0
10	76	0
11	76	0
12	76	0
13	76	0
14	76	0
15	76	0
16	76	0
17	76	0
18	76	0
19	76	0
20	76	0
21	76	0
22	76	0
23	76	0
0	77	0
1	77	0
2	77	0
3	77	0
4	77	0
5	77	0
6	77	0
7	77	0
8	77	0
9	77	0
10	77	0
11	77	0
12	77	0
13	77	0
14	77	0
15	77	0
16	77	0
17	77	0
18	77	0
19	77	0
20	77	0
21	77	0
22	77	0
23	77	0
0	78	0
1	78	0
2	78	12
3	78	12
4	78	0
5	78	0
6	78	12
7	78	0
8	78	0
9	78	0
10	78	0
11	78	0
12	78	0
13	78	0
14	78	12
15	78	0
16	78	0
17	78	0
18	78	0
19	78	0
20	78	0
21	78	12
22	78	0
23	78	12
0	79	6
1	79	2
2	79	0
3	79	0
4	79	4
5	79	2
6	79	8
7	79	8
8	79	10
9	79	10
10	79	4
11	79	11
12	79	10
13	79	20
14	79	4
15	79	13
16	79	13
17	79	15
18	79	10
19	79	4
20	79	15
21	79	18
22	79	10
23	79	0
0	80	0
1	80	27
2	80	0
3	80	0
4	80	0
5	80	0
6	80	0
7	80	0
8	80	0
9	80	0
10	80	0
11	80	0
12	80	0
13	80	0
14	80	0
15	80	0
16	80	0
17	80	14
18	80	14
19	80	0
20	80	0
21	80	0
22	80	27
23	80	0
0	81	0
1	81	0
2	81	0
3	81	0
4	81	0
5	81	0
6	81	0
7	81	0
8	81	0
9	81	0
10	81	0
11	81	0
12	81	0
13	81	0
14	81	0
15	81	49
16	81	49
17	81	63
18	81	0
19	81	18
20	81	0
21	81	18
22	81	0
23	81	0
0	82	0
1	82	0
2	82	0
3	82	0
4	82	15
5	82	0
6	82	0
7	82	41
8	82	0
9	82	0
10	82	0
11	82	29
12	82	15
13	82	0
14	82	0
15	82	0
16	82	0
17	82	29
18	82	0
19	82	0
20	82	15
21	82	0
22	82	0
23	82	0
0	83	2
1	83	0
2	83	0
3	83	2
4	83	1
5	83	2
6	83	6
7	83	4
8	83	7
9	83	3
10	83	3
11	83	4
12	83	8
13	83	6
14	83	4
15	83	3
16	83	4
17	83	10
18	83	11
19	83	6
20	83	13
21	83	6
22	83	4
23	83	0
0	84	0
1	84	4
2	84	3
3	84	1
4	84	1
5	84	1
6	84	7
7	84	9
8	84	6
9	84	7
10	84	4
11	84	6
12	84	6
13	84	6
14	84	13
15	84	10
16	84	6
17	84	9
18	84	15
19	84	13
20	84	10
21	84	6
22	84	3
23	84	1
0	85	0
1	85	0
2	85	0
3	85	0
4	85	0
5	85	0
6	85	0
7	85	0
8	85	0
9	85	0
10	85	0
11	85	0
12	85	29
13	85	0
14	85	0
15	85	0
16	85	0
17	85	0
18	85	0
19	85	29
20	85	29
21	85	0
22	85	0
23	85	0
0	86	0
1	86	0
2	86	0
3	86	0
4	86	0
5	86	0
6	86	0
7	86	0
8	86	0
9	86	0
10	86	0
11	86	0
12	86	0
13	86	0
14	86	0
15	86	0
16	86	0
17	86	0
18	86	0
19	86	0
20	86	0
21	86	0
22	86	0
23	86	0
0	87	0
1	87	0
2	87	0
3	87	0
4	87	0
5	87	0
6	87	0
7	87	0
8	87	0
9	87	0
10	87	0
11	87	0
12	87	0
13	87	0
14	87	0
15	87	0
16	87	0
17	87	0
18	87	0
19	87	0
20	87	0
21	87	0
22	87	0
23	87	0
0	88	0
1	88	0
2	88	88
3	88	0
4	88	0
5	88	0
6	88	88
7	88	0
8	88	0
9	88	0
10	88	0
11	88	0
12	88	88
13	88	0
14	88	0
15	88	0
16	88	0
17	88	0
18	88	88
19	88	0
20	88	183
21	88	88
22	88	0
23	88	0
0	89	1
1	89	1
2	89	2
3	89	2
4	89	4
5	89	5
6	89	5
7	89	10
8	89	7
9	89	8
10	89	8
11	89	7
12	89	7
13	89	6
14	89	8
15	89	6
16	89	11
17	89	11
18	89	10
19	89	11
20	89	11
21	89	8
22	89	4
23	89	2
0	90	0
1	90	0
2	90	0
3	90	0
4	90	0
5	90	6
6	90	0
7	90	0
8	90	6
9	90	0
10	90	0
11	90	6
12	90	0
13	90	12
14	90	6
15	90	17
16	90	17
17	90	0
18	90	0
19	90	6
20	90	6
21	90	28
22	90	12
23	90	17
0	91	0
1	91	0
2	91	0
3	91	0
4	91	0
5	91	0
6	91	0
7	91	0
8	91	0
9	91	0
10	91	0
11	91	0
12	91	0
13	91	0
14	91	0
15	91	0
16	91	18
17	91	0
18	91	0
19	91	0
20	91	0
21	91	0
22	91	0
23	91	0
0	92	0
1	92	0
2	92	0
3	92	0
4	92	0
5	92	0
6	92	0
7	92	10
8	92	0
9	92	36
10	92	28
11	92	19
12	92	44
13	92	10
14	92	0
15	92	0
16	92	0
17	92	0
18	92	19
19	92	0
20	92	0
21	92	0
22	92	0
23	92	0
0	93	0
1	93	0
2	93	0
3	93	0
4	93	0
5	93	0
6	93	0
7	93	33
8	93	0
9	93	0
10	93	17
11	93	17
12	93	0
13	93	0
14	93	0
15	93	0
16	93	17
17	93	0
18	93	0
19	93	0
20	93	0
21	93	0
22	93	0
23	93	0
0	94	1
1	94	1
2	94	1
3	94	4
4	94	2
5	94	5
6	94	7
7	94	6
8	94	8
9	94	3
10	94	8
11	94	12
12	94	6
13	94	6
14	94	7
15	94	7
16	94	7
17	94	10
18	94	10
19	94	9
20	94	9
21	94	8
22	94	3
23	94	2
0	95	0
1	95	0
2	95	0
3	95	0
4	95	0
5	95	0
6	95	0
7	95	0
8	95	0
9	95	12
10	95	0
11	95	0
12	95	0
13	95	0
14	95	0
15	95	0
16	95	0
17	95	0
18	95	12
19	95	12
20	95	0
21	95	0
22	95	0
23	95	0
0	96	0
1	96	0
2	96	0
3	96	0
4	96	0
5	96	0
6	96	0
7	96	0
8	96	0
9	96	0
10	96	0
11	96	253
12	96	0
13	96	0
14	96	0
15	96	0
16	96	0
17	96	0
18	96	0
19	96	0
20	96	0
21	96	0
22	96	0
23	96	0
0	97	0
1	97	1
2	97	0
3	97	0
4	97	3
5	97	5
6	97	10
7	97	5
8	97	8
9	97	10
10	97	8
11	97	3
12	97	8
13	97	8
14	97	13
15	97	6
16	97	7
17	97	12
18	97	12
19	97	8
20	97	15
21	97	11
22	97	3
23	97	5
0	98	4
1	98	0
2	98	0
3	98	0
4	98	2
5	98	4
6	98	2
7	98	11
8	98	7
9	98	17
10	98	2
11	98	25
12	98	9
13	98	16
14	98	4
15	98	2
16	98	6
17	98	0
18	98	0
19	98	7
20	98	7
21	98	4
22	98	2
23	98	0
0	99	2
1	99	1
2	99	1
3	99	1
4	99	5
5	99	5
6	99	6
7	99	10
8	99	15
9	99	9
10	99	11
11	99	13
12	99	8
13	99	6
14	99	10
15	99	10
16	99	12
17	99	8
18	99	18
19	99	16
20	99	13
21	99	6
22	99	4
23	99	3
0	100	0
1	100	0
2	100	0
3	100	0
4	100	0
5	100	0
6	100	0
7	100	0
8	100	0
9	100	0
10	100	0
11	100	0
12	100	0
13	100	0
14	100	0
15	100	0
16	100	0
17	100	0
18	100	0
19	100	0
20	100	0
21	100	0
22	100	0
23	100	0
0	101	1
1	101	1
2	101	1
3	101	1
4	101	3
5	101	4
6	101	7
7	101	9
8	101	5
9	101	8
10	101	9
11	101	7
12	101	11
13	101	9
14	101	7
15	101	7
16	101	9
17	101	10
18	101	10
19	101	10
20	101	9
21	101	5
22	101	3
23	101	1
0	102	0
1	102	0
2	102	0
3	102	0
4	102	0
5	102	0
6	102	0
7	102	0
8	102	0
9	102	0
10	102	95
11	102	0
12	102	19
13	102	0
14	102	0
15	102	0
16	102	19
17	102	19
18	102	0
19	102	0
20	102	19
21	102	37
22	102	19
23	102	37
0	103	0
1	103	0
2	103	0
3	103	0
4	103	5
5	103	9
6	103	0
7	103	9
8	103	5
9	103	13
10	103	5
11	103	0
12	103	5
13	103	5
14	103	5
15	103	5
16	103	5
17	103	0
18	103	5
19	103	0
20	103	5
21	103	5
22	103	0
23	103	5
0	104	2
1	104	0
2	104	3
3	104	2
4	104	6
5	104	4
6	104	6
7	104	7
8	104	7
9	104	8
10	104	7
11	104	10
12	104	12
13	104	8
14	104	6
15	104	15
16	104	12
17	104	12
18	104	10
19	104	10
20	104	17
21	104	8
22	104	5
23	104	3
0	105	0
1	105	0
2	105	0
3	105	0
4	105	0
5	105	0
6	105	0
7	105	0
8	105	0
9	105	0
10	105	0
11	105	0
12	105	0
13	105	0
14	105	0
15	105	0
16	105	0
17	105	0
18	105	0
19	105	0
20	105	0
21	105	0
22	105	0
23	105	0
0	106	0
1	106	0
2	106	0
3	106	7
4	106	7
5	106	0
6	106	7
7	106	7
8	106	14
9	106	7
10	106	7
11	106	0
12	106	0
13	106	7
14	106	0
15	106	0
16	106	0
17	106	0
18	106	7
19	106	7
20	106	0
21	106	14
22	106	0
23	106	7
0	107	3
1	107	0
2	107	0
3	107	3
4	107	6
5	107	0
6	107	0
7	107	0
8	107	3
9	107	18
10	107	6
11	107	3
12	107	3
13	107	18
14	107	10
15	107	10
16	107	8
17	107	18
18	107	15
19	107	20
20	107	10
21	107	0
22	107	6
23	107	3
0	108	0
1	108	0
2	108	0
3	108	0
4	108	0
5	108	0
6	108	0
7	108	0
8	108	0
9	108	0
10	108	0
11	108	0
12	108	0
13	108	0
14	108	0
15	108	0
16	108	0
17	108	0
18	108	0
19	108	0
20	108	0
21	108	0
22	108	0
23	108	0
0	109	0
1	109	0
2	109	0
3	109	0
4	109	0
5	109	0
6	109	0
7	109	0
8	109	0
9	109	0
10	109	0
11	109	0
12	109	0
13	109	0
14	109	0
15	109	0
16	109	0
17	109	0
18	109	0
19	109	0
20	109	0
21	109	0
22	109	0
23	109	0
0	110	0
1	110	0
2	110	0
3	110	0
4	110	0
5	110	0
6	110	0
7	110	0
8	110	0
9	110	0
10	110	0
11	110	0
12	110	0
13	110	0
14	110	0
15	110	0
16	110	0
17	110	0
18	110	0
19	110	0
20	110	0
21	110	0
22	110	0
23	110	0
0	111	2
1	111	1
2	111	3
3	111	4
4	111	6
5	111	8
6	111	8
7	111	10
8	111	10
9	111	10
10	111	10
11	111	10
12	111	9
13	111	9
14	111	7
15	111	9
16	111	9
17	111	11
18	111	11
19	111	11
20	111	10
21	111	9
22	111	5
23	111	4
0	112	0
1	112	0
2	112	0
3	112	0
4	112	0
5	112	22
6	112	0
7	112	0
8	112	59
9	112	0
10	112	22
11	112	22
12	112	0
13	112	22
14	112	22
15	112	0
16	112	22
17	112	0
18	112	0
19	112	0
20	112	0
21	112	0
22	112	22
23	112	0
0	113	2
1	113	2
2	113	2
3	113	2
4	113	3
5	113	3
6	113	8
7	113	8
8	113	5
9	113	12
10	113	12
11	113	6
12	113	14
13	113	16
14	113	7
15	113	6
16	113	9
17	113	8
18	113	15
19	113	13
20	113	14
21	113	8
22	113	3
23	113	3
0	114	0
1	114	0
2	114	0
3	114	0
4	114	0
5	114	0
6	114	0
7	114	0
8	114	0
9	114	88
10	114	0
11	114	0
12	114	0
13	114	0
14	114	0
15	114	0
16	114	0
17	114	0
18	114	0
19	114	0
20	114	0
21	114	88
22	114	0
23	114	0
0	115	2
1	115	1
2	115	0
3	115	1
4	115	3
5	115	7
6	115	9
7	115	5
8	115	5
9	115	7
10	115	8
11	115	5
12	115	3
13	115	6
14	115	7
15	115	7
16	115	6
17	115	7
18	115	12
19	115	7
20	115	9
21	115	4
22	115	3
23	115	1
0	116	0
1	116	0
2	116	0
3	116	0
4	116	0
5	116	0
6	116	0
7	116	0
8	116	0
9	116	0
10	116	0
11	116	0
12	116	14
13	116	0
14	116	0
15	116	0
16	116	0
17	116	0
18	116	0
19	116	0
20	116	0
21	116	0
22	116	0
23	116	0
0	117	1
1	117	1
2	117	1
3	117	2
4	117	2
5	117	4
6	117	5
7	117	5
8	117	5
9	117	6
10	117	6
11	117	7
12	117	6
13	117	5
14	117	5
15	117	6
16	117	7
17	117	7
18	117	8
19	117	9
20	117	7
21	117	6
22	117	3
23	117	2
0	118	0
1	118	10
2	118	0
3	118	10
4	118	10
5	118	0
6	118	10
7	118	43
8	118	27
9	118	0
10	118	0
11	118	50
12	118	0
13	118	0
14	118	18
15	118	18
16	118	10
17	118	27
18	118	10
19	118	10
20	118	10
21	118	0
22	118	18
23	118	0
0	119	0
1	119	0
2	119	0
3	119	0
4	119	0
5	119	0
6	119	0
7	119	0
8	119	0
9	119	0
10	119	0
11	119	0
12	119	0
13	119	37
14	119	0
15	119	37
16	119	0
17	119	0
18	119	0
19	119	0
20	119	37
21	119	37
22	119	0
23	119	0
0	120	0
1	120	0
2	120	0
3	120	0
4	120	0
5	120	0
6	120	0
7	120	0
8	120	0
9	120	0
10	120	0
11	120	0
12	120	0
13	120	0
14	120	0
15	120	0
16	120	0
17	120	0
18	120	0
19	120	0
20	120	112
21	120	0
22	120	0
23	120	0
0	121	0
1	121	0
2	121	0
3	121	0
4	121	0
5	121	0
6	121	40
7	121	0
8	121	0
9	121	0
10	121	0
11	121	0
12	121	0
13	121	0
14	121	0
15	121	0
16	121	0
17	121	0
18	121	0
19	121	40
20	121	0
21	121	0
22	121	0
23	121	0
0	122	0
1	122	0
2	122	0
3	122	0
4	122	0
5	122	0
6	122	9
7	122	0
8	122	0
9	122	9
10	122	0
11	122	9
12	122	0
13	122	9
14	122	9
15	122	9
16	122	9
17	122	0
18	122	9
19	122	18
20	122	18
21	122	0
22	122	9
23	122	0
0	123	0
1	123	0
2	123	0
3	123	0
4	123	0
5	123	5
6	123	0
7	123	9
8	123	0
9	123	0
10	123	0
11	123	5
12	123	5
13	123	0
14	123	0
15	123	0
16	123	5
17	123	0
18	123	17
19	123	0
20	123	5
21	123	0
22	123	0
23	123	0
0	124	0
1	124	0
2	124	0
3	124	0
4	124	0
5	124	0
6	124	0
7	124	0
8	124	0
9	124	0
10	124	0
11	124	0
12	124	0
13	124	0
14	124	24
15	124	0
16	124	0
17	124	0
18	124	0
19	124	0
20	124	0
21	124	0
22	124	0
23	124	24
0	125	1
1	125	1
2	125	1
3	125	2
4	125	2
5	125	4
6	125	8
7	125	4
8	125	7
9	125	8
10	125	8
11	125	6
12	125	5
13	125	3
14	125	3
15	125	7
16	125	5
17	125	7
18	125	8
19	125	8
20	125	10
21	125	6
22	125	3
23	125	1
0	126	0
1	126	0
2	126	0
3	126	0
4	126	0
5	126	0
6	126	31
7	126	0
8	126	0
9	126	16
10	126	8
11	126	0
12	126	0
13	126	0
14	126	16
15	126	0
16	126	8
17	126	0
18	126	0
19	126	16
20	126	8
21	126	0
22	126	8
23	126	0
0	127	0
1	127	0
2	127	0
3	127	0
4	127	8
5	127	0
6	127	8
7	127	0
8	127	0
9	127	8
10	127	8
11	127	0
12	127	28
13	127	0
14	127	0
15	127	0
16	127	0
17	127	0
18	127	0
19	127	0
20	127	0
21	127	0
22	127	0
23	127	0
0	128	1
1	128	1
2	128	0
3	128	1
4	128	4
5	128	7
6	128	4
7	128	3
8	128	4
9	128	4
10	128	6
11	128	9
12	128	4
13	128	6
14	128	6
15	128	8
16	128	7
17	128	5
18	128	11
19	128	10
20	128	7
21	128	5
22	128	2
23	128	2
