Counts for Apple(2) in Iran(20):
Hour	Location Index	Count
0	0	0
1	0	0
2	0	0
3	0	0
4	0	0
5	0	0
6	0	0
7	0	0
8	0	0
9	0	0
10	0	0
11	0	0
12	0	0
13	0	0
14	0	0
15	0	0
16	0	0
17	0	0
18	0	0
19	0	0
20	0	0
21	0	0
22	0	0
23	0	0
0	1	3
1	1	1
2	1	1
3	1	2
4	1	3
5	1	5
6	1	6
7	1	9
8	1	7
9	1	11
10	1	6
11	1	9
12	1	9
13	1	9
14	1	8
15	1	8
16	1	10
17	1	11
18	1	11
19	1	13
20	1	13
21	1	9
22	1	4
23	1	2
0	2	0
1	2	0
2	2	0
3	2	0
4	2	0
5	2	0
6	2	0
7	2	15
8	2	0
9	2	15
10	2	0
11	2	0
12	2	29
13	2	0
14	2	0
15	2	15
16	2	29
17	2	0
18	2	15
19	2	0
20	2	0
21	2	15
22	2	0
23	2	0
0	3	0
1	3	6
2	3	0
3	3	4
4	3	0
5	3	6
6	3	6
7	3	12
8	3	12
9	3	6
10	3	8
11	3	8
12	3	8
13	3	16
14	3	8
15	3	0
16	3	2
17	3	6
18	3	6
19	3	8
20	3	2
21	3	12
22	3	8
23	3	0
0	4	0
1	4	0
2	4	0
3	4	0
4	4	0
5	4	0
6	4	0
7	4	0
8	4	0
9	4	0
10	4	33
11	4	0
12	4	0
13	4	33
14	4	0
15	4	33
16	4	0
17	4	0
18	4	0
19	4	0
20	4	0
21	4	0
22	4	0
23	4	0
0	5	0
1	5	0
2	5	0
3	5	0
4	5	0
5	5	0
6	5	0
7	5	0
8	5	0
9	5	0
10	5	35
11	5	90
12	5	35
13	5	0
14	5	0
15	5	0
16	5	0
17	5	0
18	5	0
19	5	0
20	5	0
21	5	0
22	5	0
23	5	0
0	6	2
1	6	1
2	6	3
3	6	5
4	6	6
5	6	6
6	6	9
7	6	14
8	6	11
9	6	12
10	6	12
11	6	16
12	6	13
13	6	14
14	6	13
15	6	13
16	6	18
17	6	18
18	6	18
19	6	19
20	6	15
21	6	13
22	6	10
23	6	5
0	7	0
1	7	0
2	7	0
3	7	0
4	7	0
5	7	0
6	7	0
7	7	0
8	7	0
9	7	0
10	7	0
11	7	0
12	7	0
13	7	0
14	7	0
15	7	0
16	7	0
17	7	0
18	7	0
19	7	0
20	7	0
21	7	0
22	7	0
23	7	0
0	8	1
1	8	0
2	8	3
3	8	2
4	8	2
5	8	4
6	8	5
7	8	5
8	8	9
9	8	9
10	8	5
11	8	7
12	8	7
13	8	7
14	8	9
15	8	9
16	8	6
17	8	6
18	8	7
19	8	12
20	8	11
21	8	8
22	8	1
23	8	4
0	9	0
1	9	0
2	9	14
3	9	7
4	9	20
5	9	0
6	9	0
7	9	14
8	9	0
9	9	14
10	9	14
11	9	0
12	9	14
13	9	20
14	9	14
15	9	0
16	9	14
17	9	32
18	9	44
19	9	20
20	9	14
21	9	26
22	9	32
23	9	0
0	10	0
1	10	0
2	10	0
3	10	0
4	10	24
5	10	5
6	10	5
7	10	10
8	10	15
9	10	0
10	10	10
11	10	10
12	10	0
13	10	5
14	10	10
15	10	0
16	10	15
17	10	5
18	10	15
19	10	0
20	10	0
21	10	5
22	10	10
23	10	0
0	11	0
1	11	0
2	11	0
3	11	0
4	11	0
5	11	0
6	11	61
7	11	61
8	11	0
9	11	107
10	11	107
11	11	0
12	11	61
13	11	61
14	11	61
15	11	0
16	11	0
17	11	0
18	11	107
19	11	61
20	11	61
21	11	61
22	11	107
23	11	0
0	12	0
1	12	0
2	12	0
3	12	0
4	12	0
5	12	35
6	12	0
7	12	0
8	12	0
9	12	0
10	12	35
11	12	0
12	12	0
13	12	0
14	12	0
15	12	0
16	12	0
17	12	0
18	12	0
19	12	0
20	12	0
21	12	0
22	12	0
23	12	0
0	13	0
1	13	0
2	13	0
3	13	0
4	13	0
5	13	0
6	13	0
7	13	0
8	13	0
9	13	0
10	13	0
11	13	0
12	13	0
13	13	0
14	13	230
15	13	0
16	13	0
17	13	0
18	13	0
19	13	0
20	13	0
21	13	0
22	13	0
23	13	0
0	14	0
1	14	0
2	14	0
3	14	0
4	14	0
5	14	0
6	14	0
7	14	0
8	14	0
9	14	11
10	14	0
11	14	0
12	14	0
13	14	11
14	14	11
15	14	11
16	14	11
17	14	0
18	14	11
19	14	0
20	14	11
21	14	0
22	14	0
23	14	21
0	15	0
1	15	0
2	15	0
3	15	28
4	15	0
5	15	0
6	15	95
7	15	28
8	15	28
9	15	28
10	15	28
11	15	75
12	15	75
13	15	28
14	15	28
15	15	0
16	15	0
17	15	75
18	15	53
19	15	95
20	15	28
21	15	28
22	15	28
23	15	0
0	16	2
1	16	2
2	16	2
3	16	1
4	16	6
5	16	3
6	16	4
7	16	6
8	16	7
9	16	11
10	16	7
11	16	10
12	16	11
13	16	6
14	16	6
15	16	7
16	16	10
17	16	10
18	16	18
19	16	13
20	16	18
21	16	11
22	16	7
23	16	3
0	17	0
1	17	0
2	17	0
3	17	0
4	17	0
5	17	0
6	17	0
7	17	0
8	17	0
9	17	0
10	17	0
11	17	0
12	17	0
13	17	0
14	17	0
15	17	0
16	17	0
17	17	0
18	17	0
19	17	0
20	17	0
21	17	0
22	17	0
23	17	0
0	18	0
1	18	0
2	18	0
3	18	0
4	18	29
5	18	0
6	18	0
7	18	0
8	18	0
9	18	29
10	18	0
11	18	0
12	18	0
13	18	0
14	18	29
15	18	0
16	18	0
17	18	0
18	18	0
19	18	0
20	18	0
21	18	0
22	18	0
23	18	0
0	19	0
1	19	0
2	19	0
3	19	0
4	19	0
5	19	0
6	19	0
7	19	0
8	19	0
9	19	0
10	19	0
11	19	0
12	19	0
13	19	0
14	19	0
15	19	191
16	19	0
17	19	0
18	19	0
19	19	0
20	19	0
21	19	0
22	19	0
23	19	0
0	20	12
1	20	3
2	20	3
3	20	0
4	20	3
5	20	12
6	20	6
7	20	18
8	20	3
9	20	12
10	20	6
11	20	9
12	20	0
13	20	6
14	20	6
15	20	15
16	20	6
17	20	15
18	20	21
19	20	21
20	20	21
21	20	6
22	20	6
23	20	3
0	21	0
1	21	0
2	21	0
3	21	0
4	21	0
5	21	0
6	21	0
7	21	0
8	21	0
9	21	0
10	21	0
11	21	0
12	21	0
13	21	0
14	21	0
15	21	0
16	21	0
17	21	0
18	21	0
19	21	0
20	21	0
21	21	0
22	21	0
23	21	0
0	22	0
1	22	0
2	22	0
3	22	0
4	22	0
5	22	8
6	22	8
7	22	8
8	22	0
9	22	0
10	22	22
11	22	0
12	22	8
13	22	8
14	22	0
15	22	0
16	22	8
17	22	8
18	22	22
19	22	22
20	22	0
21	22	0
22	22	0
23	22	0
0	23	0
1	23	0
2	23	43
3	23	0
4	23	43
5	23	43
6	23	0
7	23	43
8	23	43
9	23	43
10	23	43
11	23	43
12	23	0
13	23	0
14	23	0
15	23	43
16	23	0
17	23	0
18	23	43
19	23	43
20	23	0
21	23	0
22	23	0
23	23	0
0	24	0
1	24	0
2	24	0
3	24	0
4	24	0
5	24	0
6	24	0
7	24	0
8	24	0
9	24	154
10	24	0
11	24	0
12	24	0
13	24	0
14	24	0
15	24	0
16	24	0
17	24	0
18	24	0
19	24	0
20	24	0
21	24	0
22	24	0
23	24	0
0	25	2
1	25	0
2	25	3
3	25	3
4	25	4
5	25	9
6	25	8
7	25	6
8	25	13
9	25	4
10	25	10
11	25	5
12	25	14
13	25	4
14	25	6
15	25	4
16	25	22
17	25	6
18	25	6
19	25	10
20	25	7
21	25	8
22	25	5
23	25	6
0	26	2
1	26	2
2	26	4
3	26	6
4	26	6
5	26	8
6	26	11
7	26	6
8	26	11
9	26	13
10	26	13
11	26	18
12	26	15
13	26	12
14	26	14
15	26	13
16	26	12
17	26	11
18	26	12
19	26	21
20	26	15
21	26	12
22	26	9
23	26	4
0	27	0
1	27	0
2	27	0
3	27	0
4	27	0
5	27	0
6	27	0
7	27	0
8	27	0
9	27	0
10	27	0
11	27	175
12	27	0
13	27	0
14	27	0
15	27	0
16	27	0
17	27	0
18	27	0
19	27	0
20	27	0
21	27	0
22	27	0
23	27	0
0	28	0
1	28	0
2	28	15
3	28	0
4	28	15
5	28	0
6	28	15
7	28	0
8	28	0
9	28	15
10	28	15
11	28	15
12	28	0
13	28	0
14	28	0
15	28	0
16	28	15
17	28	15
18	28	0
19	28	0
20	28	29
21	28	29
22	28	0
23	28	0
0	29	2
1	29	2
2	29	3
3	29	4
4	29	6
5	29	9
6	29	11
7	29	12
8	29	14
9	29	14
10	29	15
11	29	14
12	29	14
13	29	14
14	29	13
15	29	15
16	29	15
17	29	16
18	29	17
19	29	17
20	29	16
21	29	11
22	29	7
23	29	5
0	30	0
1	30	0
2	30	0
3	30	0
4	30	0
5	30	0
6	30	0
7	30	0
8	30	0
9	30	0
10	30	0
11	30	0
12	30	0
13	30	0
14	30	0
15	30	0
16	30	0
17	30	0
18	30	0
19	30	0
20	30	0
21	30	0
22	30	0
23	30	0
0	31	0
1	31	0
2	31	0
3	31	0
4	31	0
5	31	0
6	31	0
7	31	0
8	31	0
9	31	0
10	31	0
11	31	0
12	31	0
13	31	0
14	31	0
15	31	0
16	31	0
17	31	0
18	31	0
19	31	0
20	31	0
21	31	0
22	31	0
23	31	0
0	32	2
1	32	2
2	32	2
3	32	4
4	32	6
5	32	8
6	32	10
7	32	13
8	32	14
9	32	14
10	32	15
11	32	17
12	32	14
13	32	13
14	32	12
15	32	13
16	32	14
17	32	16
18	32	19
19	32	20
20	32	19
21	32	14
22	32	7
23	32	5
0	33	2
1	33	2
2	33	3
3	33	4
4	33	6
5	33	9
6	33	11
7	33	13
8	33	13
9	33	13
10	33	14
11	33	15
12	33	14
13	33	13
14	33	13
15	33	14
16	33	14
17	33	16
18	33	16
19	33	17
20	33	15
21	33	11
22	33	7
23	33	4
0	34	0
1	34	0
2	34	0
3	34	0
4	34	0
5	34	0
6	34	0
7	34	0
8	34	0
9	34	0
10	34	0
11	34	0
12	34	0
13	34	0
14	34	0
15	34	0
16	34	0
17	34	0
18	34	154
19	34	0
20	34	0
21	34	0
22	34	0
23	34	0
0	35	2
1	35	1
2	35	1
3	35	3
4	35	4
5	35	7
6	35	7
7	35	11
8	35	9
9	35	9
10	35	9
11	35	10
12	35	9
13	35	7
14	35	7
15	35	8
16	35	8
17	35	11
18	35	11
19	35	13
20	35	11
21	35	9
22	35	5
23	35	2
0	36	6
1	36	3
2	36	0
3	36	6
4	36	14
5	36	14
6	36	28
7	36	33
8	36	24
9	36	14
10	36	24
11	36	35
12	36	35
13	36	35
14	36	16
15	36	40
16	36	38
17	36	42
18	36	51
19	36	42
20	36	51
21	36	47
22	36	19
23	36	33
0	37	0
1	37	0
2	37	0
3	37	0
4	37	0
5	37	0
6	37	7
7	37	7
8	37	0
9	37	0
10	37	0
11	37	7
12	37	14
13	37	21
14	37	0
15	37	7
16	37	0
17	37	0
18	37	0
19	37	0
20	37	0
21	37	7
22	37	7
23	37	0
0	38	0
1	38	0
2	38	0
3	38	0
4	38	0
5	38	2
6	38	5
7	38	5
8	38	0
9	38	4
10	38	6
11	38	5
12	38	5
13	38	2
14	38	5
15	38	5
16	38	9
17	38	4
18	38	5
19	38	4
20	38	11
21	38	2
22	38	4
23	38	0
0	39	2
1	39	0
2	39	2
3	39	0
4	39	3
5	39	4
6	39	3
7	39	12
8	39	2
9	39	10
10	39	8
11	39	11
12	39	11
13	39	6
14	39	6
15	39	3
16	39	13
17	39	6
18	39	12
19	39	8
20	39	11
21	39	7
22	39	3
23	39	2
0	40	0
1	40	0
2	40	0
3	40	0
4	40	0
5	40	0
6	40	0
7	40	0
8	40	0
9	40	0
10	40	16
11	40	16
12	40	0
13	40	0
14	40	16
15	40	30
16	40	0
17	40	0
18	40	0
19	40	30
20	40	0
21	40	0
22	40	0
23	40	0
0	41	42
1	41	0
2	41	0
3	41	0
4	41	0
5	41	0
6	41	42
7	41	42
8	41	22
9	41	42
10	41	22
11	41	42
12	41	0
13	41	0
14	41	0
15	41	0
16	41	0
17	41	42
18	41	0
19	41	0
20	41	22
21	41	0
22	41	42
23	41	0
0	42	0
1	42	0
2	42	0
3	42	0
4	42	8
5	42	16
6	42	24
7	42	44
8	42	51
9	42	38
10	42	31
11	42	31
12	42	16
13	42	8
14	42	0
15	42	8
16	42	0
17	42	24
18	42	8
19	42	8
20	42	0
21	42	31
22	42	8
23	42	0
0	43	1
1	43	1
2	43	3
3	43	1
4	43	6
5	43	5
6	43	6
7	43	9
8	43	9
9	43	7
10	43	7
11	43	8
12	43	10
13	43	9
14	43	4
15	43	6
16	43	5
17	43	9
18	43	8
19	43	6
20	43	7
21	43	9
22	43	3
23	43	5
0	44	2
1	44	1
2	44	2
3	44	3
4	44	4
5	44	8
6	44	10
7	44	10
8	44	7
9	44	12
10	44	12
11	44	14
12	44	11
13	44	8
14	44	11
15	44	11
16	44	9
17	44	13
18	44	16
19	44	17
20	44	15
21	44	12
22	44	6
23	44	2
0	45	0
1	45	0
2	45	0
3	45	0
4	45	0
5	45	0
6	45	0
7	45	0
8	45	0
9	45	0
10	45	0
11	45	0
12	45	0
13	45	0
14	45	0
15	45	0
16	45	0
17	45	0
18	45	0
19	45	0
20	45	29
21	45	0
22	45	0
23	45	0
0	46	1
1	46	0
2	46	1
3	46	2
4	46	3
5	46	4
6	46	11
7	46	5
8	46	5
9	46	13
10	46	7
11	46	7
12	46	10
13	46	4
14	46	3
15	46	8
16	46	11
17	46	10
18	46	10
19	46	10
20	46	7
21	46	9
22	46	5
23	46	2
0	47	0
1	47	0
2	47	0
3	47	32
4	47	0
5	47	32
6	47	0
7	47	0
8	47	84
9	47	0
10	47	0
11	47	0
12	47	0
13	47	0
14	47	32
15	47	0
16	47	0
17	47	0
18	47	0
19	47	0
20	47	0
21	47	0
22	47	0
23	47	0
0	48	0
1	48	0
2	48	0
3	48	0
4	48	0
5	48	0
6	48	0
7	48	31
8	48	0
9	48	31
10	48	0
11	48	0
12	48	0
13	48	0
14	48	0
15	48	0
16	48	0
17	48	31
18	48	82
19	48	103
20	48	31
21	48	31
22	48	0
23	48	0
0	49	0
1	49	0
2	49	0
3	49	0
4	49	0
5	49	0
6	49	0
7	49	0
8	49	0
9	49	0
10	49	0
11	49	0
12	49	0
13	49	0
14	49	0
15	49	0
16	49	0
17	49	0
18	49	0
19	49	0
20	49	0
21	49	0
22	49	0
23	49	0
0	50	2
1	50	1
2	50	1
3	50	2
4	50	3
5	50	5
6	50	6
7	50	4
8	50	8
9	50	8
10	50	7
11	50	8
12	50	7
13	50	7
14	50	7
15	50	6
16	50	7
17	50	8
18	50	8
19	50	10
20	50	8
21	50	6
22	50	4
23	50	2
0	51	0
1	51	0
2	51	0
3	51	0
4	51	7
5	51	0
6	51	14
7	51	7
8	51	21
9	51	0
10	51	34
11	51	27
12	51	14
13	51	0
14	51	21
15	51	27
16	51	21
17	51	7
18	51	46
19	51	27
20	51	7
21	51	27
22	51	40
23	51	14
0	52	0
1	52	5
2	52	0
3	52	0
4	52	0
5	52	5
6	52	9
7	52	0
8	52	22
9	52	14
10	52	5
11	52	18
12	52	0
13	52	14
14	52	14
15	52	22
16	52	9
17	52	5
18	52	9
19	52	14
20	52	14
21	52	0
22	52	5
23	52	5
0	53	0
1	53	1
2	53	1
3	53	1
4	53	2
5	53	2
6	53	3
7	53	7
8	53	3
9	53	4
10	53	2
11	53	4
12	53	0
13	53	1
14	53	5
15	53	2
16	53	5
17	53	4
18	53	7
19	53	8
20	53	7
21	53	1
22	53	2
23	53	1
0	54	3
1	54	5
2	54	3
3	54	7
4	54	7
5	54	5
6	54	14
7	54	9
8	54	7
9	54	14
10	54	14
11	54	16
12	54	14
13	54	14
14	54	9
15	54	22
16	54	11
17	54	16
18	54	12
19	54	12
20	54	20
21	54	14
22	54	3
23	54	0
0	55	0
1	55	0
2	55	0
3	55	0
4	55	0
5	55	0
6	55	0
7	55	0
8	55	0
9	55	0
10	55	0
11	55	0
12	55	0
13	55	0
14	55	0
15	55	0
16	55	0
17	55	0
18	55	0
19	55	0
20	55	0
21	55	0
22	55	0
23	55	0
0	56	0
1	56	0
2	56	0
3	56	0
4	56	0
5	56	0
6	56	0
7	56	0
8	56	0
9	56	0
10	56	0
11	56	0
12	56	0
13	56	0
14	56	0
15	56	0
16	56	0
17	56	0
18	56	0
19	56	0
20	56	0
21	56	0
22	56	0
23	56	0
0	57	0
1	57	0
2	57	0
3	57	0
4	57	0
5	57	0
6	57	0
7	57	0
8	57	0
9	57	0
10	57	0
11	57	0
12	57	0
13	57	0
14	57	0
15	57	0
16	57	0
17	57	0
18	57	0
19	57	0
20	57	0
21	57	0
22	57	0
23	57	0
0	58	2
1	58	2
2	58	2
3	58	2
4	58	0
5	58	4
6	58	3
7	58	4
8	58	7
9	58	11
10	58	4
11	58	13
12	58	6
13	58	6
14	58	4
15	58	17
16	58	4
17	58	8
18	58	11
19	58	16
20	58	3
21	58	6
22	58	0
23	58	0
0	59	0
1	59	0
2	59	0
3	59	0
4	59	0
5	59	0
6	59	0
7	59	0
8	59	0
9	59	0
10	59	0
11	59	0
12	59	0
13	59	0
14	59	0
15	59	0
16	59	0
17	59	0
18	59	0
19	59	0
20	59	0
21	59	0
22	59	0
23	59	0
0	60	10
1	60	18
2	60	0
3	60	5
4	60	5
5	60	5
6	60	18
7	60	5
8	60	27
9	60	18
10	60	18
11	60	23
12	60	27
13	60	35
14	60	10
15	60	31
16	60	10
17	60	31
18	60	18
19	60	18
20	60	14
21	60	27
22	60	18
23	60	0
0	61	0
1	61	0
2	61	0
3	61	0
4	61	0
5	61	0
6	61	0
7	61	0
8	61	0
9	61	0
10	61	0
11	61	0
12	61	0
13	61	0
14	61	0
15	61	0
16	61	0
17	61	0
18	61	0
19	61	0
20	61	0
21	61	61
22	61	0
23	61	0
0	62	0
1	62	0
2	62	0
3	62	0
4	62	0
5	62	0
6	62	0
7	62	0
8	62	0
9	62	10
10	62	19
11	62	19
12	62	10
13	62	0
14	62	19
15	62	10
16	62	10
17	62	10
18	62	28
19	62	19
20	62	28
21	62	0
22	62	0
23	62	0
0	63	0
1	63	0
2	63	0
3	63	0
4	63	0
5	63	0
6	63	0
7	63	0
8	63	0
9	63	0
10	63	0
11	63	0
12	63	0
13	63	68
14	63	0
15	63	0
16	63	0
17	63	118
18	63	68
19	63	0
20	63	68
21	63	0
22	63	0
23	63	0
0	64	1
1	64	0
2	64	1
3	64	1
4	64	3
5	64	2
6	64	0
7	64	3
8	64	6
9	64	3
10	64	6
11	64	4
12	64	3
13	64	5
14	64	6
15	64	2
16	64	7
17	64	7
18	64	6
19	64	9
20	64	10
21	64	2
22	64	4
23	64	2
0	65	0
1	65	0
2	65	0
3	65	0
4	65	0
5	65	9
6	65	0
7	65	18
8	65	0
9	65	9
10	65	0
11	65	49
12	65	9
13	65	0
14	65	0
15	65	0
16	65	18
17	65	0
18	65	0
19	65	9
20	65	0
21	65	0
22	65	18
23	65	0
0	66	0
1	66	0
2	66	0
3	66	0
4	66	0
5	66	0
6	66	0
7	66	0
8	66	0
9	66	0
10	66	0
11	66	34
12	66	0
13	66	0
14	66	0
15	66	0
16	66	0
17	66	0
18	66	0
19	66	0
20	66	0
21	66	0
22	66	0
23	66	0
0	67	2
1	67	2
2	67	2
3	67	5
4	67	4
5	67	9
6	67	10
7	67	15
8	67	12
9	67	11
10	67	15
11	67	15
12	67	11
13	67	24
14	67	18
15	67	10
16	67	11
17	67	16
18	67	18
19	67	22
20	67	21
21	67	11
22	67	3
23	67	2
0	68	0
1	68	0
2	68	0
3	68	2
4	68	3
5	68	3
6	68	2
7	68	3
8	68	2
9	68	6
10	68	6
11	68	6
12	68	0
13	68	3
14	68	8
15	68	2
16	68	8
17	68	10
18	68	8
19	68	6
20	68	13
21	68	8
22	68	5
23	68	3
0	69	0
1	69	5
2	69	9
3	69	18
4	69	10
5	69	18
6	69	19
7	69	27
8	69	30
9	69	25
10	69	46
11	69	42
12	69	30
13	69	31
14	69	50
15	69	27
16	69	37
17	69	45
18	69	67
19	69	35
20	69	33
21	69	48
22	69	21
23	69	18
0	70	0
1	70	0
2	70	0
3	70	0
4	70	0
5	70	0
6	70	0
7	70	0
8	70	6
9	70	0
10	70	0
11	70	6
12	70	6
13	70	12
14	70	6
15	70	0
16	70	6
17	70	0
18	70	6
19	70	0
20	70	0
21	70	0
22	70	0
23	70	0
0	71	0
1	71	0
2	71	0
3	71	0
4	71	0
5	71	0
6	71	0
7	71	12
8	71	0
9	71	0
10	71	0
11	71	0
12	71	12
13	71	0
14	71	0
15	71	0
16	71	0
17	71	0
18	71	0
19	71	0
20	71	0
21	71	12
22	71	0
23	71	0
0	72	0
1	72	2
2	72	4
3	72	0
4	72	2
5	72	6
6	72	4
7	72	14
8	72	6
9	72	4
10	72	4
11	72	9
12	72	9
13	72	9
14	72	8
15	72	9
16	72	4
17	72	8
18	72	16
19	72	8
20	72	6
21	72	4
22	72	0
23	72	0
0	73	0
1	73	0
2	73	0
3	73	0
4	73	0
5	73	0
6	73	0
7	73	0
8	73	0
9	73	0
10	73	0
11	73	0
12	73	0
13	73	0
14	73	0
15	73	0
16	73	0
17	73	0
18	73	0
19	73	0
20	73	0
21	73	0
22	73	0
23	73	0
0	74	0
1	74	0
2	74	0
3	74	0
4	74	0
5	74	32
6	74	0
7	74	0
8	74	17
9	74	0
10	74	0
11	74	17
12	74	17
13	74	0
14	74	0
15	74	0
16	74	0
17	74	0
18	74	0
19	74	0
20	74	0
21	74	0
22	74	0
23	74	0
0	75	0
1	75	0
2	75	0
3	75	0
4	75	0
5	75	0
6	75	0
7	75	0
8	75	0
9	75	0
10	75	0
11	75	0
12	75	0
13	75	0
14	75	0
15	75	0
16	75	0
17	75	0
18	75	0
19	75	0
20	75	0
21	75	0
22	75	0
23	75	0
0	76	0
1	76	0
2	76	0
3	76	0
4	76	0
5	76	0
6	76	0
7	76	0
8	76	0
9	76	0
10	76	0
11	76	0
12	76	0
13	76	0
14	76	0
15	76	0
16	76	0
17	76	77
18	76	0
19	76	0
20	76	77
21	76	0
22	76	0
23	76	0
0	77	0
1	77	0
2	77	0
3	77	0
4	77	0
5	77	0
6	77	0
7	77	0
8	77	0
9	77	0
10	77	0
11	77	0
12	77	0
13	77	0
14	77	0
15	77	0
16	77	0
17	77	0
18	77	0
19	77	230
20	77	0
21	77	0
22	77	0
23	77	0
0	78	0
1	78	0
2	78	0
3	78	0
4	78	0
5	78	0
6	78	0
7	78	43
8	78	12
9	78	12
10	78	0
11	78	12
12	78	0
13	78	0
14	78	12
15	78	0
16	78	12
17	78	0
18	78	12
19	78	0
20	78	12
21	78	12
22	78	0
23	78	0
0	79	2
1	79	0
2	79	0
3	79	0
4	79	0
5	79	4
6	79	13
7	79	6
8	79	6
9	79	13
10	79	10
11	79	11
12	79	6
13	79	6
14	79	15
15	79	4
16	79	10
17	79	10
18	79	11
19	79	6
20	79	10
21	79	10
22	79	6
23	79	2
0	80	14
1	80	0
2	80	0
3	80	0
4	80	27
5	80	0
6	80	27
7	80	71
8	80	14
9	80	27
10	80	50
11	80	0
12	80	27
13	80	50
14	80	27
15	80	14
16	80	14
17	80	81
18	80	14
19	80	39
20	80	14
21	80	14
22	80	0
23	80	0
0	81	18
1	81	0
2	81	0
3	81	0
4	81	0
5	81	0
6	81	18
7	81	18
8	81	34
9	81	0
10	81	34
11	81	0
12	81	18
13	81	0
14	81	18
15	81	18
16	81	34
17	81	18
18	81	49
19	81	18
20	81	0
21	81	18
22	81	0
23	81	0
0	82	0
1	82	0
2	82	0
3	82	0
4	82	0
5	82	41
6	82	15
7	82	15
8	82	29
9	82	41
10	82	41
11	82	0
12	82	41
13	82	29
14	82	0
15	82	15
16	82	0
17	82	15
18	82	0
19	82	0
20	82	15
21	82	15
22	82	15
23	82	0
0	83	1
1	83	1
2	83	0
3	83	2
4	83	1
5	83	6
6	83	15
7	83	12
8	83	15
9	83	13
10	83	13
11	83	14
12	83	13
13	83	20
14	83	11
15	83	16
16	83	15
17	83	20
18	83	18
19	83	23
20	83	18
21	83	13
22	83	5
23	83	2
0	84	1
1	84	0
2	84	2
3	84	0
4	84	5
5	84	6
6	84	9
7	84	3
8	84	9
9	84	6
10	84	4
11	84	8
12	84	6
13	84	12
14	84	11
15	84	9
16	84	9
17	84	6
18	84	7
19	84	9
20	84	15
21	84	7
22	84	6
23	84	1
0	85	0
1	85	0
2	85	0
3	85	0
4	85	0
5	85	0
6	85	29
7	85	0
8	85	29
9	85	29
10	85	0
11	85	0
12	85	0
13	85	0
14	85	0
15	85	0
16	85	0
17	85	0
18	85	0
19	85	0
20	85	0
21	85	0
22	85	0
23	85	0
0	86	0
1	86	0
2	86	0
3	86	0
4	86	0
5	86	0
6	86	0
7	86	0
8	86	0
9	86	0
10	86	0
11	86	0
12	86	0
13	86	0
14	86	0
15	86	0
16	86	0
17	86	0
18	86	0
19	86	0
20	86	0
21	86	0
22	86	0
23	86	0
0	87	0
1	87	0
2	87	0
3	87	0
4	87	0
5	87	0
6	87	0
7	87	0
8	87	0
9	87	0
10	87	0
11	87	0
12	87	0
13	87	0
14	87	0
15	87	0
16	87	0
17	87	0
18	87	0
19	87	0
20	87	0
21	87	0
22	87	0
23	87	0
0	88	0
1	88	0
2	88	0
3	88	0
4	88	0
5	88	0
6	88	0
7	88	0
8	88	0
9	88	0
10	88	0
11	88	0
12	88	0
13	88	0
14	88	0
15	88	0
16	88	0
17	88	0
18	88	0
19	88	0
20	88	0
21	88	0
22	88	0
23	88	0
0	89	1
1	89	1
2	89	2
3	89	3
4	89	4
5	89	4
6	89	8
7	89	6
8	89	7
9	89	8
10	89	8
11	89	10
12	89	6
13	89	8
14	89	9
15	89	7
16	89	7
17	89	10
18	89	12
19	89	13
20	89	12
21	89	8
22	89	3
23	89	4
0	90	6
1	90	6
2	90	0
3	90	6
4	90	17
5	90	12
6	90	6
7	90	17
8	90	6
9	90	17
10	90	33
11	90	28
12	90	43
13	90	17
14	90	23
15	90	43
16	90	43
17	90	52
18	90	17
19	90	28
20	90	17
21	90	6
22	90	6
23	90	28
0	91	0
1	91	0
2	91	0
3	91	0
4	91	0
5	91	0
6	91	34
7	91	0
8	91	0
9	91	63
10	91	34
11	91	18
12	91	76
13	91	0
14	91	18
15	91	18
16	91	0
17	91	34
18	91	0
19	91	0
20	91	18
21	91	0
22	91	0
23	91	0
0	92	0
1	92	0
2	92	0
3	92	0
4	92	0
5	92	0
6	92	0
7	92	0
8	92	0
9	92	10
10	92	0
11	92	0
12	92	0
13	92	0
14	92	0
15	92	0
16	92	0
17	92	0
18	92	0
19	92	0
20	92	0
21	92	0
22	92	0
23	92	0
0	93	0
1	93	0
2	93	0
3	93	0
4	93	0
5	93	0
6	93	17
7	93	47
8	93	17
9	93	0
10	93	0
11	93	17
12	93	0
13	93	0
14	93	17
15	93	0
16	93	0
17	93	74
18	93	17
19	93	0
20	93	61
21	93	33
22	93	0
23	93	0
0	94	4
1	94	1
2	94	2
3	94	3
4	94	7
5	94	10
6	94	9
7	94	10
8	94	9
9	94	14
10	94	18
11	94	20
12	94	15
13	94	13
14	94	12
15	94	10
16	94	16
17	94	14
18	94	15
19	94	15
20	94	16
21	94	12
22	94	6
23	94	4
0	95	0
1	95	0
2	95	0
3	95	0
4	95	0
5	95	12
6	95	0
7	95	23
8	95	0
9	95	0
10	95	12
11	95	12
12	95	12
13	95	12
14	95	0
15	95	12
16	95	0
17	95	12
18	95	23
19	95	0
20	95	0
21	95	0
22	95	12
23	95	0
0	96	0
1	96	0
2	96	0
3	96	0
4	96	0
5	96	0
6	96	0
7	96	0
8	96	0
9	96	0
10	96	0
11	96	0
12	96	0
13	96	0
14	96	0
15	96	0
16	96	0
17	96	0
18	96	0
19	96	0
20	96	0
21	96	0
22	96	0
23	96	0
0	97	0
1	97	0
2	97	1
3	97	0
4	97	3
5	97	5
6	97	8
7	97	5
8	97	5
9	97	6
10	97	5
11	97	2
12	97	10
13	97	12
14	97	5
15	97	5
16	97	7
17	97	4
18	97	1
19	97	9
20	97	8
21	97	2
22	97	5
23	97	2
0	98	2
1	98	0
2	98	2
3	98	6
4	98	4
5	98	0
6	98	2
7	98	17
8	98	16
9	98	7
10	98	12
11	98	7
12	98	9
13	98	11
14	98	9
15	98	0
16	98	4
17	98	7
18	98	12
19	98	7
20	98	22
21	98	7
22	98	9
23	98	2
0	99	2
1	99	0
2	99	1
3	99	3
4	99	2
5	99	6
6	99	5
7	99	11
8	99	6
9	99	8
10	99	5
11	99	7
12	99	12
13	99	8
14	99	4
15	99	9
16	99	4
17	99	11
18	99	10
19	99	6
20	99	9
21	99	6
22	99	4
23	99	6
0	100	0
1	100	0
2	100	0
3	100	0
4	100	0
5	100	0
6	100	0
7	100	0
8	100	0
9	100	0
10	100	0
11	100	0
12	100	0
13	100	0
14	100	0
15	100	0
16	100	0
17	100	0
18	100	0
19	100	0
20	100	0
21	100	0
22	100	0
23	100	0
0	101	2
1	101	1
2	101	3
3	101	3
4	101	5
5	101	7
6	101	11
7	101	14
8	101	12
9	101	12
10	101	15
11	101	12
12	101	14
13	101	12
14	101	13
15	101	14
16	101	13
17	101	12
18	101	15
19	101	18
20	101	14
21	101	12
22	101	5
23	101	5
0	102	0
1	102	0
2	102	0
3	102	0
4	102	0
5	102	0
6	102	0
7	102	0
8	102	0
9	102	0
10	102	19
11	102	0
12	102	0
13	102	0
14	102	0
15	102	0
16	102	0
17	102	19
18	102	0
19	102	0
20	102	0
21	102	53
22	102	0
23	102	0
0	103	5
1	103	0
2	103	0
3	103	21
4	103	17
5	103	36
6	103	29
7	103	25
8	103	21
9	103	40
10	103	57
11	103	64
12	103	43
13	103	25
14	103	25
15	103	32
16	103	25
17	103	60
18	103	43
19	103	47
20	103	43
21	103	17
22	103	17
23	103	13
0	104	1
1	104	3
2	104	1
3	104	4
4	104	2
5	104	5
6	104	7
7	104	5
8	104	5
9	104	7
10	104	10
11	104	10
12	104	7
13	104	10
14	104	6
15	104	5
16	104	8
17	104	12
18	104	15
19	104	11
20	104	10
21	104	7
22	104	6
23	104	2
0	105	0
1	105	0
2	105	0
3	105	103
4	105	0
5	105	0
6	105	103
7	105	0
8	105	0
9	105	0
10	105	0
11	105	0
12	105	0
13	105	0
14	105	0
15	105	0
16	105	0
17	105	0
18	105	0
19	105	103
20	105	0
21	105	0
22	105	0
23	105	0
0	106	0
1	106	0
2	106	0
3	106	0
4	106	0
5	106	0
6	106	0
7	106	14
8	106	7
9	106	7
10	106	0
11	106	14
12	106	14
13	106	7
14	106	0
15	106	14
16	106	14
17	106	7
18	106	7
19	106	0
20	106	14
21	106	0
22	106	0
23	106	0
0	107	0
1	107	0
2	107	0
3	107	0
4	107	0
5	107	0
6	107	0
7	107	6
8	107	3
9	107	3
10	107	0
11	107	3
12	107	3
13	107	10
14	107	0
15	107	13
16	107	3
17	107	0
18	107	6
19	107	3
20	107	3
21	107	6
22	107	0
23	107	0
0	108	0
1	108	0
2	108	130
3	108	0
4	108	77
5	108	0
6	108	0
7	108	77
8	108	0
9	108	0
10	108	0
11	108	0
12	108	77
13	108	0
14	108	0
15	108	77
16	108	0
17	108	0
18	108	77
19	108	0
20	108	0
21	108	0
22	108	77
23	108	0
0	109	0
1	109	0
2	109	0
3	109	0
4	109	0
5	109	0
6	109	0
7	109	0
8	109	0
9	109	0
10	109	0
11	109	0
12	109	0
13	109	0
14	109	0
15	109	0
16	109	0
17	109	0
18	109	0
19	109	0
20	109	0
21	109	0
22	109	0
23	109	0
0	110	0
1	110	0
2	110	0
3	110	0
4	110	0
5	110	0
6	110	0
7	110	0
8	110	0
9	110	0
10	110	0
11	110	0
12	110	0
13	110	0
14	110	0
15	110	0
16	110	0
17	110	95
18	110	0
19	110	0
20	110	0
21	110	0
22	110	0
23	110	0
0	111	2
1	111	2
2	111	2
3	111	4
4	111	6
5	111	9
6	111	10
7	111	12
8	111	11
9	111	10
10	111	11
11	111	11
12	111	10
13	111	10
14	111	10
15	111	9
16	111	10
17	111	9
18	111	10
19	111	10
20	111	9
21	111	7
22	111	5
23	111	3
0	112	0
1	112	0
2	112	0
3	112	0
4	112	0
5	112	0
6	112	22
7	112	0
8	112	0
9	112	0
10	112	0
11	112	0
12	112	0
13	112	0
14	112	0
15	112	0
16	112	0
17	112	0
18	112	0
19	112	0
20	112	75
21	112	0
22	112	0
23	112	0
0	113	4
1	113	1
2	113	2
3	113	5
4	113	3
5	113	4
6	113	7
7	113	7
8	113	9
9	113	3
10	113	13
11	113	9
12	113	8
13	113	16
14	113	9
15	113	5
16	113	10
17	113	13
18	113	7
19	113	10
20	113	15
21	113	12
22	113	6
23	113	4
0	114	0
1	114	0
2	114	0
3	114	0
4	114	0
5	114	0
6	114	0
7	114	0
8	114	88
9	114	235
10	114	0
11	114	0
12	114	88
13	114	0
14	114	0
15	114	0
16	114	0
17	114	0
18	114	0
19	114	0
20	114	0
21	114	0
22	114	0
23	114	0
0	115	5
1	115	0
2	115	2
3	115	7
4	115	8
5	115	6
6	115	14
7	115	12
8	115	18
9	115	19
10	115	14
11	115	15
12	115	15
13	115	13
14	115	15
15	115	14
16	115	11
17	115	15
18	115	22
19	115	11
20	115	14
21	115	14
22	115	6
23	115	4
0	116	0
1	116	0
2	116	0
3	116	0
4	116	0
5	116	14
6	116	14
7	116	14
8	116	0
9	116	14
10	116	14
11	116	40
12	116	27
13	116	27
14	116	14
15	116	51
16	116	0
17	116	62
18	116	14
19	116	62
20	116	14
21	116	14
22	116	0
23	116	0
0	117	2
1	117	3
2	117	4
3	117	7
4	117	8
5	117	13
6	117	16
7	117	18
8	117	17
9	117	20
10	117	20
11	117	20
12	117	20
13	117	19
14	117	21
15	117	22
16	117	24
17	117	24
18	117	27
19	117	28
20	117	22
21	117	18
22	117	9
23	117	5
0	118	0
1	118	0
2	118	0
3	118	0
4	118	0
5	118	0
6	118	0
7	118	10
8	118	18
9	118	10
10	118	0
11	118	10
12	118	0
13	118	10
14	118	0
15	118	0
16	118	0
17	118	10
18	118	35
19	118	0
20	118	0
21	118	0
22	118	0
23	118	0
0	119	0
1	119	0
2	119	0
3	119	68
4	119	0
5	119	37
6	119	0
7	119	0
8	119	37
9	119	0
10	119	68
11	119	0
12	119	0
13	119	0
14	119	0
15	119	37
16	119	37
17	119	0
18	119	37
19	119	0
20	119	37
21	119	0
22	119	0
23	119	0
0	120	0
1	120	0
2	120	0
3	120	0
4	120	0
5	120	0
6	120	0
7	120	0
8	120	112
9	120	0
10	120	0
11	120	0
12	120	0
13	120	0
14	120	0
15	120	0
16	120	0
17	120	0
18	120	0
19	120	0
20	120	0
21	120	0
22	120	0
23	120	0
0	121	0
1	121	0
2	121	0
3	121	0
4	121	0
5	121	0
6	121	74
7	121	40
8	121	0
9	121	40
10	121	0
11	121	40
12	121	0
13	121	0
14	121	0
15	121	0
16	121	0
17	121	0
18	121	0
19	121	0
20	121	0
21	121	0
22	121	0
23	121	0
0	122	0
1	122	0
2	122	0
3	122	0
4	122	0
5	122	0
6	122	9
7	122	0
8	122	26
9	122	9
10	122	26
11	122	0
12	122	18
13	122	0
14	122	9
15	122	0
16	122	18
17	122	9
18	122	9
19	122	34
20	122	26
21	122	0
22	122	0
23	122	0
0	123	0
1	123	0
2	123	0
3	123	0
4	123	0
5	123	0
6	123	0
7	123	0
8	123	0
9	123	0
10	123	5
11	123	0
12	123	9
13	123	0
14	123	0
15	123	5
16	123	5
17	123	5
18	123	9
19	123	5
20	123	5
21	123	13
22	123	0
23	123	0
0	124	0
1	124	0
2	124	0
3	124	0
4	124	0
5	124	24
6	124	0
7	124	46
8	124	0
9	124	0
10	124	0
11	124	0
12	124	0
13	124	0
14	124	0
15	124	0
16	124	0
17	124	0
18	124	0
19	124	0
20	124	24
21	124	0
22	124	0
23	124	0
0	125	4
1	125	3
2	125	2
3	125	3
4	125	9
5	125	8
6	125	12
7	125	15
8	125	13
9	125	12
10	125	11
11	125	20
12	125	10
13	125	17
14	125	15
15	125	13
16	125	21
17	125	14
18	125	18
19	125	16
20	125	12
21	125	17
22	125	6
23	125	2
0	126	0
1	126	0
2	126	0
3	126	0
4	126	0
5	126	8
6	126	24
7	126	38
8	126	8
9	126	24
10	126	31
11	126	16
12	126	8
13	126	0
14	126	0
15	126	16
16	126	0
17	126	0
18	126	0
19	126	16
20	126	0
21	126	8
22	126	0
23	126	0
0	127	0
1	127	8
2	127	0
3	127	28
4	127	8
5	127	14
6	127	14
7	127	34
8	127	21
9	127	52
10	127	28
11	127	46
12	127	28
13	127	52
14	127	57
15	127	52
16	127	63
17	127	52
18	127	34
19	127	68
20	127	21
21	127	21
22	127	28
23	127	21
0	128	1
1	128	1
2	128	2
3	128	2
4	128	3
5	128	5
6	128	9
7	128	10
8	128	13
9	128	10
10	128	10
11	128	14
12	128	16
13	128	7
14	128	9
15	128	13
16	128	16
17	128	15
18	128	15
19	128	17
20	128	17
21	128	7
22	128	8
23	128	2
