Counts for HTC(5) in Iran(20):
Hour	Location Index	Count
0	0	0
1	0	0
2	0	0
3	0	0
4	0	0
5	0	0
6	0	0
7	0	0
8	0	0
9	0	0
10	0	0
11	0	0
12	0	0
13	0	230
14	0	0
15	0	0
16	0	0
17	0	0
18	0	0
19	0	0
20	0	0
21	0	0
22	0	0
23	0	0
0	1	1
1	1	0
2	1	1
3	1	0
4	1	2
5	1	1
6	1	2
7	1	6
8	1	3
9	1	2
10	1	4
11	1	4
12	1	3
13	1	2
14	1	1
15	1	2
16	1	4
17	1	2
18	1	5
19	1	4
20	1	4
21	1	3
22	1	2
23	1	1
0	2	0
1	2	0
2	2	0
3	2	0
4	2	0
5	2	0
6	2	0
7	2	0
8	2	0
9	2	0
10	2	0
11	2	0
12	2	15
13	2	0
14	2	0
15	2	0
16	2	0
17	2	15
18	2	0
19	2	0
20	2	0
21	2	0
22	2	0
23	2	0
0	3	0
1	3	0
2	3	0
3	3	0
4	3	2
5	3	0
6	3	0
7	3	4
8	3	16
9	3	6
10	3	2
11	3	0
12	3	2
13	3	0
14	3	4
15	3	2
16	3	0
17	3	0
18	3	4
19	3	8
20	3	6
21	3	8
22	3	4
23	3	0
0	4	0
1	4	0
2	4	0
3	4	0
4	4	0
5	4	0
6	4	0
7	4	0
8	4	0
9	4	0
10	4	0
11	4	0
12	4	0
13	4	0
14	4	0
15	4	0
16	4	33
17	4	0
18	4	0
19	4	0
20	4	0
21	4	0
22	4	0
23	4	0
0	5	0
1	5	0
2	5	0
3	5	0
4	5	0
5	5	0
6	5	0
7	5	0
8	5	35
9	5	0
10	5	0
11	5	0
12	5	0
13	5	0
14	5	0
15	5	0
16	5	0
17	5	0
18	5	0
19	5	0
20	5	0
21	5	0
22	5	0
23	5	0
0	6	1
1	6	1
2	6	1
3	6	3
4	6	3
5	6	1
6	6	3
7	6	3
8	6	3
9	6	4
10	6	5
11	6	5
12	6	3
13	6	4
14	6	3
15	6	3
16	6	4
17	6	9
18	6	5
19	6	7
20	6	6
21	6	3
22	6	1
23	6	1
0	7	0
1	7	0
2	7	0
3	7	0
4	7	0
5	7	0
6	7	0
7	7	0
8	7	0
9	7	0
10	7	0
11	7	0
12	7	0
13	7	0
14	7	0
15	7	0
16	7	0
17	7	0
18	7	0
19	7	0
20	7	0
21	7	0
22	7	0
23	7	0
0	8	1
1	8	1
2	8	2
3	8	0
4	8	1
5	8	3
6	8	2
7	8	5
8	8	2
9	8	3
10	8	3
11	8	2
12	8	2
13	8	3
14	8	5
15	8	5
16	8	5
17	8	6
18	8	8
19	8	6
20	8	9
21	8	5
22	8	4
23	8	2
0	9	0
1	9	0
2	9	0
3	9	0
4	9	0
5	9	0
6	9	7
7	9	0
8	9	0
9	9	0
10	9	0
11	9	0
12	9	0
13	9	0
14	9	14
15	9	0
16	9	0
17	9	0
18	9	0
19	9	0
20	9	7
21	9	0
22	9	0
23	9	0
0	10	0
1	10	0
2	10	0
3	10	0
4	10	0
5	10	0
6	10	0
7	10	0
8	10	10
9	10	5
10	10	5
11	10	0
12	10	0
13	10	0
14	10	0
15	10	0
16	10	0
17	10	0
18	10	0
19	10	5
20	10	0
21	10	10
22	10	5
23	10	0
0	11	0
1	11	0
2	11	0
3	11	0
4	11	0
5	11	0
6	11	0
7	11	0
8	11	0
9	11	0
10	11	0
11	11	0
12	11	0
13	11	0
14	11	0
15	11	0
16	11	0
17	11	0
18	11	61
19	11	0
20	11	0
21	11	0
22	11	0
23	11	0
0	12	0
1	12	0
2	12	0
3	12	0
4	12	35
5	12	0
6	12	0
7	12	0
8	12	0
9	12	0
10	12	0
11	12	0
12	12	0
13	12	0
14	12	0
15	12	0
16	12	0
17	12	0
18	12	35
19	12	0
20	12	0
21	12	0
22	12	0
23	12	0
0	13	0
1	13	0
2	13	0
3	13	0
4	13	0
5	13	0
6	13	0
7	13	0
8	13	0
9	13	0
10	13	0
11	13	0
12	13	0
13	13	0
14	13	0
15	13	0
16	13	0
17	13	0
18	13	0
19	13	0
20	13	0
21	13	0
22	13	0
23	13	0
0	14	0
1	14	0
2	14	0
3	14	0
4	14	0
5	14	21
6	14	0
7	14	11
8	14	11
9	14	0
10	14	0
11	14	0
12	14	0
13	14	11
14	14	0
15	14	21
16	14	0
17	14	0
18	14	0
19	14	0
20	14	0
21	14	0
22	14	0
23	14	0
0	15	0
1	15	0
2	15	0
3	15	0
4	15	0
5	15	0
6	15	0
7	15	0
8	15	0
9	15	0
10	15	0
11	15	0
12	15	0
13	15	0
14	15	0
15	15	0
16	15	0
17	15	0
18	15	0
19	15	0
20	15	0
21	15	0
22	15	0
23	15	0
0	16	1
1	16	0
2	16	0
3	16	0
4	16	0
5	16	2
6	16	1
7	16	3
8	16	8
9	16	2
10	16	3
11	16	3
12	16	0
13	16	2
14	16	3
15	16	4
16	16	9
17	16	5
18	16	4
19	16	5
20	16	4
21	16	2
22	16	2
23	16	1
0	17	0
1	17	0
2	17	0
3	17	0
4	17	0
5	17	0
6	17	0
7	17	0
8	17	0
9	17	0
10	17	0
11	17	0
12	17	0
13	17	0
14	17	0
15	17	0
16	17	0
17	17	0
18	17	0
19	17	0
20	17	0
21	17	0
22	17	0
23	17	0
0	18	0
1	18	0
2	18	0
3	18	0
4	18	0
5	18	0
6	18	29
7	18	0
8	18	0
9	18	0
10	18	0
11	18	0
12	18	0
13	18	29
14	18	0
15	18	0
16	18	0
17	18	0
18	18	0
19	18	0
20	18	0
21	18	0
22	18	0
23	18	0
0	19	0
1	19	0
2	19	0
3	19	0
4	19	0
5	19	0
6	19	0
7	19	0
8	19	0
9	19	0
10	19	0
11	19	0
12	19	0
13	19	0
14	19	0
15	19	0
16	19	0
17	19	0
18	19	0
19	19	0
20	19	0
21	19	0
22	19	0
23	19	0
0	20	0
1	20	0
2	20	0
3	20	0
4	20	0
5	20	0
6	20	0
7	20	0
8	20	3
9	20	6
10	20	0
11	20	0
12	20	6
13	20	3
14	20	3
15	20	0
16	20	0
17	20	0
18	20	3
19	20	3
20	20	0
21	20	0
22	20	0
23	20	0
0	21	0
1	21	0
2	21	0
3	21	0
4	21	0
5	21	0
6	21	0
7	21	0
8	21	0
9	21	0
10	21	0
11	21	0
12	21	0
13	21	0
14	21	0
15	21	0
16	21	0
17	21	0
18	21	0
19	21	0
20	21	0
21	21	0
22	21	0
23	21	0
0	22	0
1	22	0
2	22	0
3	22	0
4	22	0
5	22	0
6	22	15
7	22	0
8	22	0
9	22	8
10	22	0
11	22	0
12	22	0
13	22	8
14	22	8
15	22	0
16	22	8
17	22	15
18	22	0
19	22	0
20	22	15
21	22	0
22	22	0
23	22	0
0	23	0
1	23	0
2	23	0
3	23	0
4	23	43
5	23	0
6	23	0
7	23	43
8	23	0
9	23	0
10	23	0
11	23	0
12	23	0
13	23	0
14	23	0
15	23	0
16	23	0
17	23	0
18	23	0
19	23	0
20	23	0
21	23	0
22	23	0
23	23	0
0	24	0
1	24	0
2	24	0
3	24	0
4	24	0
5	24	0
6	24	0
7	24	0
8	24	0
9	24	0
10	24	0
11	24	0
12	24	0
13	24	0
14	24	0
15	24	0
16	24	0
17	24	0
18	24	0
19	24	0
20	24	0
21	24	0
22	24	0
23	24	0
0	25	2
1	25	0
2	25	0
3	25	0
4	25	0
5	25	2
6	25	6
7	25	6
8	25	2
9	25	0
10	25	3
11	25	3
12	25	9
13	25	3
14	25	2
15	25	3
16	25	5
17	25	8
18	25	3
19	25	8
20	25	4
21	25	0
22	25	0
23	25	0
0	26	1
1	26	0
2	26	0
3	26	0
4	26	0
5	26	1
6	26	4
7	26	3
8	26	7
9	26	2
10	26	1
11	26	3
12	26	6
13	26	3
14	26	1
15	26	5
16	26	5
17	26	2
18	26	6
19	26	4
20	26	1
21	26	5
22	26	1
23	26	2
0	27	0
1	27	0
2	27	0
3	27	0
4	27	0
5	27	0
6	27	0
7	27	0
8	27	0
9	27	0
10	27	0
11	27	0
12	27	0
13	27	0
14	27	0
15	27	0
16	27	0
17	27	0
18	27	0
19	27	0
20	27	0
21	27	0
22	27	0
23	27	0
0	28	0
1	28	0
2	28	0
3	28	0
4	28	0
5	28	0
6	28	0
7	28	0
8	28	0
9	28	0
10	28	15
11	28	15
12	28	0
13	28	0
14	28	0
15	28	42
16	28	15
17	28	0
18	28	0
19	28	0
20	28	15
21	28	0
22	28	0
23	28	0
0	29	1
1	29	1
2	29	1
3	29	1
4	29	2
5	29	2
6	29	3
7	29	3
8	29	3
9	29	3
10	29	4
11	29	4
12	29	4
13	29	3
14	29	3
15	29	3
16	29	4
17	29	4
18	29	5
19	29	4
20	29	4
21	29	3
22	29	2
23	29	1
0	30	0
1	30	0
2	30	0
3	30	0
4	30	0
5	30	0
6	30	0
7	30	0
8	30	0
9	30	0
10	30	0
11	30	0
12	30	0
13	30	0
14	30	0
15	30	0
16	30	0
17	30	0
18	30	0
19	30	0
20	30	0
21	30	0
22	30	0
23	30	0
0	31	0
1	31	0
2	31	0
3	31	0
4	31	0
5	31	0
6	31	0
7	31	0
8	31	0
9	31	0
10	31	0
11	31	0
12	31	0
13	31	0
14	31	0
15	31	0
16	31	0
17	31	0
18	31	0
19	31	0
20	31	0
21	31	0
22	31	0
23	31	0
0	32	1
1	32	1
2	32	1
3	32	1
4	32	2
5	32	3
6	32	2
7	32	3
8	32	4
9	32	4
10	32	4
11	32	5
12	32	4
13	32	5
14	32	4
15	32	3
16	32	4
17	32	5
18	32	4
19	32	5
20	32	5
21	32	3
22	32	2
23	32	1
0	33	1
1	33	1
2	33	1
3	33	1
4	33	2
5	33	3
6	33	3
7	33	4
8	33	4
9	33	3
10	33	4
11	33	4
12	33	4
13	33	3
14	33	3
15	33	4
16	33	4
17	33	4
18	33	4
19	33	4
20	33	4
21	33	3
22	33	2
23	33	1
0	34	0
1	34	0
2	34	0
3	34	0
4	34	0
5	34	0
6	34	0
7	34	0
8	34	0
9	34	0
10	34	0
11	34	0
12	34	0
13	34	0
14	34	0
15	34	0
16	34	0
17	34	0
18	34	0
19	34	0
20	34	0
21	34	0
22	34	0
23	34	0
0	35	1
1	35	1
2	35	1
3	35	1
4	35	1
5	35	2
6	35	2
7	35	3
8	35	3
9	35	3
10	35	3
11	35	3
12	35	3
13	35	2
14	35	3
15	35	2
16	35	3
17	35	2
18	35	4
19	35	4
20	35	4
21	35	3
22	35	1
23	35	1
0	36	0
1	36	0
2	36	3
3	36	0
4	36	3
5	36	0
6	36	0
7	36	0
8	36	3
9	36	6
10	36	3
11	36	0
12	36	8
13	36	0
14	36	0
15	36	3
16	36	0
17	36	0
18	36	3
19	36	0
20	36	0
21	36	0
22	36	0
23	36	0
0	37	0
1	37	0
2	37	0
3	37	0
4	37	0
5	37	0
6	37	0
7	37	0
8	37	0
9	37	14
10	37	0
11	37	0
12	37	14
13	37	0
14	37	7
15	37	0
16	37	0
17	37	7
18	37	0
19	37	0
20	37	7
21	37	0
22	37	7
23	37	0
0	38	0
1	38	0
2	38	0
3	38	2
4	38	4
5	38	4
6	38	4
7	38	4
8	38	5
9	38	2
10	38	4
11	38	0
12	38	2
13	38	2
14	38	2
15	38	2
16	38	0
17	38	2
18	38	6
19	38	4
20	38	5
21	38	0
22	38	0
23	38	4
0	39	0
1	39	0
2	39	0
3	39	0
4	39	18
5	39	6
6	39	7
7	39	3
8	39	6
9	39	12
10	39	4
11	39	2
12	39	4
13	39	3
14	39	6
15	39	4
16	39	2
17	39	0
18	39	6
19	39	6
20	39	0
21	39	2
22	39	3
23	39	0
0	40	0
1	40	0
2	40	0
3	40	0
4	40	0
5	40	16
6	40	0
7	40	30
8	40	0
9	40	16
10	40	30
11	40	0
12	40	30
13	40	30
14	40	16
15	40	16
16	40	0
17	40	16
18	40	0
19	40	0
20	40	16
21	40	0
22	40	0
23	40	0
0	41	0
1	41	0
2	41	0
3	41	0
4	41	0
5	41	0
6	41	0
7	41	0
8	41	0
9	41	0
10	41	0
11	41	0
12	41	0
13	41	42
14	41	0
15	41	0
16	41	0
17	41	0
18	41	0
19	41	0
20	41	0
21	41	0
22	41	0
23	41	0
0	42	0
1	42	0
2	42	0
3	42	0
4	42	0
5	42	0
6	42	24
7	42	0
8	42	8
9	42	0
10	42	0
11	42	0
12	42	0
13	42	0
14	42	0
15	42	0
16	42	0
17	42	0
18	42	0
19	42	0
20	42	0
21	42	0
22	42	0
23	42	0
0	43	1
1	43	1
2	43	2
3	43	1
4	43	1
5	43	3
6	43	4
7	43	3
8	43	3
9	43	5
10	43	5
11	43	2
12	43	2
13	43	3
14	43	2
15	43	4
16	43	3
17	43	7
18	43	3
19	43	6
20	43	2
21	43	5
22	43	1
23	43	2
0	44	1
1	44	1
2	44	1
3	44	1
4	44	1
5	44	2
6	44	2
7	44	3
8	44	3
9	44	2
10	44	2
11	44	2
12	44	3
13	44	3
14	44	3
15	44	3
16	44	3
17	44	5
18	44	4
19	44	5
20	44	3
21	44	3
22	44	2
23	44	1
0	45	0
1	45	0
2	45	0
3	45	0
4	45	0
5	45	0
6	45	0
7	45	0
8	45	0
9	45	0
10	45	0
11	45	0
12	45	0
13	45	0
14	45	29
15	45	0
16	45	0
17	45	0
18	45	0
19	45	29
20	45	0
21	45	0
22	45	0
23	45	0
0	46	0
1	46	1
2	46	1
3	46	2
4	46	1
5	46	2
6	46	1
7	46	2
8	46	2
9	46	7
10	46	6
11	46	5
12	46	0
13	46	1
14	46	1
15	46	3
16	46	3
17	46	6
18	46	3
19	46	5
20	46	2
21	46	2
22	46	0
23	46	2
0	47	0
1	47	0
2	47	0
3	47	0
4	47	0
5	47	0
6	47	0
7	47	0
8	47	0
9	47	0
10	47	0
11	47	0
12	47	0
13	47	0
14	47	32
15	47	0
16	47	0
17	47	0
18	47	0
19	47	0
20	47	0
21	47	0
22	47	0
23	47	0
0	48	0
1	48	0
2	48	0
3	48	0
4	48	0
5	48	0
6	48	0
7	48	0
8	48	31
9	48	31
10	48	0
11	48	0
12	48	0
13	48	0
14	48	0
15	48	0
16	48	0
17	48	0
18	48	31
19	48	0
20	48	0
21	48	0
22	48	0
23	48	0
0	49	0
1	49	0
2	49	0
3	49	0
4	49	0
5	49	0
6	49	0
7	49	0
8	49	0
9	49	0
10	49	0
11	49	0
12	49	0
13	49	0
14	49	0
15	49	0
16	49	0
17	49	0
18	49	0
19	49	0
20	49	0
21	49	0
22	49	0
23	49	0
0	50	1
1	50	1
2	50	1
3	50	1
4	50	2
5	50	3
6	50	3
7	50	3
8	50	5
9	50	4
10	50	3
11	50	5
12	50	3
13	50	3
14	50	3
15	50	4
16	50	4
17	50	4
18	50	4
19	50	6
20	50	6
21	50	3
22	50	2
23	50	1
0	51	0
1	51	0
2	51	0
3	51	0
4	51	0
5	51	0
6	51	0
7	51	21
8	51	0
9	51	0
10	51	0
11	51	0
12	51	0
13	51	0
14	51	0
15	51	0
16	51	0
17	51	0
18	51	0
19	51	14
20	51	0
21	51	0
22	51	0
23	51	0
0	52	0
1	52	5
2	52	0
3	52	5
4	52	0
5	52	0
6	52	0
7	52	5
8	52	0
9	52	0
10	52	5
11	52	0
12	52	0
13	52	0
14	52	0
15	52	0
16	52	0
17	52	0
18	52	5
19	52	0
20	52	0
21	52	0
22	52	0
23	52	0
0	53	0
1	53	0
2	53	0
3	53	1
4	53	0
5	53	2
6	53	1
7	53	1
8	53	1
9	53	4
10	53	2
11	53	5
12	53	3
13	53	1
14	53	4
15	53	7
16	53	2
17	53	4
18	53	1
19	53	4
20	53	10
21	53	5
22	53	0
23	53	0
0	54	3
1	54	0
2	54	3
3	54	0
4	54	0
5	54	0
6	54	5
7	54	5
8	54	5
9	54	0
10	54	3
11	54	3
12	54	5
13	54	3
14	54	12
15	54	3
16	54	3
17	54	3
18	54	7
19	54	9
20	54	0
21	54	3
22	54	3
23	54	3
0	55	0
1	55	0
2	55	0
3	55	0
4	55	0
5	55	0
6	55	0
7	55	0
8	55	0
9	55	0
10	55	0
11	55	0
12	55	0
13	55	0
14	55	0
15	55	0
16	55	0
17	55	0
18	55	0
19	55	0
20	55	0
21	55	0
22	55	0
23	55	0
0	56	0
1	56	0
2	56	0
3	56	0
4	56	0
5	56	0
6	56	0
7	56	0
8	56	0
9	56	0
10	56	0
11	56	0
12	56	0
13	56	0
14	56	0
15	56	0
16	56	0
17	56	72
18	56	0
19	56	0
20	56	0
21	56	0
22	56	0
23	56	0
0	57	0
1	57	0
2	57	0
3	57	0
4	57	0
5	57	0
6	57	0
7	57	0
8	57	0
9	57	0
10	57	0
11	57	0
12	57	0
13	57	0
14	57	0
15	57	0
16	57	0
17	57	0
18	57	0
19	57	0
20	57	0
21	57	0
22	57	0
23	57	0
0	58	0
1	58	0
2	58	0
3	58	0
4	58	3
5	58	0
6	58	0
7	58	2
8	58	3
9	58	6
10	58	3
11	58	4
12	58	3
13	58	2
14	58	11
15	58	0
16	58	2
17	58	6
18	58	7
19	58	6
20	58	8
21	58	8
22	58	3
23	58	4
0	59	0
1	59	0
2	59	0
3	59	0
4	59	0
5	59	0
6	59	0
7	59	0
8	59	0
9	59	0
10	59	0
11	59	0
12	59	0
13	59	0
14	59	0
15	59	0
16	59	0
17	59	0
18	59	0
19	59	0
20	59	0
21	59	0
22	59	0
23	59	0
0	60	0
1	60	0
2	60	0
3	60	0
4	60	5
5	60	0
6	60	0
7	60	10
8	60	0
9	60	0
10	60	0
11	60	0
12	60	0
13	60	5
14	60	0
15	60	0
16	60	0
17	60	0
18	60	0
19	60	18
20	60	5
21	60	10
22	60	0
23	60	0
0	61	0
1	61	0
2	61	0
3	61	0
4	61	0
5	61	0
6	61	0
7	61	0
8	61	0
9	61	0
10	61	61
11	61	0
12	61	0
13	61	0
14	61	0
15	61	0
16	61	0
17	61	0
18	61	0
19	61	0
20	61	0
21	61	0
22	61	107
23	61	0
0	62	0
1	62	0
2	62	0
3	62	0
4	62	10
5	62	0
6	62	0
7	62	0
8	62	10
9	62	0
10	62	0
11	62	10
12	62	0
13	62	0
14	62	0
15	62	0
16	62	0
17	62	0
18	62	0
19	62	10
20	62	36
21	62	0
22	62	0
23	62	0
0	63	0
1	63	0
2	63	0
3	63	0
4	63	0
5	63	0
6	63	0
7	63	68
8	63	0
9	63	0
10	63	0
11	63	0
12	63	0
13	63	0
14	63	0
15	63	0
16	63	0
17	63	0
18	63	0
19	63	0
20	63	0
21	63	0
22	63	0
23	63	0
0	64	0
1	64	0
2	64	2
3	64	2
4	64	0
5	64	2
6	64	2
7	64	2
8	64	3
9	64	7
10	64	3
11	64	8
12	64	1
13	64	2
14	64	1
15	64	5
16	64	3
17	64	4
18	64	7
19	64	4
20	64	5
21	64	4
22	64	2
23	64	1
0	65	0
1	65	0
2	65	0
3	65	0
4	65	0
5	65	0
6	65	0
7	65	0
8	65	0
9	65	0
10	65	0
11	65	0
12	65	0
13	65	0
14	65	0
15	65	0
16	65	0
17	65	0
18	65	0
19	65	9
20	65	0
21	65	0
22	65	0
23	65	9
0	66	0
1	66	0
2	66	0
3	66	0
4	66	0
5	66	0
6	66	0
7	66	0
8	66	0
9	66	0
10	66	0
11	66	0
12	66	0
13	66	0
14	66	0
15	66	0
16	66	0
17	66	0
18	66	0
19	66	0
20	66	0
21	66	0
22	66	0
23	66	0
0	67	0
1	67	1
2	67	2
3	67	1
4	67	3
5	67	6
6	67	3
7	67	3
8	67	3
9	67	4
10	67	6
11	67	7
12	67	4
13	67	3
14	67	4
15	67	4
16	67	3
17	67	5
18	67	4
19	67	6
20	67	4
21	67	3
22	67	2
23	67	1
0	68	0
1	68	0
2	68	0
3	68	0
4	68	0
5	68	0
6	68	2
7	68	0
8	68	5
9	68	6
10	68	8
11	68	3
12	68	5
13	68	5
14	68	2
15	68	6
16	68	6
17	68	3
18	68	9
19	68	8
20	68	8
21	68	5
22	68	3
23	68	3
0	69	0
1	69	0
2	69	2
3	69	0
4	69	0
5	69	0
6	69	2
7	69	0
8	69	0
9	69	4
10	69	2
11	69	0
12	69	2
13	69	0
14	69	0
15	69	0
16	69	4
17	69	2
18	69	2
19	69	4
20	69	5
21	69	2
22	69	2
23	69	0
0	70	0
1	70	0
2	70	0
3	70	6
4	70	0
5	70	0
6	70	0
7	70	12
8	70	6
9	70	0
10	70	6
11	70	6
12	70	0
13	70	6
14	70	0
15	70	6
16	70	12
17	70	0
18	70	0
19	70	6
20	70	12
21	70	0
22	70	6
23	70	0
0	71	0
1	71	0
2	71	0
3	71	0
4	71	0
5	71	0
6	71	24
7	71	0
8	71	0
9	71	0
10	71	0
11	71	12
12	71	12
13	71	0
14	71	0
15	71	24
16	71	0
17	71	0
18	71	0
19	71	0
20	71	0
21	71	0
22	71	0
23	71	0
0	72	0
1	72	0
2	72	0
3	72	0
4	72	0
5	72	0
6	72	2
7	72	2
8	72	9
9	72	8
10	72	6
11	72	6
12	72	2
13	72	9
14	72	0
15	72	2
16	72	2
17	72	13
18	72	8
19	72	6
20	72	8
21	72	4
22	72	0
23	72	2
0	73	0
1	73	0
2	73	0
3	73	0
4	73	0
5	73	0
6	73	0
7	73	0
8	73	0
9	73	0
10	73	0
11	73	0
12	73	0
13	73	0
14	73	0
15	73	0
16	73	0
17	73	0
18	73	0
19	73	0
20	73	0
21	73	0
22	73	0
23	73	0
0	74	0
1	74	0
2	74	0
3	74	0
4	74	0
5	74	0
6	74	17
7	74	0
8	74	0
9	74	0
10	74	0
11	74	0
12	74	0
13	74	0
14	74	0
15	74	0
16	74	0
17	74	0
18	74	0
19	74	0
20	74	0
21	74	0
22	74	0
23	74	0
0	75	0
1	75	0
2	75	0
3	75	0
4	75	0
5	75	0
6	75	0
7	75	0
8	75	0
9	75	0
10	75	0
11	75	0
12	75	0
13	75	0
14	75	0
15	75	0
16	75	103
17	75	0
18	75	0
19	75	0
20	75	103
21	75	0
22	75	0
23	75	0
0	76	0
1	76	0
2	76	0
3	76	0
4	76	0
5	76	0
6	76	0
7	76	0
8	76	0
9	76	0
10	76	0
11	76	0
12	76	0
13	76	0
14	76	0
15	76	0
16	76	0
17	76	0
18	76	0
19	76	0
20	76	0
21	76	0
22	76	0
23	76	77
0	77	0
1	77	0
2	77	0
3	77	0
4	77	0
5	77	0
6	77	0
7	77	0
8	77	0
9	77	0
10	77	0
11	77	0
12	77	0
13	77	0
14	77	0
15	77	0
16	77	0
17	77	0
18	77	0
19	77	0
20	77	0
21	77	0
22	77	0
23	77	0
0	78	0
1	78	0
2	78	0
3	78	0
4	78	0
5	78	0
6	78	23
7	78	0
8	78	0
9	78	12
10	78	0
11	78	0
12	78	0
13	78	0
14	78	0
15	78	23
16	78	0
17	78	0
18	78	12
19	78	0
20	78	0
21	78	0
22	78	0
23	78	0
0	79	2
1	79	0
2	79	0
3	79	0
4	79	2
5	79	2
6	79	2
7	79	0
8	79	4
9	79	6
10	79	6
11	79	2
12	79	0
13	79	4
14	79	18
15	79	2
16	79	0
17	79	4
18	79	0
19	79	0
20	79	4
21	79	2
22	79	0
23	79	0
0	80	0
1	80	0
2	80	0
3	80	0
4	80	0
5	80	0
6	80	14
7	80	0
8	80	0
9	80	0
10	80	0
11	80	0
12	80	0
13	80	0
14	80	14
15	80	0
16	80	0
17	80	0
18	80	0
19	80	0
20	80	0
21	80	0
22	80	0
23	80	0
0	81	0
1	81	0
2	81	0
3	81	0
4	81	0
5	81	0
6	81	0
7	81	0
8	81	0
9	81	0
10	81	0
11	81	0
12	81	18
13	81	0
14	81	0
15	81	0
16	81	0
17	81	0
18	81	0
19	81	0
20	81	0
21	81	0
22	81	0
23	81	0
0	82	0
1	82	0
2	82	0
3	82	0
4	82	0
5	82	0
6	82	0
7	82	0
8	82	0
9	82	15
10	82	0
11	82	0
12	82	0
13	82	0
14	82	0
15	82	0
16	82	0
17	82	15
18	82	0
19	82	0
20	82	15
21	82	0
22	82	0
23	82	0
0	83	0
1	83	0
2	83	0
3	83	0
4	83	2
5	83	1
6	83	0
7	83	2
8	83	4
9	83	2
10	83	0
11	83	3
12	83	7
13	83	2
14	83	2
15	83	9
16	83	4
17	83	3
18	83	7
19	83	0
20	83	5
21	83	2
22	83	2
23	83	0
0	84	0
1	84	0
2	84	0
3	84	2
4	84	1
5	84	1
6	84	1
7	84	5
8	84	0
9	84	2
10	84	3
11	84	2
12	84	4
13	84	1
14	84	1
15	84	5
16	84	3
17	84	4
18	84	2
19	84	2
20	84	6
21	84	2
22	84	1
23	84	0
0	85	0
1	85	0
2	85	0
3	85	0
4	85	0
5	85	0
6	85	29
7	85	0
8	85	0
9	85	0
10	85	0
11	85	0
12	85	0
13	85	0
14	85	0
15	85	0
16	85	0
17	85	0
18	85	0
19	85	0
20	85	29
21	85	0
22	85	0
23	85	0
0	86	0
1	86	0
2	86	0
3	86	0
4	86	0
5	86	0
6	86	0
7	86	0
8	86	0
9	86	0
10	86	0
11	86	0
12	86	0
13	86	0
14	86	0
15	86	0
16	86	0
17	86	0
18	86	0
19	86	0
20	86	0
21	86	0
22	86	0
23	86	0
0	87	0
1	87	0
2	87	0
3	87	0
4	87	0
5	87	0
6	87	0
7	87	0
8	87	0
9	87	0
10	87	0
11	87	0
12	87	0
13	87	0
14	87	0
15	87	0
16	87	0
17	87	0
18	87	0
19	87	0
20	87	0
21	87	0
22	87	0
23	87	0
0	88	0
1	88	0
2	88	0
3	88	0
4	88	0
5	88	0
6	88	0
7	88	0
8	88	0
9	88	0
10	88	0
11	88	0
12	88	0
13	88	0
14	88	0
15	88	0
16	88	0
17	88	0
18	88	0
19	88	0
20	88	0
21	88	0
22	88	0
23	88	0
0	89	0
1	89	1
2	89	0
3	89	0
4	89	2
5	89	4
6	89	3
7	89	2
8	89	2
9	89	3
10	89	3
11	89	5
12	89	5
13	89	2
14	89	4
15	89	4
16	89	6
17	89	4
18	89	4
19	89	4
20	89	4
21	89	3
22	89	4
23	89	0
0	90	0
1	90	0
2	90	0
3	90	0
4	90	0
5	90	0
6	90	0
7	90	6
8	90	0
9	90	0
10	90	0
11	90	6
12	90	0
13	90	0
14	90	0
15	90	0
16	90	0
17	90	28
18	90	0
19	90	0
20	90	0
21	90	0
22	90	0
23	90	0
0	91	0
1	91	0
2	91	0
3	91	0
4	91	0
5	91	0
6	91	0
7	91	0
8	91	0
9	91	0
10	91	0
11	91	0
12	91	0
13	91	0
14	91	0
15	91	0
16	91	0
17	91	0
18	91	0
19	91	0
20	91	0
21	91	0
22	91	0
23	91	0
0	92	0
1	92	0
2	92	0
3	92	0
4	92	0
5	92	10
6	92	10
7	92	19
8	92	44
9	92	28
10	92	10
11	92	10
12	92	19
13	92	0
14	92	10
15	92	10
16	92	28
17	92	10
18	92	19
19	92	0
20	92	19
21	92	0
22	92	28
23	92	0
0	93	0
1	93	0
2	93	0
3	93	0
4	93	0
5	93	0
6	93	0
7	93	0
8	93	0
9	93	0
10	93	0
11	93	0
12	93	0
13	93	0
14	93	0
15	93	0
16	93	0
17	93	17
18	93	0
19	93	0
20	93	0
21	93	0
22	93	0
23	93	0
0	94	0
1	94	1
2	94	1
3	94	1
4	94	3
5	94	1
6	94	3
7	94	5
8	94	3
9	94	6
10	94	5
11	94	4
12	94	4
13	94	3
14	94	4
15	94	3
16	94	4
17	94	4
18	94	5
19	94	6
20	94	4
21	94	3
22	94	3
23	94	2
0	95	0
1	95	0
2	95	0
3	95	0
4	95	0
5	95	0
6	95	0
7	95	0
8	95	0
9	95	0
10	95	0
11	95	0
12	95	0
13	95	0
14	95	0
15	95	0
16	95	12
17	95	12
18	95	0
19	95	0
20	95	0
21	95	0
22	95	0
23	95	0
0	96	0
1	96	0
2	96	0
3	96	0
4	96	0
5	96	0
6	96	0
7	96	0
8	96	0
9	96	0
10	96	0
11	96	0
12	96	0
13	96	0
14	96	0
15	96	0
16	96	0
17	96	0
18	96	0
19	96	0
20	96	0
21	96	0
22	96	0
23	96	0
0	97	0
1	97	0
2	97	0
3	97	1
4	97	0
5	97	2
6	97	3
7	97	5
8	97	1
9	97	5
10	97	5
11	97	1
12	97	3
13	97	2
14	97	2
15	97	4
16	97	3
17	97	4
18	97	5
19	97	3
20	97	4
21	97	3
22	97	1
23	97	0
0	98	0
1	98	0
2	98	0
3	98	0
4	98	0
5	98	0
6	98	0
7	98	0
8	98	0
9	98	2
10	98	2
11	98	7
12	98	4
13	98	2
14	98	0
15	98	0
16	98	0
17	98	7
18	98	2
19	98	4
20	98	2
21	98	0
22	98	0
23	98	0
0	99	2
1	99	0
2	99	0
3	99	2
4	99	3
5	99	2
6	99	3
7	99	2
8	99	3
9	99	5
10	99	3
11	99	3
12	99	6
13	99	1
14	99	2
15	99	6
16	99	2
17	99	4
18	99	6
19	99	4
20	99	5
21	99	1
22	99	3
23	99	2
0	100	0
1	100	0
2	100	0
3	100	0
4	100	0
5	100	0
6	100	0
7	100	0
8	100	0
9	100	0
10	100	0
11	100	0
12	100	0
13	100	0
14	100	0
15	100	0
16	100	0
17	100	0
18	100	0
19	100	0
20	100	0
21	100	0
22	100	0
23	100	0
0	101	1
1	101	1
2	101	1
3	101	2
4	101	2
5	101	2
6	101	4
7	101	5
8	101	3
9	101	4
10	101	2
11	101	4
12	101	5
13	101	3
14	101	2
15	101	5
16	101	3
17	101	4
18	101	4
19	101	4
20	101	3
21	101	4
22	101	6
23	101	1
0	102	0
1	102	0
2	102	0
3	102	0
4	102	0
5	102	0
6	102	0
7	102	0
8	102	0
9	102	0
10	102	0
11	102	0
12	102	0
13	102	0
14	102	0
15	102	0
16	102	0
17	102	0
18	102	0
19	102	0
20	102	19
21	102	0
22	102	0
23	102	0
0	103	0
1	103	0
2	103	0
3	103	0
4	103	0
5	103	0
6	103	0
7	103	5
8	103	5
9	103	0
10	103	0
11	103	0
12	103	0
13	103	0
14	103	0
15	103	5
16	103	0
17	103	0
18	103	5
19	103	0
20	103	5
21	103	0
22	103	0
23	103	0
0	104	0
1	104	1
2	104	0
3	104	2
4	104	1
5	104	2
6	104	2
7	104	3
8	104	2
9	104	4
10	104	4
11	104	5
12	104	3
13	104	6
14	104	1
15	104	4
16	104	3
17	104	6
18	104	3
19	104	4
20	104	5
21	104	5
22	104	4
23	104	2
0	105	0
1	105	0
2	105	0
3	105	0
4	105	0
5	105	0
6	105	0
7	105	0
8	105	0
9	105	0
10	105	0
11	105	0
12	105	0
13	105	0
14	105	0
15	105	0
16	105	0
17	105	201
18	105	0
19	105	0
20	105	0
21	105	0
22	105	0
23	105	0
0	106	0
1	106	0
2	106	0
3	106	0
4	106	0
5	106	0
6	106	20
7	106	7
8	106	0
9	106	7
10	106	7
11	106	0
12	106	0
13	106	0
14	106	0
15	106	0
16	106	0
17	106	0
18	106	26
19	106	0
20	106	0
21	106	0
22	106	0
23	106	0
0	107	0
1	107	0
2	107	0
3	107	0
4	107	0
5	107	0
6	107	3
7	107	3
8	107	0
9	107	0
10	107	0
11	107	3
12	107	0
13	107	6
14	107	0
15	107	0
16	107	13
17	107	13
18	107	6
19	107	6
20	107	3
21	107	0
22	107	0
23	107	0
0	108	0
1	108	77
2	108	0
3	108	0
4	108	77
5	108	0
6	108	0
7	108	0
8	108	0
9	108	0
10	108	0
11	108	0
12	108	0
13	108	130
14	108	0
15	108	0
16	108	0
17	108	0
18	108	0
19	108	0
20	108	77
21	108	0
22	108	0
23	108	0
0	109	0
1	109	0
2	109	0
3	109	0
4	109	0
5	109	0
6	109	0
7	109	0
8	109	0
9	109	0
10	109	0
11	109	0
12	109	0
13	109	0
14	109	0
15	109	0
16	109	0
17	109	0
18	109	0
19	109	0
20	109	0
21	109	0
22	109	0
23	109	0
0	110	0
1	110	0
2	110	0
3	110	0
4	110	0
5	110	0
6	110	0
7	110	0
8	110	0
9	110	0
10	110	0
11	110	0
12	110	0
13	110	0
14	110	0
15	110	0
16	110	0
17	110	0
18	110	0
19	110	0
20	110	53
21	110	0
22	110	0
23	110	0
0	111	1
1	111	1
2	111	1
3	111	1
4	111	2
5	111	2
6	111	2
7	111	2
8	111	2
9	111	2
10	111	2
11	111	2
12	111	2
13	111	2
14	111	2
15	111	2
16	111	2
17	111	2
18	111	2
19	111	3
20	111	2
21	111	2
22	111	1
23	111	1
0	112	0
1	112	0
2	112	0
3	112	0
4	112	0
5	112	0
6	112	0
7	112	0
8	112	0
9	112	0
10	112	0
11	112	0
12	112	0
13	112	0
14	112	0
15	112	0
16	112	22
17	112	0
18	112	0
19	112	0
20	112	0
21	112	0
22	112	0
23	112	0
0	113	0
1	113	0
2	113	1
3	113	1
4	113	1
5	113	2
6	113	3
7	113	3
8	113	3
9	113	3
10	113	4
11	113	2
12	113	6
13	113	4
14	113	3
15	113	2
16	113	3
17	113	4
18	113	4
19	113	2
20	113	5
21	113	4
22	113	3
23	113	0
0	114	0
1	114	0
2	114	0
3	114	0
4	114	0
5	114	0
6	114	0
7	114	0
8	114	0
9	114	0
10	114	0
11	114	0
12	114	0
13	114	0
14	114	0
15	114	0
16	114	0
17	114	0
18	114	0
19	114	0
20	114	0
21	114	0
22	114	0
23	114	0
0	115	1
1	115	1
2	115	0
3	115	1
4	115	1
5	115	3
6	115	3
7	115	0
8	115	7
9	115	6
10	115	6
11	115	2
12	115	4
13	115	4
14	115	4
15	115	1
16	115	3
17	115	6
18	115	5
19	115	4
20	115	4
21	115	1
22	115	1
23	115	1
0	116	0
1	116	0
2	116	0
3	116	0
4	116	0
5	116	0
6	116	0
7	116	14
8	116	0
9	116	0
10	116	0
11	116	0
12	116	0
13	116	14
14	116	14
15	116	0
16	116	14
17	116	0
18	116	0
19	116	0
20	116	0
21	116	0
22	116	0
23	116	0
0	117	1
1	117	1
2	117	1
3	117	1
4	117	1
5	117	2
6	117	3
7	117	4
8	117	4
9	117	3
10	117	3
11	117	3
12	117	3
13	117	3
14	117	3
15	117	3
16	117	4
17	117	4
18	117	4
19	117	4
20	117	4
21	117	3
22	117	2
23	117	1
0	118	0
1	118	0
2	118	0
3	118	0
4	118	0
5	118	0
6	118	10
7	118	0
8	118	0
9	118	0
10	118	0
11	118	10
12	118	10
13	118	10
14	118	0
15	118	18
16	118	0
17	118	0
18	118	0
19	118	0
20	118	10
21	118	0
22	118	0
23	118	0
0	119	0
1	119	0
2	119	0
3	119	0
4	119	0
5	119	0
6	119	0
7	119	0
8	119	0
9	119	0
10	119	0
11	119	0
12	119	0
13	119	0
14	119	0
15	119	0
16	119	37
17	119	37
18	119	0
19	119	0
20	119	0
21	119	0
22	119	0
23	119	0
0	120	0
1	120	0
2	120	0
3	120	0
4	120	0
5	120	0
6	120	0
7	120	0
8	120	0
9	120	0
10	120	0
11	120	0
12	120	0
13	120	0
14	120	0
15	120	0
16	120	0
17	120	0
18	120	0
19	120	0
20	120	0
21	120	0
22	120	0
23	120	0
0	121	0
1	121	0
2	121	0
3	121	0
4	121	0
5	121	0
6	121	0
7	121	0
8	121	0
9	121	40
10	121	0
11	121	0
12	121	0
13	121	0
14	121	0
15	121	0
16	121	0
17	121	0
18	121	0
19	121	0
20	121	0
21	121	0
22	121	0
23	121	0
0	122	0
1	122	0
2	122	0
3	122	0
4	122	0
5	122	0
6	122	0
7	122	0
8	122	0
9	122	0
10	122	0
11	122	0
12	122	0
13	122	9
14	122	0
15	122	9
16	122	0
17	122	0
18	122	9
19	122	0
20	122	0
21	122	0
22	122	0
23	122	0
0	123	0
1	123	0
2	123	5
3	123	0
4	123	5
5	123	0
6	123	5
7	123	5
8	123	20
9	123	9
10	123	0
11	123	5
12	123	5
13	123	5
14	123	17
15	123	5
16	123	13
17	123	0
18	123	20
19	123	5
20	123	0
21	123	5
22	123	0
23	123	0
0	124	0
1	124	0
2	124	0
3	124	0
4	124	0
5	124	0
6	124	0
7	124	0
8	124	0
9	124	0
10	124	0
11	124	0
12	124	0
13	124	0
14	124	0
15	124	0
16	124	0
17	124	0
18	124	0
19	124	0
20	124	0
21	124	0
22	124	0
23	124	0
0	125	1
1	125	0
2	125	1
3	125	1
4	125	2
5	125	2
6	125	3
7	125	3
8	125	3
9	125	5
10	125	4
11	125	3
12	125	3
13	125	2
14	125	2
15	125	2
16	125	2
17	125	2
18	125	3
19	125	5
20	125	3
21	125	3
22	125	3
23	125	1
0	126	0
1	126	0
2	126	0
3	126	0
4	126	24
5	126	0
6	126	8
7	126	0
8	126	16
9	126	0
10	126	0
11	126	16
12	126	0
13	126	0
14	126	0
15	126	8
16	126	0
17	126	0
18	126	0
19	126	0
20	126	0
21	126	0
22	126	0
23	126	0
0	127	0
1	127	0
2	127	8
3	127	0
4	127	0
5	127	0
6	127	0
7	127	0
8	127	8
9	127	8
10	127	0
11	127	0
12	127	0
13	127	0
14	127	0
15	127	0
16	127	0
17	127	0
18	127	8
19	127	8
20	127	0
21	127	0
22	127	0
23	127	0
0	128	1
1	128	0
2	128	1
3	128	1
4	128	0
5	128	1
6	128	2
7	128	2
8	128	1
9	128	3
10	128	3
11	128	2
12	128	2
13	128	2
14	128	2
15	128	3
16	128	3
17	128	3
18	128	4
19	128	6
20	128	4
21	128	1
22	128	2
23	128	1
