Counts for Huawei(6) in Iran(20):
Hour	Location Index	Count
0	0	0
1	0	0
2	0	0
3	0	0
4	0	0
5	0	0
6	0	0
7	0	0
8	0	0
9	0	0
10	0	0
11	0	0
12	0	0
13	0	0
14	0	0
15	0	0
16	0	0
17	0	0
18	0	0
19	0	0
20	0	0
21	0	0
22	0	0
23	0	0
0	1	3
1	1	1
2	1	2
3	1	4
4	1	3
5	1	7
6	1	8
7	1	10
8	1	12
9	1	9
10	1	16
11	1	18
12	1	12
13	1	12
14	1	11
15	1	15
16	1	17
17	1	16
18	1	13
19	1	18
20	1	17
21	1	13
22	1	4
23	1	1
0	2	15
1	2	0
2	2	0
3	2	0
4	2	0
5	2	0
6	2	0
7	2	15
8	2	29
9	2	15
10	2	29
11	2	41
12	2	29
13	2	41
14	2	0
15	2	29
16	2	15
17	2	29
18	2	0
19	2	29
20	2	0
21	2	15
22	2	15
23	2	0
0	3	0
1	3	0
2	3	0
3	3	4
4	3	0
5	3	6
6	3	6
7	3	4
8	3	14
9	3	2
10	3	10
11	3	8
12	3	2
13	3	2
14	3	2
15	3	6
16	3	4
17	3	6
18	3	6
19	3	8
20	3	0
21	3	4
22	3	8
23	3	0
0	4	0
1	4	0
2	4	0
3	4	0
4	4	0
5	4	0
6	4	0
7	4	0
8	4	0
9	4	0
10	4	0
11	4	0
12	4	0
13	4	33
14	4	0
15	4	0
16	4	0
17	4	0
18	4	0
19	4	0
20	4	0
21	4	0
22	4	0
23	4	0
0	5	0
1	5	0
2	5	0
3	5	0
4	5	0
5	5	35
6	5	0
7	5	35
8	5	35
9	5	0
10	5	0
11	5	35
12	5	0
13	5	0
14	5	0
15	5	0
16	5	35
17	5	35
18	5	0
19	5	0
20	5	0
21	5	0
22	5	0
23	5	0
0	6	2
1	6	1
2	6	2
3	6	3
4	6	3
5	6	6
6	6	6
7	6	8
8	6	9
9	6	8
10	6	11
11	6	8
12	6	9
13	6	7
14	6	5
15	6	8
16	6	8
17	6	8
18	6	13
19	6	10
20	6	9
21	6	11
22	6	4
23	6	2
0	7	0
1	7	0
2	7	0
3	7	0
4	7	0
5	7	0
6	7	0
7	7	0
8	7	0
9	7	0
10	7	0
11	7	0
12	7	0
13	7	0
14	7	0
15	7	0
16	7	0
17	7	0
18	7	0
19	7	0
20	7	0
21	7	0
22	7	0
23	7	0
0	8	1
1	8	2
2	8	1
3	8	1
4	8	3
5	8	7
6	8	9
7	8	8
8	8	3
9	8	6
10	8	9
11	8	5
12	8	5
13	8	6
14	8	12
15	8	4
16	8	7
17	8	9
18	8	7
19	8	6
20	8	10
21	8	4
22	8	4
23	8	2
0	9	0
1	9	0
2	9	0
3	9	0
4	9	0
5	9	14
6	9	7
7	9	14
8	9	7
9	9	14
10	9	0
11	9	7
12	9	20
13	9	0
14	9	7
15	9	0
16	9	7
17	9	20
18	9	7
19	9	20
20	9	7
21	9	0
22	9	0
23	9	0
0	10	5
1	10	0
2	10	0
3	10	0
4	10	10
5	10	0
6	10	15
7	10	15
8	10	10
9	10	5
10	10	5
11	10	15
12	10	15
13	10	37
14	10	10
15	10	15
16	10	5
17	10	29
18	10	41
19	10	10
20	10	5
21	10	29
22	10	5
23	10	0
0	11	0
1	11	0
2	11	0
3	11	0
4	11	0
5	11	0
6	11	0
7	11	0
8	11	0
9	11	0
10	11	0
11	11	0
12	11	0
13	11	0
14	11	0
15	11	0
16	11	0
17	11	0
18	11	0
19	11	0
20	11	0
21	11	0
22	11	0
23	11	0
0	12	0
1	12	0
2	12	0
3	12	0
4	12	0
5	12	0
6	12	0
7	12	0
8	12	0
9	12	0
10	12	0
11	12	0
12	12	0
13	12	0
14	12	0
15	12	0
16	12	0
17	12	0
18	12	0
19	12	35
20	12	0
21	12	0
22	12	0
23	12	0
0	13	0
1	13	0
2	13	0
3	13	0
4	13	0
5	13	0
6	13	0
7	13	0
8	13	230
9	13	0
10	13	0
11	13	0
12	13	0
13	13	0
14	13	0
15	13	0
16	13	0
17	13	0
18	13	0
19	13	0
20	13	0
21	13	0
22	13	0
23	13	0
0	14	0
1	14	0
2	14	0
3	14	0
4	14	11
5	14	0
6	14	0
7	14	0
8	14	0
9	14	11
10	14	0
11	14	11
12	14	31
13	14	11
14	14	0
15	14	11
16	14	21
17	14	21
18	14	0
19	14	0
20	14	0
21	14	11
22	14	0
23	14	0
0	15	0
1	15	0
2	15	0
3	15	0
4	15	0
5	15	0
6	15	0
7	15	0
8	15	0
9	15	0
10	15	0
11	15	0
12	15	0
13	15	0
14	15	0
15	15	0
16	15	0
17	15	0
18	15	0
19	15	0
20	15	0
21	15	0
22	15	0
23	15	0
0	16	1
1	16	0
2	16	1
3	16	0
4	16	3
5	16	9
6	16	3
7	16	2
8	16	6
9	16	5
10	16	15
11	16	8
12	16	7
13	16	3
14	16	6
15	16	3
16	16	4
17	16	10
18	16	13
19	16	13
20	16	7
21	16	4
22	16	4
23	16	1
0	17	0
1	17	0
2	17	0
3	17	0
4	17	0
5	17	0
6	17	0
7	17	0
8	17	0
9	17	0
10	17	0
11	17	0
12	17	0
13	17	0
14	17	0
15	17	0
16	17	0
17	17	0
18	17	0
19	17	0
20	17	0
21	17	0
22	17	0
23	17	0
0	18	0
1	18	0
2	18	0
3	18	0
4	18	0
5	18	0
6	18	0
7	18	0
8	18	0
9	18	29
10	18	0
11	18	0
12	18	0
13	18	0
14	18	0
15	18	0
16	18	0
17	18	29
18	18	0
19	18	0
20	18	0
21	18	0
22	18	29
23	18	0
0	19	0
1	19	0
2	19	0
3	19	0
4	19	0
5	19	0
6	19	0
7	19	0
8	19	0
9	19	95
10	19	0
11	19	0
12	19	0
13	19	0
14	19	0
15	19	0
16	19	0
17	19	0
18	19	0
19	19	0
20	19	0
21	19	0
22	19	0
23	19	0
0	20	0
1	20	0
2	20	0
3	20	0
4	20	0
5	20	0
6	20	6
7	20	9
8	20	3
9	20	0
10	20	6
11	20	21
12	20	0
13	20	3
14	20	6
15	20	0
16	20	9
17	20	0
18	20	6
19	20	12
20	20	9
21	20	0
22	20	3
23	20	3
0	21	0
1	21	0
2	21	0
3	21	0
4	21	0
5	21	0
6	21	0
7	21	0
8	21	0
9	21	0
10	21	0
11	21	0
12	21	0
13	21	0
14	21	0
15	21	0
16	21	0
17	21	0
18	21	0
19	21	0
20	21	0
21	21	0
22	21	0
23	21	0
0	22	0
1	22	0
2	22	8
3	22	0
4	22	15
5	22	0
6	22	0
7	22	8
8	22	0
9	22	8
10	22	8
11	22	15
12	22	15
13	22	15
14	22	8
15	22	8
16	22	8
17	22	8
18	22	28
19	22	8
20	22	8
21	22	22
22	22	0
23	22	0
0	23	0
1	23	0
2	23	0
3	23	0
4	23	0
5	23	0
6	23	79
7	23	0
8	23	43
9	23	0
10	23	0
11	23	0
12	23	0
13	23	0
14	23	0
15	23	0
16	23	0
17	23	0
18	23	43
19	23	0
20	23	0
21	23	0
22	23	0
23	23	0
0	24	0
1	24	0
2	24	0
3	24	0
4	24	0
5	24	0
6	24	0
7	24	0
8	24	0
9	24	154
10	24	0
11	24	0
12	24	0
13	24	154
14	24	0
15	24	0
16	24	0
17	24	0
18	24	0
19	24	154
20	24	0
21	24	0
22	24	0
23	24	0
0	25	0
1	25	0
2	25	0
3	25	2
4	25	3
5	25	3
6	25	3
7	25	7
8	25	6
9	25	5
10	25	9
11	25	12
12	25	6
13	25	9
14	25	8
15	25	7
16	25	5
17	25	7
18	25	14
19	25	8
20	25	8
21	25	7
22	25	2
23	25	0
0	26	1
1	26	0
2	26	1
3	26	4
4	26	2
5	26	4
6	26	6
7	26	8
8	26	6
9	26	5
10	26	3
11	26	4
12	26	4
13	26	8
14	26	6
15	26	6
16	26	5
17	26	8
18	26	6
19	26	8
20	26	11
21	26	4
22	26	2
23	26	1
0	27	0
1	27	0
2	27	0
3	27	0
4	27	0
5	27	0
6	27	0
7	27	0
8	27	0
9	27	175
10	27	0
11	27	0
12	27	0
13	27	0
14	27	0
15	27	0
16	27	0
17	27	0
18	27	0
19	27	0
20	27	0
21	27	0
22	27	0
23	27	0
0	28	0
1	28	0
2	28	0
3	28	0
4	28	0
5	28	88
6	28	29
7	28	0
8	28	15
9	28	0
10	28	15
11	28	0
12	28	0
13	28	15
14	28	0
15	28	0
16	28	0
17	28	0
18	28	0
19	28	29
20	28	0
21	28	0
22	28	0
23	28	15
0	29	1
1	29	1
2	29	2
3	29	3
4	29	4
5	29	6
6	29	8
7	29	9
8	29	7
9	29	9
10	29	11
11	29	10
12	29	11
13	29	9
14	29	8
15	29	10
16	29	11
17	29	13
18	29	13
19	29	14
20	29	12
21	29	9
22	29	5
23	29	2
0	30	0
1	30	0
2	30	0
3	30	0
4	30	0
5	30	0
6	30	0
7	30	0
8	30	0
9	30	0
10	30	0
11	30	0
12	30	0
13	30	0
14	30	0
15	30	0
16	30	0
17	30	0
18	30	0
19	30	0
20	30	0
21	30	0
22	30	0
23	30	0
0	31	0
1	31	0
2	31	0
3	31	0
4	31	0
5	31	0
6	31	0
7	31	0
8	31	0
9	31	0
10	31	0
11	31	0
12	31	0
13	31	0
14	31	0
15	31	0
16	31	0
17	31	0
18	31	0
19	31	0
20	31	0
21	31	0
22	31	0
23	31	0
0	32	1
1	32	1
2	32	2
3	32	2
4	32	2
5	32	4
6	32	6
7	32	6
8	32	7
9	32	8
10	32	9
11	32	9
12	32	9
13	32	8
14	32	7
15	32	9
16	32	10
17	32	12
18	32	13
19	32	11
20	32	12
21	32	8
22	32	4
23	32	2
0	33	2
1	33	2
2	33	2
3	33	3
4	33	5
5	33	6
6	33	7
7	33	8
8	33	8
9	33	9
10	33	9
11	33	9
12	33	9
13	33	8
14	33	7
15	33	8
16	33	9
17	33	10
18	33	11
19	33	11
20	33	10
21	33	7
22	33	5
23	33	3
0	34	0
1	34	0
2	34	0
3	34	0
4	34	0
5	34	0
6	34	0
7	34	0
8	34	0
9	34	0
10	34	0
11	34	0
12	34	0
13	34	0
14	34	0
15	34	0
16	34	95
17	34	0
18	34	0
19	34	0
20	34	0
21	34	0
22	34	0
23	34	0
0	35	2
1	35	1
2	35	1
3	35	3
4	35	5
5	35	6
6	35	8
7	35	9
8	35	8
9	35	11
10	35	12
11	35	13
12	35	10
13	35	9
14	35	9
15	35	10
16	35	13
17	35	14
18	35	16
19	35	17
20	35	16
21	35	12
22	35	5
23	35	3
0	36	0
1	36	0
2	36	0
3	36	0
4	36	0
5	36	6
6	36	0
7	36	0
8	36	0
9	36	3
10	36	0
11	36	0
12	36	0
13	36	0
14	36	0
15	36	3
16	36	3
17	36	3
18	36	8
19	36	0
20	36	6
21	36	3
22	36	0
23	36	3
0	37	0
1	37	0
2	37	0
3	37	0
4	37	0
5	37	0
6	37	0
7	37	7
8	37	0
9	37	0
10	37	0
11	37	0
12	37	0
13	37	0
14	37	7
15	37	14
16	37	21
17	37	7
18	37	0
19	37	27
20	37	0
21	37	0
22	37	7
23	37	7
0	38	0
1	38	0
2	38	0
3	38	2
4	38	2
5	38	6
6	38	5
7	38	15
8	38	5
9	38	11
10	38	11
11	38	11
12	38	5
13	38	8
14	38	6
15	38	4
16	38	8
17	38	14
18	38	12
19	38	5
20	38	17
21	38	8
22	38	2
23	38	4
0	39	3
1	39	0
2	39	2
3	39	3
4	39	4
5	39	3
6	39	8
7	39	3
8	39	8
9	39	10
10	39	2
11	39	7
12	39	8
13	39	4
14	39	2
15	39	6
16	39	7
17	39	4
18	39	6
19	39	7
20	39	3
21	39	3
22	39	4
23	39	3
0	40	0
1	40	0
2	40	0
3	40	0
4	40	0
5	40	0
6	40	0
7	40	0
8	40	16
9	40	0
10	40	16
11	40	0
12	40	0
13	40	16
14	40	16
15	40	0
16	40	16
17	40	0
18	40	0
19	40	0
20	40	16
21	40	16
22	40	16
23	40	0
0	41	0
1	41	0
2	41	0
3	41	0
4	41	0
5	41	0
6	41	0
7	41	0
8	41	0
9	41	0
10	41	0
11	41	0
12	41	0
13	41	0
14	41	0
15	41	0
16	41	0
17	41	0
18	41	0
19	41	0
20	41	0
21	41	0
22	41	0
23	41	0
0	42	0
1	42	0
2	42	0
3	42	0
4	42	0
5	42	0
6	42	24
7	42	16
8	42	0
9	42	8
10	42	0
11	42	8
12	42	31
13	42	0
14	42	0
15	42	31
16	42	0
17	42	24
18	42	0
19	42	16
20	42	8
21	42	16
22	42	0
23	42	0
0	43	1
1	43	0
2	43	2
3	43	3
4	43	2
5	43	2
6	43	3
7	43	6
8	43	3
9	43	7
10	43	8
11	43	6
12	43	7
13	43	4
14	43	2
15	43	9
16	43	6
17	43	9
18	43	7
19	43	5
20	43	2
21	43	6
22	43	5
23	43	1
0	44	2
1	44	1
2	44	2
3	44	3
4	44	2
5	44	6
6	44	6
7	44	7
8	44	7
9	44	7
10	44	7
11	44	9
12	44	11
13	44	10
14	44	9
15	44	10
16	44	10
17	44	13
18	44	14
19	44	14
20	44	11
21	44	9
22	44	4
23	44	2
0	45	0
1	45	0
2	45	0
3	45	0
4	45	54
5	45	0
6	45	0
7	45	29
8	45	0
9	45	0
10	45	29
11	45	0
12	45	0
13	45	0
14	45	0
15	45	29
16	45	29
17	45	29
18	45	0
19	45	0
20	45	54
21	45	0
22	45	0
23	45	0
0	46	1
1	46	2
2	46	0
3	46	2
4	46	3
5	46	5
6	46	4
7	46	12
8	46	9
9	46	10
10	46	6
11	46	7
12	46	8
13	46	12
14	46	4
15	46	9
16	46	8
17	46	14
18	46	13
19	46	17
20	46	12
21	46	14
22	46	4
23	46	4
0	47	0
1	47	0
2	47	0
3	47	0
4	47	60
5	47	60
6	47	32
7	47	32
8	47	0
9	47	60
10	47	32
11	47	0
12	47	0
13	47	0
14	47	0
15	47	0
16	47	32
17	47	0
18	47	0
19	47	0
20	47	32
21	47	60
22	47	32
23	47	0
0	48	0
1	48	0
2	48	0
3	48	0
4	48	0
5	48	31
6	48	0
7	48	0
8	48	0
9	48	0
10	48	0
11	48	0
12	48	0
13	48	0
14	48	0
15	48	0
16	48	0
17	48	0
18	48	0
19	48	0
20	48	0
21	48	0
22	48	0
23	48	0
0	49	0
1	49	0
2	49	0
3	49	0
4	49	0
5	49	0
6	49	0
7	49	0
8	49	0
9	49	0
10	49	0
11	49	0
12	49	0
13	49	0
14	49	0
15	49	0
16	49	0
17	49	0
18	49	0
19	49	0
20	49	0
21	49	0
22	49	0
23	49	0
0	50	1
1	50	2
2	50	5
3	50	5
4	50	6
5	50	7
6	50	9
7	50	9
8	50	10
9	50	11
10	50	15
11	50	16
12	50	12
13	50	12
14	50	11
15	50	14
16	50	13
17	50	17
18	50	18
19	50	18
20	50	15
21	50	9
22	50	4
23	50	2
0	51	0
1	51	0
2	51	0
3	51	0
4	51	0
5	51	7
6	51	0
7	51	0
8	51	0
9	51	0
10	51	0
11	51	0
12	51	0
13	51	7
14	51	0
15	51	0
16	51	0
17	51	7
18	51	0
19	51	0
20	51	0
21	51	0
22	51	0
23	51	0
0	52	5
1	52	0
2	52	0
3	52	0
4	52	5
5	52	0
6	52	5
7	52	18
8	52	14
9	52	5
10	52	0
11	52	30
12	52	9
13	52	5
14	52	9
15	52	14
16	52	0
17	52	0
18	52	22
19	52	18
20	52	14
21	52	5
22	52	0
23	52	5
0	53	0
1	53	1
2	53	1
3	53	4
4	53	6
5	53	17
6	53	18
7	53	12
8	53	10
9	53	14
10	53	18
11	53	19
12	53	14
13	53	17
14	53	12
15	53	19
16	53	27
17	53	23
18	53	31
19	53	14
20	53	16
21	53	10
22	53	7
23	53	4
0	54	0
1	54	0
2	54	3
3	54	3
4	54	0
5	54	5
6	54	7
7	54	9
8	54	3
9	54	5
10	54	3
11	54	12
12	54	7
13	54	7
14	54	9
15	54	3
16	54	5
17	54	7
18	54	9
19	54	12
20	54	9
21	54	5
22	54	3
23	54	0
0	55	0
1	55	0
2	55	0
3	55	0
4	55	0
5	55	0
6	55	0
7	55	0
8	55	0
9	55	0
10	55	0
11	55	0
12	55	0
13	55	0
14	55	0
15	55	0
16	55	0
17	55	0
18	55	0
19	55	0
20	55	0
21	55	0
22	55	0
23	55	0
0	56	0
1	56	0
2	56	0
3	56	0
4	56	0
5	56	0
6	56	0
7	56	0
8	56	0
9	56	0
10	56	0
11	56	0
12	56	0
13	56	0
14	56	0
15	56	0
16	56	0
17	56	0
18	56	0
19	56	0
20	56	0
21	56	0
22	56	0
23	56	0
0	57	0
1	57	0
2	57	0
3	57	0
4	57	0
5	57	0
6	57	0
7	57	0
8	57	0
9	57	0
10	57	0
11	57	201
12	57	0
13	57	0
14	57	0
15	57	0
16	57	0
17	57	0
18	57	0
19	57	0
20	57	0
21	57	0
22	57	0
23	57	0
0	58	0
1	58	3
2	58	3
3	58	3
4	58	7
5	58	4
6	58	7
7	58	12
8	58	8
9	58	15
10	58	13
11	58	8
12	58	17
13	58	18
14	58	4
15	58	11
16	58	16
17	58	10
18	58	22
19	58	18
20	58	20
21	58	10
22	58	2
23	58	3
0	59	0
1	59	0
2	59	0
3	59	0
4	59	0
5	59	0
6	59	0
7	59	0
8	59	0
9	59	0
10	59	0
11	59	0
12	59	0
13	59	0
14	59	0
15	59	0
16	59	0
17	59	0
18	59	0
19	59	0
20	59	0
21	59	0
22	59	0
23	59	0
0	60	0
1	60	5
2	60	5
3	60	0
4	60	0
5	60	5
6	60	5
7	60	0
8	60	5
9	60	0
10	60	10
11	60	0
12	60	14
13	60	0
14	60	5
15	60	0
16	60	18
17	60	23
18	60	0
19	60	0
20	60	14
21	60	5
22	60	0
23	60	10
0	61	0
1	61	0
2	61	0
3	61	0
4	61	0
5	61	0
6	61	0
7	61	0
8	61	0
9	61	0
10	61	0
11	61	0
12	61	0
13	61	0
14	61	0
15	61	0
16	61	0
17	61	0
18	61	107
19	61	0
20	61	0
21	61	0
22	61	0
23	61	0
0	62	0
1	62	0
2	62	0
3	62	0
4	62	10
5	62	0
6	62	0
7	62	0
8	62	0
9	62	0
10	62	0
11	62	10
12	62	10
13	62	10
14	62	0
15	62	0
16	62	0
17	62	0
18	62	10
19	62	10
20	62	44
21	62	0
22	62	0
23	62	0
0	63	0
1	63	0
2	63	0
3	63	0
4	63	0
5	63	0
6	63	0
7	63	0
8	63	0
9	63	0
10	63	0
11	63	0
12	63	0
13	63	0
14	63	0
15	63	0
16	63	0
17	63	0
18	63	0
19	63	0
20	63	0
21	63	0
22	63	0
23	63	0
0	64	1
1	64	2
2	64	3
3	64	3
4	64	11
5	64	9
6	64	11
7	64	11
8	64	15
9	64	13
10	64	20
11	64	11
12	64	10
13	64	10
14	64	13
15	64	16
16	64	16
17	64	12
18	64	21
19	64	17
20	64	14
21	64	9
22	64	6
23	64	0
0	65	0
1	65	0
2	65	0
3	65	0
4	65	0
5	65	9
6	65	0
7	65	0
8	65	9
9	65	0
10	65	9
11	65	9
12	65	0
13	65	0
14	65	0
15	65	0
16	65	9
17	65	9
18	65	0
19	65	9
20	65	9
21	65	0
22	65	0
23	65	0
0	66	0
1	66	0
2	66	34
3	66	0
4	66	0
5	66	0
6	66	34
7	66	0
8	66	0
9	66	0
10	66	0
11	66	0
12	66	0
13	66	0
14	66	0
15	66	0
16	66	34
17	66	0
18	66	34
19	66	0
20	66	0
21	66	34
22	66	0
23	66	0
0	67	1
1	67	1
2	67	3
3	67	2
4	67	3
5	67	6
6	67	4
7	67	5
8	67	5
9	67	8
10	67	8
11	67	11
12	67	8
13	67	8
14	67	6
15	67	9
16	67	5
17	67	10
18	67	7
19	67	9
20	67	10
21	67	6
22	67	2
23	67	1
0	68	0
1	68	5
2	68	3
3	68	5
4	68	9
5	68	9
6	68	12
7	68	24
8	68	12
9	68	19
10	68	12
11	68	10
12	68	20
13	68	8
14	68	17
15	68	6
16	68	10
17	68	15
18	68	13
19	68	30
20	68	16
21	68	27
22	68	3
23	68	5
0	69	0
1	69	0
2	69	0
3	69	0
4	69	2
5	69	2
6	69	5
7	69	5
8	69	5
9	69	4
10	69	4
11	69	2
12	69	2
13	69	0
14	69	2
15	69	7
16	69	2
17	69	0
18	69	2
19	69	2
20	69	0
21	69	0
22	69	2
23	69	0
0	70	12
1	70	12
2	70	0
3	70	6
4	70	6
5	70	12
6	70	6
7	70	23
8	70	17
9	70	6
10	70	0
11	70	6
12	70	17
13	70	0
14	70	17
15	70	6
16	70	12
17	70	28
18	70	17
19	70	0
20	70	6
21	70	0
22	70	12
23	70	0
0	71	0
1	71	0
2	71	0
3	71	0
4	71	0
5	71	0
6	71	0
7	71	24
8	71	0
9	71	0
10	71	0
11	71	12
12	71	12
13	71	0
14	71	12
15	71	0
16	71	24
17	71	12
18	71	0
19	71	0
20	71	0
21	71	0
22	71	0
23	71	0
0	72	0
1	72	2
2	72	0
3	72	4
4	72	9
5	72	13
6	72	4
7	72	2
8	72	6
9	72	6
10	72	16
11	72	28
12	72	9
13	72	6
14	72	9
15	72	11
16	72	6
17	72	14
18	72	6
19	72	8
20	72	9
21	72	6
22	72	9
23	72	0
0	73	0
1	73	0
2	73	0
3	73	0
4	73	0
5	73	0
6	73	0
7	73	0
8	73	0
9	73	0
10	73	0
11	73	0
12	73	0
13	73	0
14	73	0
15	73	95
16	73	0
17	73	0
18	73	95
19	73	95
20	73	0
21	73	0
22	73	0
23	73	154
0	74	0
1	74	0
2	74	0
3	74	0
4	74	0
5	74	17
6	74	0
7	74	17
8	74	0
9	74	0
10	74	0
11	74	0
12	74	17
13	74	0
14	74	0
15	74	0
16	74	0
17	74	0
18	74	0
19	74	32
20	74	0
21	74	17
22	74	0
23	74	0
0	75	0
1	75	0
2	75	0
3	75	0
4	75	0
5	75	0
6	75	103
7	75	0
8	75	0
9	75	164
10	75	0
11	75	0
12	75	0
13	75	0
14	75	0
15	75	0
16	75	0
17	75	0
18	75	0
19	75	0
20	75	0
21	75	0
22	75	0
23	75	0
0	76	0
1	76	0
2	76	0
3	76	0
4	76	0
5	76	0
6	76	77
7	76	77
8	76	77
9	76	0
10	76	0
11	76	0
12	76	0
13	76	0
14	76	0
15	76	0
16	76	0
17	76	77
18	76	0
19	76	0
20	76	0
21	76	0
22	76	0
23	76	0
0	77	0
1	77	0
2	77	0
3	77	0
4	77	0
5	77	0
6	77	0
7	77	0
8	77	0
9	77	0
10	77	0
11	77	0
12	77	0
13	77	0
14	77	0
15	77	0
16	77	0
17	77	0
18	77	0
19	77	0
20	77	0
21	77	0
22	77	0
23	77	0
0	78	0
1	78	0
2	78	0
3	78	0
4	78	0
5	78	23
6	78	12
7	78	0
8	78	23
9	78	0
10	78	33
11	78	43
12	78	12
13	78	12
14	78	0
15	78	12
16	78	12
17	78	12
18	78	33
19	78	0
20	78	33
21	78	33
22	78	12
23	78	0
0	79	2
1	79	0
2	79	0
3	79	0
4	79	0
5	79	4
6	79	8
7	79	13
8	79	8
9	79	15
10	79	18
11	79	22
12	79	17
13	79	11
14	79	15
15	79	13
16	79	20
17	79	10
18	79	8
19	79	0
20	79	17
21	79	25
22	79	10
23	79	8
0	80	0
1	80	0
2	80	0
3	80	0
4	80	0
5	80	0
6	80	0
7	80	0
8	80	0
9	80	0
10	80	0
11	80	0
12	80	0
13	80	0
14	80	0
15	80	0
16	80	0
17	80	0
18	80	0
19	80	0
20	80	0
21	80	0
22	80	0
23	80	0
0	81	18
1	81	0
2	81	0
3	81	0
4	81	0
5	81	0
6	81	0
7	81	34
8	81	0
9	81	0
10	81	0
11	81	0
12	81	0
13	81	0
14	81	0
15	81	0
16	81	0
17	81	0
18	81	0
19	81	0
20	81	0
21	81	18
22	81	0
23	81	0
0	82	0
1	82	0
2	82	0
3	82	0
4	82	0
5	82	0
6	82	0
7	82	15
8	82	0
9	82	0
10	82	15
11	82	15
12	82	15
13	82	0
14	82	15
15	82	0
16	82	0
17	82	15
18	82	0
19	82	15
20	82	15
21	82	0
22	82	0
23	82	0
0	83	0
1	83	4
2	83	3
3	83	1
4	83	2
5	83	2
6	83	8
7	83	7
8	83	6
9	83	14
10	83	5
11	83	9
12	83	3
13	83	6
14	83	11
15	83	6
16	83	17
17	83	13
18	83	12
19	83	13
20	83	6
21	83	5
22	83	3
23	83	4
0	84	3
1	84	1
2	84	1
3	84	1
4	84	4
5	84	11
6	84	15
7	84	10
8	84	7
9	84	8
10	84	12
11	84	15
12	84	9
13	84	13
14	84	9
15	84	5
16	84	15
17	84	25
18	84	19
19	84	15
20	84	19
21	84	10
22	84	6
23	84	1
0	85	0
1	85	0
2	85	0
3	85	0
4	85	0
5	85	0
6	85	0
7	85	0
8	85	29
9	85	0
10	85	77
11	85	0
12	85	0
13	85	0
14	85	29
15	85	29
16	85	0
17	85	29
18	85	54
19	85	0
20	85	29
21	85	0
22	85	0
23	85	0
0	86	0
1	86	0
2	86	0
3	86	0
4	86	0
5	86	0
6	86	0
7	86	0
8	86	0
9	86	0
10	86	0
11	86	0
12	86	0
13	86	0
14	86	0
15	86	0
16	86	0
17	86	0
18	86	0
19	86	0
20	86	0
21	86	0
22	86	0
23	86	0
0	87	0
1	87	0
2	87	0
3	87	0
4	87	0
5	87	0
6	87	0
7	87	0
8	87	0
9	87	0
10	87	0
11	87	0
12	87	0
13	87	0
14	87	0
15	87	0
16	87	0
17	87	0
18	87	0
19	87	0
20	87	0
21	87	0
22	87	0
23	87	0
0	88	0
1	88	0
2	88	0
3	88	0
4	88	0
5	88	0
6	88	0
7	88	0
8	88	0
9	88	0
10	88	0
11	88	0
12	88	0
13	88	0
14	88	0
15	88	0
16	88	0
17	88	0
18	88	0
19	88	0
20	88	0
21	88	0
22	88	0
23	88	0
0	89	1
1	89	1
2	89	3
3	89	3
4	89	4
5	89	6
6	89	9
7	89	9
8	89	7
9	89	12
10	89	13
11	89	19
12	89	10
13	89	13
14	89	10
15	89	9
16	89	11
17	89	16
18	89	16
19	89	15
20	89	17
21	89	7
22	89	5
23	89	2
0	90	0
1	90	0
2	90	0
3	90	0
4	90	0
5	90	0
6	90	0
7	90	6
8	90	6
9	90	6
10	90	0
11	90	0
12	90	0
13	90	6
14	90	0
15	90	0
16	90	12
17	90	17
18	90	0
19	90	17
20	90	0
21	90	6
22	90	6
23	90	0
0	91	0
1	91	0
2	91	0
3	91	0
4	91	0
5	91	0
6	91	18
7	91	99
8	91	34
9	91	0
10	91	18
11	91	0
12	91	0
13	91	0
14	91	0
15	91	0
16	91	0
17	91	0
18	91	0
19	91	0
20	91	0
21	91	0
22	91	0
23	91	0
0	92	10
1	92	10
2	92	0
3	92	0
4	92	10
5	92	10
6	92	19
7	92	19
8	92	19
9	92	28
10	92	28
11	92	36
12	92	19
13	92	0
14	92	0
15	92	19
16	92	10
17	92	10
18	92	19
19	92	0
20	92	10
21	92	19
22	92	10
23	92	0
0	93	0
1	93	0
2	93	0
3	93	0
4	93	0
5	93	0
6	93	0
7	93	17
8	93	0
9	93	0
10	93	17
11	93	0
12	93	0
13	93	0
14	93	0
15	93	0
16	93	0
17	93	0
18	93	0
19	93	0
20	93	33
21	93	0
22	93	0
23	93	0
0	94	1
1	94	1
2	94	2
3	94	2
4	94	4
5	94	6
6	94	4
7	94	5
8	94	8
9	94	6
10	94	10
11	94	9
12	94	9
13	94	8
14	94	8
15	94	4
16	94	11
17	94	10
18	94	11
19	94	11
20	94	7
21	94	7
22	94	7
23	94	3
0	95	12
1	95	0
2	95	0
3	95	0
4	95	0
5	95	0
6	95	0
7	95	0
8	95	12
9	95	0
10	95	0
11	95	0
12	95	0
13	95	0
14	95	0
15	95	0
16	95	0
17	95	0
18	95	0
19	95	12
20	95	0
21	95	12
22	95	0
23	95	0
0	96	0
1	96	0
2	96	0
3	96	0
4	96	0
5	96	0
6	96	0
7	96	0
8	96	0
9	96	0
10	96	0
11	96	0
12	96	0
13	96	0
14	96	0
15	96	0
16	96	0
17	96	0
18	96	0
19	96	0
20	96	0
21	96	0
22	96	0
23	96	0
0	97	2
1	97	0
2	97	2
3	97	2
4	97	7
5	97	7
6	97	8
7	97	6
8	97	12
9	97	10
10	97	12
11	97	18
12	97	17
13	97	9
14	97	5
15	97	12
16	97	16
17	97	14
18	97	22
19	97	9
20	97	20
21	97	10
22	97	2
23	97	1
0	98	0
1	98	0
2	98	0
3	98	2
4	98	6
5	98	14
6	98	12
7	98	4
8	98	9
9	98	6
10	98	12
11	98	6
12	98	9
13	98	2
14	98	4
15	98	6
16	98	6
17	98	4
18	98	4
19	98	7
20	98	9
21	98	16
22	98	4
23	98	6
0	99	2
1	99	2
2	99	4
3	99	4
4	99	3
5	99	6
6	99	8
7	99	8
8	99	7
9	99	8
10	99	15
11	99	14
12	99	12
13	99	12
14	99	16
15	99	9
16	99	13
17	99	13
18	99	18
19	99	17
20	99	12
21	99	12
22	99	8
23	99	2
0	100	0
1	100	0
2	100	0
3	100	0
4	100	0
5	100	0
6	100	0
7	100	0
8	100	0
9	100	0
10	100	0
11	100	0
12	100	0
13	100	0
14	100	0
15	100	0
16	100	0
17	100	0
18	100	0
19	100	0
20	100	0
21	100	0
22	100	0
23	100	0
0	101	2
1	101	1
2	101	2
3	101	1
4	101	2
5	101	7
6	101	6
7	101	11
8	101	12
9	101	10
10	101	10
11	101	9
12	101	14
13	101	11
14	101	6
15	101	9
16	101	14
17	101	12
18	101	14
19	101	14
20	101	9
21	101	7
22	101	4
23	101	1
0	102	0
1	102	0
2	102	0
3	102	0
4	102	0
5	102	0
6	102	19
7	102	0
8	102	19
9	102	0
10	102	0
11	102	0
12	102	0
13	102	0
14	102	19
15	102	0
16	102	19
17	102	0
18	102	0
19	102	0
20	102	19
21	102	0
22	102	0
23	102	0
0	103	0
1	103	0
2	103	0
3	103	0
4	103	9
5	103	5
6	103	32
7	103	5
8	103	0
9	103	21
10	103	9
11	103	9
12	103	13
13	103	13
14	103	13
15	103	0
16	103	0
17	103	0
18	103	0
19	103	9
20	103	5
21	103	17
22	103	0
23	103	0
0	104	2
1	104	3
2	104	1
3	104	1
4	104	3
5	104	12
6	104	10
7	104	10
8	104	13
9	104	14
10	104	16
11	104	21
12	104	16
13	104	7
14	104	10
15	104	10
16	104	12
17	104	13
18	104	20
19	104	21
20	104	20
21	104	13
22	104	7
23	104	3
0	105	0
1	105	0
2	105	0
3	105	0
4	105	0
5	105	0
6	105	0
7	105	0
8	105	0
9	105	0
10	105	0
11	105	0
12	105	0
13	105	0
14	105	0
15	105	0
16	105	0
17	105	0
18	105	0
19	105	0
20	105	0
21	105	0
22	105	0
23	105	0
0	106	7
1	106	14
2	106	0
3	106	0
4	106	14
5	106	14
6	106	14
7	106	7
8	106	0
9	106	0
10	106	7
11	106	0
12	106	7
13	106	14
14	106	14
15	106	20
16	106	7
17	106	26
18	106	14
19	106	26
20	106	32
21	106	20
22	106	0
23	106	0
0	107	0
1	107	0
2	107	0
3	107	3
4	107	3
5	107	6
6	107	0
7	107	10
8	107	3
9	107	13
10	107	18
11	107	15
12	107	6
13	107	10
14	107	8
15	107	3
16	107	6
17	107	15
18	107	10
19	107	13
20	107	13
21	107	20
22	107	3
23	107	0
0	108	0
1	108	0
2	108	0
3	108	0
4	108	0
5	108	0
6	108	0
7	108	0
8	108	0
9	108	0
10	108	0
11	108	0
12	108	0
13	108	0
14	108	0
15	108	0
16	108	0
17	108	0
18	108	0
19	108	0
20	108	0
21	108	0
22	108	0
23	108	0
0	109	0
1	109	0
2	109	0
3	109	0
4	109	0
5	109	0
6	109	0
7	109	0
8	109	0
9	109	0
10	109	0
11	109	0
12	109	0
13	109	0
14	109	0
15	109	0
16	109	0
17	109	0
18	109	0
19	109	0
20	109	0
21	109	0
22	109	0
23	109	0
0	110	0
1	110	0
2	110	0
3	110	0
4	110	0
5	110	0
6	110	0
7	110	0
8	110	0
9	110	0
10	110	0
11	110	0
12	110	0
13	110	0
14	110	0
15	110	0
16	110	0
17	110	95
18	110	0
19	110	0
20	110	0
21	110	95
22	110	0
23	110	0
0	111	1
1	111	1
2	111	2
3	111	3
4	111	4
5	111	4
6	111	5
7	111	6
8	111	6
9	111	5
10	111	5
11	111	6
12	111	5
13	111	5
14	111	4
15	111	5
16	111	6
17	111	6
18	111	7
19	111	7
20	111	6
21	111	4
22	111	3
23	111	2
0	112	0
1	112	0
2	112	22
3	112	0
4	112	0
5	112	0
6	112	22
7	112	41
8	112	22
9	112	22
10	112	22
11	112	41
12	112	0
13	112	0
14	112	59
15	112	0
16	112	0
17	112	22
18	112	0
19	112	59
20	112	22
21	112	59
22	112	22
23	112	0
0	113	3
1	113	1
2	113	1
3	113	2
4	113	4
5	113	6
6	113	7
7	113	8
8	113	12
9	113	9
10	113	13
11	113	14
12	113	11
13	113	17
14	113	10
15	113	10
16	113	15
17	113	17
18	113	15
19	113	18
20	113	14
21	113	13
22	113	3
23	113	4
0	114	0
1	114	0
2	114	0
3	114	0
4	114	0
5	114	0
6	114	0
7	114	0
8	114	0
9	114	0
10	114	0
11	114	0
12	114	0
13	114	0
14	114	0
15	114	0
16	114	0
17	114	0
18	114	0
19	114	0
20	114	0
21	114	0
22	114	0
23	114	0
0	115	0
1	115	0
2	115	1
3	115	1
4	115	6
5	115	4
6	115	4
7	115	3
8	115	5
9	115	5
10	115	5
11	115	7
12	115	5
13	115	5
14	115	4
15	115	6
16	115	4
17	115	10
18	115	4
19	115	7
20	115	5
21	115	6
22	115	1
23	115	1
0	116	0
1	116	0
2	116	0
3	116	0
4	116	0
5	116	0
6	116	0
7	116	0
8	116	0
9	116	0
10	116	0
11	116	0
12	116	0
13	116	0
14	116	0
15	116	0
16	116	0
17	116	0
18	116	14
19	116	0
20	116	0
21	116	0
22	116	0
23	116	0
0	117	1
1	117	1
2	117	1
3	117	2
4	117	3
5	117	4
6	117	4
7	117	5
8	117	6
9	117	5
10	117	7
11	117	6
12	117	6
13	117	6
14	117	5
15	117	6
16	117	7
17	117	8
18	117	8
19	117	8
20	117	7
21	117	4
22	117	3
23	117	2
0	118	0
1	118	0
2	118	0
3	118	0
4	118	0
5	118	0
6	118	0
7	118	0
8	118	0
9	118	0
10	118	0
11	118	35
12	118	10
13	118	10
14	118	0
15	118	18
16	118	10
17	118	18
18	118	10
19	118	10
20	118	0
21	118	0
22	118	0
23	118	0
0	119	0
1	119	0
2	119	0
3	119	0
4	119	0
5	119	0
6	119	0
7	119	0
8	119	0
9	119	0
10	119	0
11	119	0
12	119	0
13	119	0
14	119	0
15	119	0
16	119	0
17	119	0
18	119	0
19	119	37
20	119	0
21	119	0
22	119	0
23	119	0
0	120	0
1	120	0
2	120	0
3	120	0
4	120	0
5	120	0
6	120	0
7	120	0
8	120	0
9	120	0
10	120	0
11	120	0
12	120	0
13	120	0
14	120	0
15	120	0
16	120	0
17	120	0
18	120	0
19	120	0
20	120	0
21	120	0
22	120	0
23	120	0
0	121	0
1	121	0
2	121	0
3	121	0
4	121	0
5	121	0
6	121	0
7	121	0
8	121	40
9	121	0
10	121	0
11	121	74
12	121	0
13	121	0
14	121	0
15	121	40
16	121	0
17	121	0
18	121	0
19	121	0
20	121	0
21	121	0
22	121	0
23	121	0
0	122	0
1	122	9
2	122	0
3	122	0
4	122	0
5	122	0
6	122	9
7	122	0
8	122	0
9	122	0
10	122	9
11	122	0
12	122	0
13	122	9
14	122	9
15	122	9
16	122	9
17	122	0
18	122	0
19	122	0
20	122	0
21	122	9
22	122	9
23	122	0
0	123	0
1	123	0
2	123	9
3	123	0
4	123	0
5	123	5
6	123	9
7	123	9
8	123	0
9	123	17
10	123	13
11	123	9
12	123	13
13	123	17
14	123	9
15	123	0
16	123	13
17	123	9
18	123	13
19	123	17
20	123	5
21	123	5
22	123	0
23	123	0
0	124	0
1	124	46
2	124	0
3	124	0
4	124	0
5	124	0
6	124	24
7	124	0
8	124	24
9	124	0
10	124	0
11	124	65
12	124	24
13	124	0
14	124	0
15	124	24
16	124	0
17	124	0
18	124	0
19	124	0
20	124	0
21	124	0
22	124	0
23	124	0
0	125	1
1	125	2
2	125	2
3	125	2
4	125	6
5	125	8
6	125	5
7	125	6
8	125	8
9	125	10
10	125	10
11	125	9
12	125	13
13	125	11
14	125	12
15	125	14
16	125	8
17	125	10
18	125	18
19	125	15
20	125	15
21	125	13
22	125	6
23	125	2
0	126	0
1	126	0
2	126	0
3	126	0
4	126	0
5	126	24
6	126	8
7	126	31
8	126	8
9	126	16
10	126	24
11	126	8
12	126	38
13	126	8
14	126	24
15	126	0
16	126	0
17	126	24
18	126	0
19	126	8
20	126	0
21	126	0
22	126	0
23	126	0
0	127	0
1	127	0
2	127	0
3	127	0
4	127	0
5	127	0
6	127	0
7	127	0
8	127	8
9	127	0
10	127	0
11	127	8
12	127	0
13	127	8
14	127	8
15	127	0
16	127	0
17	127	0
18	127	0
19	127	0
20	127	0
21	127	0
22	127	0
23	127	0
0	128	0
1	128	1
2	128	1
3	128	2
4	128	2
5	128	4
6	128	5
7	128	3
8	128	5
9	128	6
10	128	13
11	128	7
12	128	8
13	128	9
14	128	6
15	128	9
16	128	8
17	128	14
18	128	11
19	128	14
20	128	13
21	128	4
22	128	5
23	128	3
