Counts for Samsung(12) in Chile(6):
Hour	Location Index	Count
0	0	0
1	0	0
2	0	137
3	0	0
4	0	0
5	0	0
6	0	0
7	0	0
8	0	0
9	0	0
10	0	0
11	0	0
12	0	0
13	0	0
14	0	137
15	0	0
16	0	0
17	0	0
18	0	0
19	0	0
20	0	0
21	0	0
22	0	0
23	0	137
0	1	0
1	1	0
2	1	25
3	1	103
4	1	0
5	1	0
6	1	0
7	1	0
8	1	0
9	1	0
10	1	0
11	1	0
12	1	0
13	1	25
14	1	0
15	1	68
16	1	0
17	1	0
18	1	0
19	1	25
20	1	25
21	1	0
22	1	0
23	1	25
0	2	0
1	2	0
2	2	40
3	2	40
4	2	0
5	2	0
6	2	0
7	2	0
8	2	0
9	2	0
10	2	0
11	2	0
12	2	0
13	2	0
14	2	40
15	2	0
16	2	0
17	2	0
18	2	0
19	2	0
20	2	0
21	2	0
22	2	40
23	2	0
0	3	45
1	3	45
2	3	45
3	3	0
4	3	24
5	3	0
6	3	0
7	3	0
8	3	0
9	3	24
10	3	24
11	3	0
12	3	24
13	3	0
14	3	24
15	3	0
16	3	0
17	3	0
18	3	82
19	3	24
20	3	0
21	3	0
22	3	45
23	3	0
0	4	0
1	4	0
2	4	0
3	4	58
4	4	0
5	4	0
6	4	0
7	4	0
8	4	0
9	4	0
10	4	0
11	4	0
12	4	0
13	4	0
14	4	0
15	4	58
16	4	0
17	4	0
18	4	103
19	4	58
20	4	0
21	4	0
22	4	0
23	4	58
0	5	0
1	5	0
2	5	0
3	5	0
4	5	0
5	5	0
6	5	0
7	5	0
8	5	0
9	5	0
10	5	0
11	5	0
12	5	0
13	5	0
14	5	0
15	5	0
16	5	0
17	5	123
18	5	0
19	5	123
20	5	0
21	5	0
22	5	0
23	5	0
0	6	23
1	6	23
2	6	24
3	6	18
4	6	9
5	6	11
6	6	0
7	6	0
8	6	0
9	6	8
10	6	11
11	6	9
12	6	14
13	6	9
14	6	18
15	6	13
16	6	18
17	6	26
18	6	14
19	6	9
20	6	27
21	6	16
22	6	19
23	6	26
0	7	0
1	7	0
2	7	0
3	7	0
4	7	0
5	7	0
6	7	0
7	7	0
8	7	0
9	7	0
10	7	0
11	7	0
12	7	0
13	7	0
14	7	253
15	7	0
16	7	0
17	7	0
18	7	0
19	7	0
20	7	0
21	7	0
22	7	0
23	7	0
0	8	37
1	8	32
2	8	22
3	8	32
4	8	6
5	8	6
6	8	6
7	8	0
8	8	0
9	8	17
10	8	6
11	8	6
12	8	17
13	8	12
14	8	6
15	8	0
16	8	0
17	8	22
18	8	12
19	8	22
20	8	12
21	8	6
22	8	12
23	8	6
0	9	0
1	9	0
2	9	0
3	9	0
4	9	0
5	9	0
6	9	0
7	9	0
8	9	0
9	9	0
10	9	0
11	9	0
12	9	0
13	9	0
14	9	0
15	9	0
16	9	0
17	9	0
18	9	0
19	9	201
20	9	0
21	9	0
22	9	0
23	9	0
0	10	28
1	10	37
2	10	27
3	10	18
4	10	16
5	10	7
6	10	4
7	10	2
8	10	1
9	10	3
10	10	8
11	10	13
12	10	19
13	10	22
14	10	14
15	10	21
16	10	13
17	10	18
18	10	19
19	10	20
20	10	19
21	10	16
22	10	24
23	10	24
0	11	0
1	11	0
2	11	95
3	11	95
4	11	0
5	11	0
6	11	0
7	11	0
8	11	0
9	11	0
10	11	95
11	11	0
12	11	0
13	11	0
14	11	0
15	11	0
16	11	0
17	11	0
18	11	0
19	11	0
20	11	0
21	11	0
22	11	0
23	11	0
0	12	16
1	12	38
2	12	40
3	12	33
4	12	14
5	12	0
6	12	0
7	12	6
8	12	14
9	12	0
10	12	16
11	12	19
12	12	16
13	12	19
14	12	31
15	12	14
16	12	11
17	12	14
18	12	16
19	12	8
20	12	14
21	12	19
22	12	11
23	12	16
0	13	0
1	13	0
2	13	104
3	13	49
4	13	0
5	13	0
6	13	0
7	13	0
8	13	0
9	13	0
10	13	0
11	13	0
12	13	26
13	13	69
14	13	69
15	13	0
16	13	0
17	13	0
18	13	0
19	13	0
20	13	69
21	13	26
22	13	0
23	13	88
0	14	15
1	14	28
2	14	37
3	14	63
4	14	41
5	14	3
6	14	5
7	14	3
8	14	3
9	14	0
10	14	8
11	14	8
12	14	5
13	14	3
14	14	24
15	14	22
16	14	22
17	14	13
18	14	22
19	14	22
20	14	41
21	14	22
22	14	26
23	14	28
0	15	101
1	15	30
2	15	0
3	15	0
4	15	30
5	15	0
6	15	0
7	15	0
8	15	0
9	15	0
10	15	0
11	15	80
12	15	30
13	15	0
14	15	0
15	15	0
16	15	0
17	15	0
18	15	30
19	15	0
20	15	30
21	15	0
22	15	30
23	15	0
0	16	0
1	16	55
2	16	0
3	16	0
4	16	0
5	16	0
6	16	0
7	16	0
8	16	0
9	16	0
10	16	55
11	16	30
12	16	30
13	16	78
14	16	30
15	16	55
16	16	55
17	16	78
18	16	55
19	16	78
20	16	30
21	16	0
22	16	0
23	16	30
0	17	0
1	17	0
2	17	0
3	17	54
4	17	15
5	17	15
6	17	0
7	17	0
8	17	0
9	17	0
10	17	0
11	17	0
12	17	0
13	17	0
14	17	0
15	17	15
16	17	0
17	17	15
18	17	29
19	17	66
20	17	42
21	17	0
22	17	0
23	17	0
0	18	10
1	18	20
2	18	14
3	18	4
4	18	4
5	18	4
6	18	0
7	18	4
8	18	0
9	18	0
10	18	7
11	18	7
12	18	23
13	18	29
14	18	14
15	18	26
16	18	14
17	18	26
18	18	26
19	18	14
20	18	20
21	18	26
22	18	0
23	18	14
0	19	52
1	19	22
2	19	9
3	19	26
4	19	5
5	19	0
6	19	9
7	19	5
8	19	0
9	19	0
10	19	30
11	19	14
12	19	14
13	19	18
14	19	52
15	19	22
16	19	18
17	19	5
18	19	14
19	19	45
20	19	38
21	19	14
22	19	30
23	19	26
0	20	26
1	20	26
2	20	49
3	20	0
4	20	26
5	20	0
6	20	0
7	20	0
8	20	0
9	20	26
10	20	119
11	20	26
12	20	0
13	20	0
14	20	49
15	20	26
16	20	0
17	20	26
18	20	49
19	20	0
20	20	88
21	20	145
22	20	0
23	20	26
0	21	12
1	21	60
2	21	60
3	21	0
4	21	52
5	21	0
6	21	0
7	21	0
8	21	12
9	21	0
10	21	0
11	21	0
12	21	0
13	21	22
14	21	42
15	21	0
16	21	12
17	21	22
18	21	33
19	21	33
20	21	22
21	21	0
22	21	12
23	21	22
0	22	0
1	22	58
2	22	0
3	22	0
4	22	58
5	22	0
6	22	0
7	22	0
8	22	0
9	22	0
10	22	0
11	22	0
12	22	58
13	22	103
14	22	0
15	22	0
16	22	0
17	22	0
18	22	0
19	22	58
20	22	0
21	22	0
22	22	0
23	22	0
0	23	51
1	23	29
2	23	13
3	23	21
4	23	17
5	23	0
6	23	0
7	23	0
8	23	71
9	23	9
10	23	55
11	23	41
12	23	37
13	23	13
14	23	25
15	23	21
16	23	21
17	23	21
18	23	13
19	23	48
20	23	37
21	23	21
22	23	17
23	23	44
0	24	30
1	24	16
2	24	0
3	24	0
4	24	16
5	24	16
6	24	16
7	24	16
8	24	0
9	24	0
10	24	16
11	24	16
12	24	0
13	24	44
14	24	0
15	24	0
16	24	16
17	24	30
18	24	16
19	24	0
20	24	0
21	24	0
22	24	0
23	24	0
0	25	17
1	25	17
2	25	0
3	25	0
4	25	32
5	25	0
6	25	0
7	25	0
8	25	0
9	25	0
10	25	0
11	25	0
12	25	17
13	25	0
14	25	0
15	25	32
16	25	0
17	25	32
18	25	0
19	25	17
20	25	17
21	25	17
22	25	47
23	25	47
0	26	0
1	26	0
2	26	0
3	26	0
4	26	0
5	26	0
6	26	0
7	26	0
8	26	0
9	26	0
10	26	26
11	26	0
12	26	0
13	26	0
14	26	26
15	26	0
16	26	26
17	26	26
18	26	0
19	26	0
20	26	0
21	26	0
22	26	0
23	26	0
0	27	0
1	27	0
2	27	0
3	27	0
4	27	0
5	27	0
6	27	0
7	27	103
8	27	0
9	27	0
10	27	164
11	27	0
12	27	0
13	27	0
14	27	0
15	27	0
16	27	103
17	27	0
18	27	103
19	27	0
20	27	103
21	27	0
22	27	103
23	27	0
0	28	65
1	28	0
2	28	65
3	28	0
4	28	18
5	28	65
6	28	18
7	28	0
8	28	0
9	28	0
10	28	0
11	28	0
12	28	18
13	28	0
14	28	0
15	28	65
16	28	18
17	28	0
18	28	35
19	28	0
20	28	0
21	28	35
22	28	65
23	28	51
0	29	38
1	29	27
2	29	30
3	29	19
4	29	0
5	29	7
6	29	4
7	29	4
8	29	0
9	29	4
10	29	10
11	29	22
12	29	10
13	29	10
14	29	7
15	29	19
16	29	33
17	29	10
18	29	24
19	29	36
20	29	36
21	29	36
22	29	7
23	29	19
0	30	0
1	30	116
2	30	0
3	30	0
4	30	0
5	30	0
6	30	0
7	30	0
8	30	0
9	30	0
10	30	0
11	30	0
12	30	85
13	30	0
14	30	0
15	30	0
16	30	0
17	30	0
18	30	0
19	30	0
20	30	47
21	30	0
22	30	0
23	30	47
0	31	0
1	31	0
2	31	0
3	31	0
4	31	0
5	31	0
6	31	0
7	31	0
8	31	0
9	31	0
10	31	0
11	31	0
12	31	0
13	31	0
14	31	0
15	31	0
16	31	0
17	31	0
18	31	0
19	31	0
20	31	0
21	31	0
22	31	0
23	31	0
0	32	15
1	32	20
2	32	15
3	32	10
4	32	10
5	32	5
6	32	5
7	32	0
8	32	0
9	32	0
10	32	5
11	32	15
12	32	5
13	32	10
14	32	5
15	32	10
16	32	20
17	32	10
18	32	20
19	32	5
20	32	10
21	32	10
22	32	5
23	32	5
0	33	0
1	33	0
2	33	0
3	33	0
4	33	0
5	33	0
6	33	0
7	33	0
8	33	0
9	33	0
10	33	0
11	33	0
12	33	95
13	33	0
14	33	0
15	33	0
16	33	0
17	33	0
18	33	0
19	33	0
20	33	0
21	33	0
22	33	0
23	33	0
0	34	95
1	34	0
2	34	0
3	34	191
4	34	0
5	34	0
6	34	0
7	34	0
8	34	0
9	34	0
10	34	0
11	34	0
12	34	0
13	34	0
14	34	0
15	34	0
16	34	0
17	34	0
18	34	0
19	34	0
20	34	0
21	34	0
22	34	0
23	34	0
0	35	13
1	35	0
2	35	13
3	35	0
4	35	0
5	35	0
6	35	0
7	35	0
8	35	0
9	35	0
10	35	0
11	35	0
12	35	0
13	35	0
14	35	0
15	35	0
16	35	0
17	35	0
18	35	0
19	35	0
20	35	13
21	35	0
22	35	0
23	35	0
0	36	24
1	36	18
2	36	20
3	36	16
4	36	14
5	36	2
6	36	4
7	36	3
8	36	1
9	36	4
10	36	7
11	36	10
12	36	10
13	36	9
14	36	8
15	36	12
16	36	6
17	36	10
18	36	16
19	36	10
20	36	25
21	36	17
22	36	17
23	36	9
0	37	22
1	37	33
2	37	31
3	37	15
4	37	4
5	37	4
6	37	0
7	37	2
8	37	2
9	37	0
10	37	4
11	37	4
12	37	17
13	37	23
14	37	13
15	37	21
16	37	25
17	37	21
18	37	15
19	37	17
20	37	21
21	37	38
22	37	18
23	37	17
0	38	0
1	38	62
2	38	72
3	38	39
4	38	0
5	38	0
6	38	0
7	38	14
8	38	14
9	38	0
10	38	14
11	38	0
12	38	27
13	38	51
14	38	39
15	38	27
16	38	0
17	38	14
18	38	14
19	38	27
20	38	62
21	38	14
22	38	0
23	38	39
0	39	0
1	39	0
2	39	123
3	39	0
4	39	0
5	39	0
6	39	0
7	39	0
8	39	0
9	39	0
10	39	72
11	39	0
12	39	0
13	39	0
14	39	0
15	39	0
16	39	0
17	39	0
18	39	0
19	39	0
20	39	0
21	39	0
22	39	0
23	39	0
0	40	45
1	40	0
2	40	0
3	40	0
4	40	0
5	40	0
6	40	0
7	40	0
8	40	0
9	40	0
10	40	0
11	40	82
12	40	45
13	40	45
14	40	82
15	40	0
16	40	0
17	40	0
18	40	82
19	40	0
20	40	0
21	40	0
22	40	0
23	40	0
0	41	29
1	41	26
2	41	38
3	41	10
4	41	17
5	41	4
6	41	4
7	41	4
8	41	0
9	41	14
10	41	20
11	41	7
12	41	29
13	41	17
14	41	10
15	41	4
16	41	20
17	41	20
18	41	20
19	41	29
20	41	41
21	41	29
22	41	10
23	41	17
0	42	0
1	42	0
2	42	38
3	42	38
4	42	0
5	42	38
6	42	0
7	42	0
8	42	0
9	42	0
10	42	0
11	42	38
12	42	38
13	42	38
14	42	70
15	42	38
16	42	0
17	42	0
18	42	0
19	42	0
20	42	0
21	42	0
22	42	0
23	42	38
0	43	16
1	43	0
2	43	16
3	43	16
4	43	16
5	43	31
6	43	45
7	43	0
8	43	0
9	43	16
10	43	0
11	43	0
12	43	0
13	43	16
14	43	0
15	43	0
16	43	16
17	43	16
18	43	0
19	43	16
20	43	16
21	43	31
22	43	45
23	43	0
0	44	12
1	44	16
2	44	27
3	44	16
4	44	8
5	44	8
6	44	0
7	44	0
8	44	0
9	44	0
10	44	8
11	44	8
12	44	20
13	44	12
14	44	8
15	44	31
16	44	12
17	44	34
18	44	12
19	44	8
20	44	23
21	44	31
22	44	16
23	44	16
0	45	0
1	45	106
2	45	42
3	45	42
4	45	0
5	45	42
6	45	0
7	45	0
8	45	0
9	45	0
10	45	0
11	45	0
12	45	0
13	45	42
14	45	0
15	45	0
16	45	0
17	45	0
18	45	0
19	45	0
20	45	0
21	45	0
22	45	0
23	45	0
0	46	0
1	46	0
2	46	85
3	46	47
4	46	0
5	46	0
6	46	0
7	46	0
8	46	0
9	46	0
10	46	0
11	46	0
12	46	0
13	46	47
14	46	0
15	46	0
16	46	0
17	46	47
18	46	0
19	46	0
20	46	0
21	46	0
22	46	47
23	46	0
0	47	0
1	47	51
2	47	0
3	47	0
4	47	0
5	47	0
6	47	0
7	47	0
8	47	0
9	47	0
10	47	0
11	47	51
12	47	51
13	47	0
14	47	51
15	47	0
16	47	0
17	47	0
18	47	51
19	47	0
20	47	0
21	47	0
22	47	51
23	47	0
0	48	18
1	48	35
2	48	18
3	48	0
4	48	0
5	48	0
6	48	0
7	48	0
8	48	0
9	48	0
10	48	0
11	48	0
12	48	35
13	48	0
14	48	0
15	48	0
16	48	0
17	48	0
18	48	0
19	48	0
20	48	18
21	48	18
22	48	18
23	48	18
0	49	24
1	49	23
2	49	17
3	49	22
4	49	4
5	49	8
6	49	3
7	49	2
8	49	0
9	49	4
10	49	9
11	49	26
12	49	24
13	49	15
14	49	7
15	49	15
16	49	17
17	49	9
18	49	19
19	49	14
20	49	21
21	49	8
22	49	8
23	49	29
0	50	0
1	50	0
2	50	0
3	50	0
4	50	0
5	50	0
6	50	0
7	50	0
8	50	0
9	50	0
10	50	0
11	50	0
12	50	0
13	50	40
14	50	0
15	50	40
16	50	127
17	50	74
18	50	0
19	50	0
20	50	0
21	50	0
22	50	0
23	50	0
0	51	0
1	51	0
2	51	0
3	51	0
4	51	0
5	51	0
6	51	123
7	51	0
8	51	0
9	51	0
10	51	0
11	51	0
12	51	0
13	51	0
14	51	0
15	51	0
16	51	187
17	51	0
18	51	0
19	51	0
20	51	0
21	51	0
22	51	0
23	51	0
0	52	0
1	52	0
2	52	0
3	52	51
4	52	0
5	52	149
6	52	0
7	52	0
8	52	0
9	52	0
10	52	0
11	52	0
12	52	0
13	52	0
14	52	0
15	52	0
16	52	0
17	52	123
18	52	91
19	52	51
20	52	51
21	52	0
22	52	91
23	52	0
0	53	13
1	53	0
2	53	40
3	53	0
4	53	0
5	53	0
6	53	0
7	53	0
8	53	0
9	53	0
10	53	0
11	53	13
12	53	13
13	53	18
14	53	24
15	53	13
16	53	0
17	53	13
18	53	7
19	53	18
20	53	7
21	53	18
22	53	13
23	53	40
0	54	29
1	54	29
2	54	20
3	54	15
4	54	29
5	54	0
6	54	5
7	54	0
8	54	0
9	54	0
10	54	10
11	54	15
12	54	10
13	54	10
14	54	5
15	54	24
16	54	20
17	54	20
18	54	29
19	54	24
20	54	20
21	54	24
22	54	10
23	54	38
0	55	25
1	55	32
2	55	35
3	55	17
4	55	3
5	55	9
6	55	3
7	55	6
8	55	0
9	55	12
10	55	22
11	55	9
12	55	9
13	55	37
14	55	19
15	55	32
16	55	6
17	55	17
18	55	30
19	55	14
20	55	17
21	55	30
22	55	25
23	55	25
0	56	40
1	56	21
2	56	21
3	56	7
4	56	7
5	56	0
6	56	7
7	56	0
8	56	0
9	56	0
10	56	0
11	56	7
12	56	27
13	56	57
14	56	0
15	56	14
16	56	21
17	56	0
18	56	14
19	56	27
20	56	14
21	56	21
22	56	0
23	56	7
0	57	0
1	57	0
2	57	0
3	57	0
4	57	0
5	57	0
6	57	0
7	57	0
8	57	0
9	57	0
10	57	0
11	57	0
12	57	0
13	57	0
14	57	0
15	57	0
16	57	0
17	57	0
18	57	0
19	57	0
20	57	0
21	57	0
22	57	0
23	57	0
0	58	39
1	58	0
2	58	21
3	58	30
4	58	21
5	58	0
6	58	0
7	58	11
8	58	0
9	58	11
10	58	0
11	58	0
12	58	39
13	58	21
14	58	39
15	58	0
16	58	11
17	58	56
18	58	39
19	58	0
20	58	0
21	58	0
22	58	11
23	58	21
0	59	0
1	59	51
2	59	51
3	59	0
4	59	123
5	59	0
6	59	0
7	59	0
8	59	0
9	59	0
10	59	0
11	59	0
12	59	149
13	59	0
14	59	0
15	59	0
16	59	0
17	59	0
18	59	51
19	59	51
20	59	0
21	59	0
22	59	51
23	59	0
0	60	0
1	60	0
2	60	0
3	60	68
4	60	0
5	60	0
6	60	0
7	60	0
8	60	0
9	60	0
10	60	0
11	60	68
12	60	0
13	60	0
14	60	0
15	60	68
16	60	0
17	60	68
18	60	0
19	60	0
20	60	0
21	60	0
22	60	118
23	60	0
0	61	0
1	61	0
2	61	0
3	61	0
4	61	0
5	61	0
6	61	0
7	61	0
8	61	0
9	61	0
10	61	0
11	61	0
12	61	0
13	61	0
14	61	145
15	61	0
16	61	0
17	61	0
18	61	0
19	61	0
20	61	88
21	61	0
22	61	0
23	61	0
0	62	30
1	62	30
2	62	30
3	62	43
4	62	15
5	62	15
6	62	0
7	62	0
8	62	15
9	62	0
10	62	15
11	62	15
12	62	55
13	62	0
14	62	15
15	62	30
16	62	0
17	62	43
18	62	30
19	62	55
20	62	0
21	62	0
22	62	55
23	62	67
0	63	0
1	63	0
2	63	0
3	63	0
4	63	0
5	63	0
6	63	0
7	63	0
8	63	0
9	63	0
10	63	0
11	63	0
12	63	0
13	63	0
14	63	0
15	63	0
16	63	0
17	63	0
18	63	0
19	63	0
20	63	47
21	63	0
22	63	162
23	63	0
0	64	0
1	64	58
2	64	0
3	64	103
4	64	0
5	64	0
6	64	0
7	64	0
8	64	0
9	64	0
10	64	0
11	64	0
12	64	0
13	64	0
14	64	103
15	64	103
16	64	0
17	64	58
18	64	0
19	64	0
20	64	0
21	64	0
22	64	0
23	64	0
0	65	0
1	65	0
2	65	103
3	65	0
4	65	103
5	65	0
6	65	103
7	65	0
8	65	0
9	65	0
10	65	0
11	65	0
12	65	0
13	65	0
14	65	0
15	65	0
16	65	0
17	65	103
18	65	0
19	65	0
20	65	0
21	65	0
22	65	0
23	65	0
0	66	6
1	66	21
2	66	44
3	66	44
4	66	0
5	66	0
6	66	6
7	66	11
8	66	0
9	66	6
10	66	6
11	66	16
12	66	16
13	66	21
14	66	6
15	66	6
16	66	30
17	66	44
18	66	21
19	66	26
20	66	21
21	66	11
22	66	30
23	66	21
0	67	0
1	67	215
2	67	0
3	67	0
4	67	0
5	67	0
6	67	0
7	67	0
8	67	0
9	67	0
10	67	0
11	67	0
12	67	0
13	67	0
14	67	0
15	67	0
16	67	0
17	67	0
18	67	0
19	67	0
20	67	0
21	67	0
22	67	0
23	67	0
0	68	33
1	68	27
2	68	45
3	68	39
4	68	33
5	68	0
6	68	27
7	68	7
8	68	0
9	68	0
10	68	7
11	68	14
12	68	21
13	68	56
14	68	7
15	68	21
16	68	7
17	68	21
18	68	14
19	68	56
20	68	33
21	68	39
22	68	14
23	68	7
0	69	19
1	69	7
2	69	16
3	69	19
4	69	10
5	69	4
6	69	4
7	69	7
8	69	0
9	69	4
10	69	13
11	69	16
12	69	19
13	69	10
14	69	10
15	69	16
16	69	7
17	69	4
18	69	49
19	69	19
20	69	7
21	69	24
22	69	16
23	69	7
0	70	19
1	70	95
2	70	68
3	70	19
4	70	0
5	70	37
6	70	0
7	70	0
8	70	0
9	70	19
10	70	37
11	70	0
12	70	0
13	70	19
14	70	19
15	70	19
16	70	68
17	70	37
18	70	19
19	70	0
20	70	0
21	70	0
22	70	19
23	70	0
0	71	26
1	71	0
2	71	69
3	71	0
4	71	49
5	71	0
6	71	0
7	71	0
8	71	0
9	71	0
10	71	26
11	71	0
12	71	26
13	71	26
14	71	0
15	71	26
16	71	0
17	71	0
18	71	0
19	71	0
20	71	26
21	71	26
22	71	69
23	71	49
0	72	0
1	72	53
2	72	0
3	72	0
4	72	0
5	72	95
6	72	0
7	72	0
8	72	0
9	72	0
10	72	0
11	72	53
12	72	0
13	72	0
14	72	0
15	72	0
16	72	0
17	72	0
18	72	0
19	72	95
20	72	0
21	72	53
22	72	0
23	72	53
0	73	0
1	73	0
2	73	0
3	73	0
4	73	0
5	73	0
6	73	0
7	73	0
8	73	0
9	73	0
10	73	0
11	73	0
12	73	0
13	73	0
14	73	0
15	73	0
16	73	0
17	73	137
18	73	0
19	73	0
20	73	0
21	73	0
22	73	0
23	73	137
0	74	24
1	74	0
2	74	0
3	74	0
4	74	0
5	74	0
6	74	0
7	74	0
8	74	0
9	74	0
10	74	0
11	74	24
12	74	24
13	74	0
14	74	0
15	74	0
16	74	0
17	74	0
18	74	24
19	74	0
20	74	0
21	74	24
22	74	24
23	74	0
0	75	0
1	75	253
2	75	0
3	75	0
4	75	0
5	75	0
6	75	0
7	75	0
8	75	0
9	75	0
10	75	0
11	75	0
12	75	0
13	75	0
14	75	0
15	75	0
16	75	0
17	75	0
18	75	0
19	75	0
20	75	0
21	75	0
22	75	0
23	75	0
0	76	0
1	76	0
2	76	0
3	76	0
4	76	0
5	76	0
6	76	0
7	76	0
8	76	0
9	76	0
10	76	0
11	76	51
12	76	0
13	76	0
14	76	0
15	76	0
16	76	0
17	76	0
18	76	0
19	76	211
20	76	0
21	76	51
22	76	0
23	76	0
0	77	0
1	77	0
2	77	0
3	77	28
4	77	28
5	77	75
6	77	0
7	77	0
8	77	0
9	77	0
10	77	0
11	77	0
12	77	0
13	77	0
14	77	0
15	77	0
16	77	0
17	77	0
18	77	0
19	77	0
20	77	0
21	77	28
22	77	28
23	77	0
0	78	37
1	78	32
2	78	17
3	78	68
4	78	32
5	78	11
6	78	0
7	78	2
8	78	6
9	78	10
10	78	6
11	78	4
12	78	24
13	78	15
14	78	29
15	78	19
16	78	20
17	78	24
18	78	32
19	78	30
20	78	34
21	78	17
22	78	20
23	78	32
0	79	0
1	79	0
2	79	0
3	79	0
4	79	0
5	79	0
6	79	0
7	79	0
8	79	0
9	79	0
10	79	0
11	79	0
12	79	53
13	79	0
14	79	53
15	79	53
16	79	0
17	79	0
18	79	53
19	79	95
20	79	0
21	79	0
22	79	95
23	79	53
0	80	16
1	80	45
2	80	16
3	80	0
4	80	16
5	80	16
6	80	16
7	80	0
8	80	0
9	80	0
10	80	16
11	80	16
12	80	0
13	80	16
14	80	16
15	80	82
16	80	70
17	80	58
18	80	16
19	80	31
20	80	0
21	80	0
22	80	0
23	80	0
0	81	33
1	81	61
2	81	0
3	81	0
4	81	33
5	81	0
6	81	0
7	81	33
8	81	0
9	81	0
10	81	33
11	81	0
12	81	0
13	81	0
14	81	33
15	81	0
16	81	33
17	81	0
18	81	33
19	81	61
20	81	61
21	81	126
22	81	0
23	81	0
0	82	34
1	82	50
2	82	4
3	82	8
4	82	8
5	82	0
6	82	12
7	82	8
8	82	0
9	82	0
10	82	12
11	82	12
12	82	4
13	82	16
14	82	0
15	82	27
16	82	19
17	82	12
18	82	19
19	82	34
20	82	12
21	82	0
22	82	4
23	82	23
0	83	24
1	83	39
2	83	27
3	83	21
4	83	11
5	83	0
6	83	0
7	83	0
8	83	0
9	83	0
10	83	7
11	83	14
12	83	17
13	83	11
14	83	7
15	83	7
16	83	4
17	83	4
18	83	4
19	83	11
20	83	7
21	83	7
22	83	14
23	83	4
0	84	0
1	84	36
2	84	52
3	84	36
4	84	0
5	84	19
6	84	0
7	84	0
8	84	19
9	84	0
10	84	19
11	84	36
12	84	36
13	84	19
14	84	19
15	84	0
16	84	0
17	84	36
18	84	0
19	84	36
20	84	36
21	84	0
22	84	0
23	84	19
0	85	22
1	85	35
2	85	24
3	85	19
4	85	9
5	85	3
6	85	5
7	85	3
8	85	3
9	85	6
10	85	17
11	85	12
12	85	16
13	85	16
14	85	27
15	85	11
16	85	13
17	85	15
18	85	30
19	85	17
20	85	24
21	85	19
22	85	24
23	85	23
0	86	21
1	86	29
2	86	20
3	86	20
4	86	12
5	86	6
6	86	4
7	86	3
8	86	3
9	86	5
10	86	9
11	86	12
12	86	14
13	86	15
14	86	14
15	86	18
16	86	19
17	86	18
18	86	17
19	86	18
20	86	17
21	86	17
22	86	18
23	86	20
0	87	23
1	87	16
2	87	44
3	87	8
4	87	0
5	87	0
6	87	0
7	87	0
8	87	0
9	87	0
10	87	8
11	87	16
12	87	30
13	87	30
14	87	23
15	87	0
16	87	16
17	87	16
18	87	8
19	87	44
20	87	8
21	87	16
22	87	0
23	87	37
0	88	0
1	88	0
2	88	0
3	88	0
4	88	0
5	88	0
6	88	0
7	88	0
8	88	0
9	88	0
10	88	49
11	88	0
12	88	0
13	88	0
14	88	88
15	88	0
16	88	0
17	88	0
18	88	0
19	88	0
20	88	49
21	88	49
22	88	49
23	88	0
0	89	28
1	89	0
2	89	0
3	89	0
4	89	0
5	89	0
6	89	0
7	89	0
8	89	0
9	89	0
10	89	0
11	89	0
12	89	0
13	89	0
14	89	0
15	89	0
16	89	0
17	89	0
18	89	0
19	89	0
20	89	0
21	89	0
22	89	28
23	89	0
0	90	0
1	90	18
2	90	0
3	90	0
4	90	0
5	90	0
6	90	0
7	90	0
8	90	0
9	90	0
10	90	0
11	90	0
12	90	0
13	90	18
14	90	0
15	90	0
16	90	0
17	90	0
18	90	0
19	90	0
20	90	0
21	90	0
22	90	0
23	90	18
0	91	20
1	91	21
2	91	18
3	91	14
4	91	8
5	91	5
6	91	3
7	91	3
8	91	3
9	91	4
10	91	11
11	91	15
12	91	18
13	91	18
14	91	18
15	91	18
16	91	17
17	91	18
18	91	18
19	91	17
20	91	17
21	91	17
22	91	17
23	91	18
0	92	82
1	92	0
2	92	0
3	92	0
4	92	0
5	92	0
6	92	0
7	92	0
8	92	0
9	92	0
10	92	0
11	92	0
12	92	0
13	92	0
14	92	0
15	92	0
16	92	0
17	92	0
18	92	82
19	92	0
20	92	0
21	92	0
22	92	0
23	92	0
0	93	0
1	93	0
2	93	0
3	93	39
4	93	0
5	93	0
6	93	39
7	93	0
8	93	0
9	93	0
10	93	0
11	93	0
12	93	0
13	93	0
14	93	0
15	93	72
16	93	0
17	93	0
18	93	39
19	93	100
20	93	0
21	93	72
22	93	0
23	93	0
0	94	0
1	94	26
2	94	49
3	94	0
4	94	49
5	94	0
6	94	0
7	94	0
8	94	0
9	94	0
10	94	0
11	94	49
12	94	26
13	94	26
14	94	0
15	94	0
16	94	26
17	94	0
18	94	49
19	94	0
20	94	49
21	94	104
22	94	49
23	94	49
0	95	37
1	95	26
2	95	48
3	95	26
4	95	59
5	95	13
6	95	0
7	95	13
8	95	0
9	95	0
10	95	0
11	95	13
12	95	13
13	95	13
14	95	0
15	95	0
16	95	0
17	95	48
18	95	0
19	95	13
20	95	26
21	95	13
22	95	13
23	95	48
0	96	0
1	96	0
2	96	0
3	96	36
4	96	0
5	96	0
6	96	0
7	96	0
8	96	0
9	96	0
10	96	0
11	96	36
12	96	0
13	96	36
14	96	0
15	96	36
16	96	0
17	96	36
18	96	0
19	96	36
20	96	66
21	96	92
22	96	0
23	96	0
0	97	0
1	97	123
2	97	0
3	97	0
4	97	0
5	97	0
6	97	0
7	97	51
8	97	0
9	97	0
10	97	0
11	97	0
12	97	0
13	97	0
14	97	0
15	97	51
16	97	0
17	97	0
18	97	91
19	97	51
20	97	0
21	97	0
22	97	91
23	97	51
0	98	26
1	98	18
2	98	26
3	98	18
4	98	9
5	98	34
6	98	0
7	98	0
8	98	0
9	98	0
10	98	0
11	98	0
12	98	26
13	98	9
14	98	0
15	98	9
16	98	18
17	98	0
18	98	0
19	98	26
20	98	49
21	98	18
22	98	49
23	98	34
0	99	26
1	99	30
2	99	25
3	99	20
4	99	13
5	99	7
6	99	4
7	99	3
8	99	2
9	99	5
10	99	10
11	99	14
12	99	16
13	99	17
14	99	15
15	99	16
16	99	15
17	99	17
18	99	17
19	99	17
20	99	17
21	99	19
22	99	19
23	99	22
0	100	45
1	100	19
2	100	28
3	100	37
4	100	19
5	100	0
6	100	0
7	100	0
8	100	19
9	100	10
10	100	0
11	100	10
12	100	10
13	100	0
14	100	0
15	100	0
16	100	0
17	100	0
18	100	10
19	100	10
20	100	10
21	100	19
22	100	37
23	100	37
0	101	0
1	101	0
2	101	0
3	101	0
4	101	0
5	101	0
6	101	0
7	101	0
8	101	0
9	101	0
10	101	0
11	101	0
12	101	0
13	101	0
14	101	0
15	101	0
16	101	0
17	101	0
18	101	0
19	101	0
20	101	0
21	101	0
22	101	0
23	101	0
0	102	0
1	102	130
2	102	77
3	102	0
4	102	0
5	102	0
6	102	0
7	102	0
8	102	0
9	102	0
10	102	0
11	102	0
12	102	0
13	102	0
14	102	0
15	102	0
16	102	0
17	102	0
18	102	0
19	102	0
20	102	0
21	102	0
22	102	0
23	102	0
0	103	0
1	103	0
2	103	0
3	103	0
4	103	0
5	103	0
6	103	0
7	103	0
8	103	0
9	103	0
10	103	61
11	103	0
12	103	0
13	103	142
14	103	0
15	103	0
16	103	0
17	103	0
18	103	0
19	103	61
20	103	0
21	103	61
22	103	0
23	103	61
0	104	30
1	104	23
2	104	44
3	104	23
4	104	23
5	104	0
6	104	0
7	104	0
8	104	0
9	104	8
10	104	8
11	104	8
12	104	8
13	104	23
14	104	30
15	104	0
16	104	16
17	104	37
18	104	16
19	104	0
20	104	8
21	104	16
22	104	23
23	104	8
