Counts for Apple(2) in Chile(6):
Hour	Location Index	Count
0	0	0
1	0	0
2	0	0
3	0	0
4	0	0
5	0	0
6	0	0
7	0	0
8	0	0
9	0	0
10	0	0
11	0	0
12	0	0
13	0	0
14	0	0
15	0	0
16	0	0
17	0	201
18	0	0
19	0	0
20	0	0
21	0	0
22	0	0
23	0	0
0	1	25
1	1	0
2	1	0
3	1	0
4	1	0
5	1	0
6	1	0
7	1	0
8	1	0
9	1	0
10	1	0
11	1	0
12	1	25
13	1	25
14	1	48
15	1	25
16	1	0
17	1	25
18	1	25
19	1	25
20	1	0
21	1	0
22	1	0
23	1	0
0	2	0
1	2	0
2	2	0
3	2	40
4	2	74
5	2	0
6	2	0
7	2	0
8	2	0
9	2	0
10	2	0
11	2	0
12	2	0
13	2	0
14	2	40
15	2	0
16	2	0
17	2	0
18	2	0
19	2	0
20	2	40
21	2	40
22	2	0
23	2	0
0	3	24
1	3	45
2	3	0
3	3	24
4	3	0
5	3	0
6	3	24
7	3	0
8	3	24
9	3	0
10	3	0
11	3	0
12	3	0
13	3	64
14	3	0
15	3	0
16	3	0
17	3	24
18	3	0
19	3	0
20	3	0
21	3	0
22	3	98
23	3	0
0	4	58
1	4	0
2	4	0
3	4	0
4	4	0
5	4	58
6	4	0
7	4	0
8	4	0
9	4	0
10	4	0
11	4	0
12	4	0
13	4	0
14	4	0
15	4	0
16	4	58
17	4	0
18	4	0
19	4	58
20	4	0
21	4	0
22	4	0
23	4	0
0	5	0
1	5	0
2	5	123
3	5	0
4	5	0
5	5	0
6	5	0
7	5	0
8	5	0
9	5	0
10	5	0
11	5	0
12	5	0
13	5	187
14	5	0
15	5	0
16	5	0
17	5	0
18	5	0
19	5	0
20	5	0
21	5	123
22	5	0
23	5	0
0	6	29
1	6	29
2	6	29
3	6	27
4	6	16
5	6	14
6	6	0
7	6	6
8	6	2
9	6	8
10	6	9
11	6	23
12	6	21
13	6	9
14	6	6
15	6	23
16	6	21
17	6	8
18	6	23
19	6	14
20	6	14
21	6	13
22	6	26
23	6	31
0	7	0
1	7	0
2	7	0
3	7	0
4	7	0
5	7	0
6	7	0
7	7	0
8	7	0
9	7	0
10	7	0
11	7	0
12	7	0
13	7	0
14	7	0
15	7	0
16	7	0
17	7	0
18	7	0
19	7	0
20	7	0
21	7	0
22	7	0
23	7	0
0	8	51
1	8	22
2	8	77
3	8	22
4	8	22
5	8	0
6	8	6
7	8	12
8	8	6
9	8	0
10	8	12
11	8	22
12	8	12
13	8	37
14	8	27
15	8	12
16	8	17
17	8	32
18	8	73
19	8	17
20	8	27
21	8	17
22	8	27
23	8	37
0	9	0
1	9	0
2	9	0
3	9	0
4	9	0
5	9	0
6	9	0
7	9	0
8	9	0
9	9	0
10	9	0
11	9	0
12	9	0
13	9	0
14	9	0
15	9	0
16	9	0
17	9	201
18	9	137
19	9	0
20	9	0
21	9	0
22	9	0
23	9	0
0	10	19
1	10	23
2	10	25
3	10	16
4	10	10
5	10	6
6	10	2
7	10	3
8	10	2
9	10	4
10	10	8
11	10	13
12	10	13
13	10	13
14	10	15
15	10	17
16	10	9
17	10	16
18	10	17
19	10	10
20	10	14
21	10	14
22	10	14
23	10	17
0	11	0
1	11	0
2	11	0
3	11	0
4	11	0
5	11	0
6	11	0
7	11	0
8	11	0
9	11	0
10	11	95
11	11	0
12	11	0
13	11	0
14	11	154
15	11	95
16	11	0
17	11	0
18	11	0
19	11	0
20	11	0
21	11	0
22	11	0
23	11	0
0	12	21
1	12	42
2	12	31
3	12	23
4	12	35
5	12	0
6	12	14
7	12	8
8	12	0
9	12	3
10	12	26
11	12	21
12	12	21
13	12	31
14	12	14
15	12	19
16	12	33
17	12	26
18	12	23
19	12	23
20	12	6
21	12	21
22	12	16
23	12	31
0	13	0
1	13	0
2	13	26
3	13	0
4	13	0
5	13	26
6	13	0
7	13	0
8	13	0
9	13	0
10	13	0
11	13	0
12	13	49
13	13	0
14	13	69
15	13	0
16	13	0
17	13	26
18	13	0
19	13	26
20	13	49
21	13	26
22	13	0
23	13	26
0	14	15
1	14	24
2	14	39
3	14	13
4	14	13
5	14	5
6	14	3
7	14	0
8	14	0
9	14	10
10	14	17
11	14	22
12	14	17
13	14	8
14	14	13
15	14	8
16	14	10
17	14	5
18	14	8
19	14	15
20	14	17
21	14	17
22	14	13
23	14	19
0	15	30
1	15	57
2	15	30
3	15	30
4	15	0
5	15	0
6	15	0
7	15	0
8	15	0
9	15	0
10	15	0
11	15	0
12	15	0
13	15	0
14	15	0
15	15	0
16	15	0
17	15	57
18	15	0
19	15	30
20	15	80
21	15	0
22	15	0
23	15	0
0	16	0
1	16	0
2	16	0
3	16	0
4	16	0
5	16	0
6	16	0
7	16	0
8	16	0
9	16	0
10	16	0
11	16	0
12	16	0
13	16	0
14	16	0
15	16	0
16	16	0
17	16	0
18	16	0
19	16	0
20	16	0
21	16	0
22	16	0
23	16	0
0	17	15
1	17	0
2	17	0
3	17	0
4	17	0
5	17	0
6	17	0
7	17	0
8	17	0
9	17	0
10	17	0
11	17	0
12	17	0
13	17	15
14	17	0
15	17	29
16	17	0
17	17	0
18	17	15
19	17	0
20	17	0
21	17	0
22	17	0
23	17	0
0	18	23
1	18	49
2	18	32
3	18	0
4	18	0
5	18	10
6	18	4
7	18	4
8	18	0
9	18	10
10	18	17
11	18	38
12	18	60
13	18	10
14	18	46
15	18	17
16	18	10
17	18	17
18	18	23
19	18	14
20	18	26
21	18	32
22	18	23
23	18	23
0	19	41
1	19	49
2	19	26
3	19	9
4	19	18
5	19	0
6	19	5
7	19	0
8	19	5
9	19	0
10	19	18
11	19	26
12	19	9
13	19	18
14	19	9
15	19	9
16	19	5
17	19	22
18	19	34
19	19	26
20	19	18
21	19	22
22	19	18
23	19	14
0	20	0
1	20	0
2	20	49
3	20	26
4	20	0
5	20	0
6	20	0
7	20	0
8	20	0
9	20	0
10	20	0
11	20	0
12	20	26
13	20	0
14	20	0
15	20	26
16	20	0
17	20	26
18	20	0
19	20	0
20	20	0
21	20	0
22	20	0
23	20	49
0	21	12
1	21	60
2	21	33
3	21	12
4	21	0
5	21	0
6	21	0
7	21	0
8	21	12
9	21	12
10	21	0
11	21	22
12	21	33
13	21	42
14	21	0
15	21	0
16	21	12
17	21	12
18	21	12
19	21	60
20	21	33
21	21	12
22	21	22
23	21	12
0	22	103
1	22	58
2	22	103
3	22	0
4	22	0
5	22	0
6	22	0
7	22	0
8	22	0
9	22	0
10	22	0
11	22	0
12	22	0
13	22	0
14	22	0
15	22	0
16	22	0
17	22	58
18	22	58
19	22	0
20	22	0
21	22	0
22	22	58
23	22	0
0	23	0
1	23	25
2	23	29
3	23	0
4	23	5
5	23	0
6	23	0
7	23	5
8	23	5
9	23	0
10	23	13
11	23	5
12	23	13
13	23	21
14	23	9
15	23	17
16	23	5
17	23	13
18	23	9
19	23	5
20	23	13
21	23	0
22	23	0
23	23	0
0	24	16
1	24	0
2	24	0
3	24	0
4	24	0
5	24	16
6	24	0
7	24	0
8	24	0
9	24	0
10	24	0
11	24	16
12	24	69
13	24	44
14	24	30
15	24	69
16	24	16
17	24	30
18	24	57
19	24	30
20	24	30
21	24	0
22	24	0
23	24	30
0	25	0
1	25	47
2	25	0
3	25	17
4	25	0
5	25	0
6	25	0
7	25	0
8	25	0
9	25	0
10	25	32
11	25	32
12	25	32
13	25	60
14	25	17
15	25	32
16	25	0
17	25	17
18	25	0
19	25	47
20	25	32
21	25	17
22	25	17
23	25	32
0	26	0
1	26	135
2	26	50
3	26	71
4	26	0
5	26	26
6	26	0
7	26	0
8	26	0
9	26	50
10	26	106
11	26	26
12	26	0
13	26	26
14	26	50
15	26	50
16	26	26
17	26	0
18	26	0
19	26	50
20	26	0
21	26	26
22	26	50
23	26	26
0	27	103
1	27	0
2	27	0
3	27	0
4	27	0
5	27	0
6	27	0
7	27	0
8	27	0
9	27	0
10	27	0
11	27	0
12	27	0
13	27	0
14	27	0
15	27	0
16	27	0
17	27	0
18	27	0
19	27	0
20	27	0
21	27	0
22	27	0
23	27	0
0	28	65
1	28	51
2	28	35
3	28	0
4	28	18
5	28	0
6	28	18
7	28	0
8	28	0
9	28	0
10	28	0
11	28	51
12	28	0
13	28	35
14	28	18
15	28	0
16	28	0
17	28	0
18	28	18
19	28	0
20	28	0
21	28	35
22	28	18
23	28	18
0	29	38
1	29	36
2	29	30
3	29	19
4	29	4
5	29	0
6	29	0
7	29	10
8	29	0
9	29	4
10	29	13
11	29	4
12	29	27
13	29	4
14	29	16
15	29	27
16	29	36
17	29	16
18	29	22
19	29	16
20	29	13
21	29	30
22	29	13
23	29	10
0	30	0
1	30	47
2	30	0
3	30	85
4	30	0
5	30	0
6	30	0
7	30	0
8	30	0
9	30	0
10	30	0
11	30	0
12	30	0
13	30	0
14	30	47
15	30	47
16	30	0
17	30	85
18	30	0
19	30	0
20	30	0
21	30	0
22	30	0
23	30	0
0	31	137
1	31	137
2	31	0
3	31	0
4	31	0
5	31	0
6	31	0
7	31	0
8	31	0
9	31	0
10	31	0
11	31	0
12	31	201
13	31	137
14	31	0
15	31	0
16	31	0
17	31	0
18	31	0
19	31	0
20	31	0
21	31	0
22	31	0
23	31	0
0	32	50
1	32	54
2	32	46
3	32	20
4	32	20
5	32	15
6	32	20
7	32	24
8	32	10
9	32	0
10	32	15
11	32	29
12	32	46
13	32	33
14	32	57
15	32	33
16	32	57
17	32	24
18	32	46
19	32	46
20	32	33
21	32	29
22	32	24
23	32	37
0	33	0
1	33	0
2	33	0
3	33	0
4	33	0
5	33	0
6	33	0
7	33	0
8	33	0
9	33	0
10	33	0
11	33	0
12	33	0
13	33	0
14	33	95
15	33	0
16	33	95
17	33	0
18	33	0
19	33	0
20	33	0
21	33	0
22	33	0
23	33	0
0	34	0
1	34	0
2	34	0
3	34	0
4	34	0
5	34	95
6	34	0
7	34	0
8	34	0
9	34	0
10	34	0
11	34	0
12	34	0
13	34	0
14	34	0
15	34	0
16	34	154
17	34	0
18	34	0
19	34	95
20	34	0
21	34	0
22	34	0
23	34	95
0	35	13
1	35	25
2	35	25
3	35	0
4	35	0
5	35	0
6	35	0
7	35	0
8	35	0
9	35	0
10	35	118
11	35	77
12	35	118
13	35	77
14	35	110
15	35	25
16	35	0
17	35	58
18	35	110
19	35	25
20	35	37
21	35	68
22	35	13
23	35	13
0	36	29
1	36	28
2	36	31
3	36	19
4	36	13
5	36	10
6	36	9
7	36	6
8	36	4
9	36	8
10	36	14
11	36	17
12	36	28
13	36	33
14	36	30
15	36	26
16	36	19
17	36	23
18	36	19
19	36	21
20	36	21
21	36	28
22	36	21
23	36	21
0	37	39
1	37	49
2	37	39
3	37	26
4	37	15
5	37	11
6	37	9
7	37	3
8	37	3
9	37	8
10	37	7
11	37	25
12	37	15
13	37	18
14	37	19
15	37	7
16	37	16
17	37	22
18	37	18
19	37	21
20	37	42
21	37	27
22	37	31
23	37	25
0	38	0
1	38	27
2	38	14
3	38	0
4	38	14
5	38	0
6	38	0
7	38	0
8	38	0
9	38	0
10	38	14
11	38	0
12	38	27
13	38	27
14	38	27
15	38	39
16	38	39
17	38	39
18	38	14
19	38	14
20	38	14
21	38	0
22	38	14
23	38	0
0	39	0
1	39	0
2	39	0
3	39	0
4	39	0
5	39	0
6	39	0
7	39	0
8	39	0
9	39	0
10	39	72
11	39	0
12	39	0
13	39	0
14	39	0
15	39	0
16	39	0
17	39	0
18	39	0
19	39	0
20	39	0
21	39	123
22	39	0
23	39	72
0	40	45
1	40	0
2	40	0
3	40	0
4	40	82
5	40	0
6	40	0
7	40	0
8	40	0
9	40	0
10	40	0
11	40	45
12	40	0
13	40	0
14	40	0
15	40	0
16	40	0
17	40	45
18	40	45
19	40	45
20	40	45
21	40	0
22	40	45
23	40	0
0	41	44
1	41	26
2	41	32
3	41	38
4	41	4
5	41	0
6	41	7
7	41	0
8	41	0
9	41	0
10	41	14
11	41	47
12	41	20
13	41	20
14	41	14
15	41	26
16	41	32
17	41	23
18	41	17
19	41	14
20	41	26
21	41	14
22	41	38
23	41	55
0	42	0
1	42	38
2	42	70
3	42	70
4	42	38
5	42	0
6	42	0
7	42	0
8	42	0
9	42	0
10	42	0
11	42	0
12	42	0
13	42	0
14	42	38
15	42	0
16	42	0
17	42	0
18	42	0
19	42	120
20	42	38
21	42	0
22	42	38
23	42	0
0	43	31
1	43	31
2	43	16
3	43	16
4	43	16
5	43	0
6	43	0
7	43	0
8	43	0
9	43	31
10	43	31
11	43	0
12	43	16
13	43	31
14	43	0
15	43	16
16	43	0
17	43	16
18	43	31
19	43	0
20	43	16
21	43	0
22	43	16
23	43	45
0	44	34
1	44	16
2	44	38
3	44	0
4	44	12
5	44	4
6	44	0
7	44	0
8	44	0
9	44	0
10	44	0
11	44	12
12	44	20
13	44	20
14	44	31
15	44	27
16	44	12
17	44	48
18	44	27
19	44	16
20	44	31
21	44	27
22	44	31
23	44	23
0	45	42
1	45	42
2	45	0
3	45	0
4	45	0
5	45	0
6	45	0
7	45	0
8	45	0
9	45	42
10	45	0
11	45	42
12	45	0
13	45	42
14	45	0
15	45	130
16	45	42
17	45	0
18	45	0
19	45	0
20	45	42
21	45	0
22	45	0
23	45	42
0	46	0
1	46	47
2	46	0
3	46	0
4	46	0
5	46	0
6	46	0
7	46	47
8	46	0
9	46	0
10	46	85
11	46	0
12	46	47
13	46	0
14	46	0
15	46	0
16	46	0
17	46	0
18	46	0
19	46	0
20	46	0
21	46	0
22	46	0
23	46	0
0	47	91
1	47	51
2	47	123
3	47	0
4	47	51
5	47	0
6	47	0
7	47	0
8	47	0
9	47	0
10	47	0
11	47	0
12	47	0
13	47	91
14	47	0
15	47	0
16	47	0
17	47	0
18	47	0
19	47	0
20	47	0
21	47	0
22	47	51
23	47	0
0	48	35
1	48	0
2	48	79
3	48	18
4	48	0
5	48	35
6	48	18
7	48	0
8	48	0
9	48	35
10	48	0
11	48	51
12	48	0
13	48	18
14	48	18
15	48	18
16	48	35
17	48	18
18	48	18
19	48	51
20	48	0
21	48	35
22	48	35
23	48	18
0	49	27
1	49	47
2	49	22
3	49	25
4	49	10
5	49	10
6	49	0
7	49	3
8	49	2
9	49	5
10	49	11
11	49	33
12	49	28
13	49	34
14	49	23
15	49	26
16	49	29
17	49	24
18	49	19
19	49	30
20	49	16
21	49	33
22	49	39
23	49	26
0	50	0
1	50	0
2	50	0
3	50	0
4	50	0
5	50	0
6	50	0
7	50	0
8	50	0
9	50	0
10	50	0
11	50	0
12	50	0
13	50	74
14	50	74
15	50	103
16	50	0
17	50	0
18	50	0
19	50	0
20	50	40
21	50	74
22	50	0
23	50	40
0	51	0
1	51	0
2	51	0
3	51	0
4	51	0
5	51	0
6	51	0
7	51	0
8	51	0
9	51	0
10	51	0
11	51	0
12	51	123
13	51	123
14	51	0
15	51	0
16	51	0
17	51	0
18	51	0
19	51	0
20	51	0
21	51	0
22	51	0
23	51	0
0	52	0
1	52	0
2	52	51
3	52	0
4	52	0
5	52	0
6	52	0
7	52	0
8	52	0
9	52	0
10	52	0
11	52	0
12	52	0
13	52	0
14	52	0
15	52	0
16	52	0
17	52	0
18	52	0
19	52	0
20	52	51
21	52	0
22	52	0
23	52	0
0	53	45
1	53	24
2	53	18
3	53	24
4	53	40
5	53	18
6	53	13
7	53	0
8	53	18
9	53	18
10	53	50
11	53	35
12	53	13
13	53	24
14	53	24
15	53	7
16	53	30
17	53	18
18	53	24
19	53	24
20	53	13
21	53	35
22	53	18
23	53	60
0	54	10
1	54	24
2	54	29
3	54	29
4	54	5
5	54	5
6	54	0
7	54	5
8	54	0
9	54	15
10	54	5
11	54	0
12	54	29
13	54	29
14	54	46
15	54	20
16	54	0
17	54	5
18	54	5
19	54	15
20	54	20
21	54	10
22	54	5
23	54	15
0	55	32
1	55	35
2	55	30
3	55	14
4	55	12
5	55	9
6	55	0
7	55	0
8	55	0
9	55	0
10	55	12
11	55	3
12	55	14
13	55	22
14	55	6
15	55	12
16	55	17
17	55	25
18	55	17
19	55	6
20	55	9
21	55	27
22	55	19
23	55	19
0	56	7
1	56	83
2	56	40
3	56	14
4	56	21
5	56	14
6	56	0
7	56	7
8	56	7
9	56	0
10	56	7
11	56	7
12	56	14
13	56	7
14	56	14
15	56	40
16	56	27
17	56	27
18	56	46
19	56	40
20	56	21
21	56	34
22	56	21
23	56	34
0	57	0
1	57	0
2	57	0
3	57	0
4	57	0
5	57	0
6	57	0
7	57	0
8	57	0
9	57	0
10	57	0
11	57	0
12	57	0
13	57	0
14	57	0
15	57	137
16	57	0
17	57	137
18	57	0
19	57	0
20	57	0
21	57	0
22	57	137
23	57	0
0	58	21
1	58	30
2	58	21
3	58	39
4	58	30
5	58	0
6	58	0
7	58	0
8	58	0
9	58	21
10	58	0
11	58	0
12	58	11
13	58	21
14	58	30
15	58	11
16	58	11
17	58	11
18	58	30
19	58	11
20	58	39
21	58	0
22	58	30
23	58	30
0	59	51
1	59	51
2	59	0
3	59	0
4	59	0
5	59	0
6	59	0
7	59	0
8	59	0
9	59	0
10	59	0
11	59	51
12	59	0
13	59	0
14	59	0
15	59	0
16	59	51
17	59	0
18	59	0
19	59	0
20	59	0
21	59	0
22	59	0
23	59	0
0	60	68
1	60	0
2	60	0
3	60	0
4	60	0
5	60	0
6	60	0
7	60	0
8	60	0
9	60	0
10	60	0
11	60	68
12	60	0
13	60	0
14	60	0
15	60	0
16	60	0
17	60	0
18	60	0
19	60	68
20	60	0
21	60	0
22	60	0
23	60	68
0	61	0
1	61	0
2	61	145
3	61	0
4	61	0
5	61	0
6	61	0
7	61	0
8	61	0
9	61	0
10	61	0
11	61	0
12	61	0
13	61	0
14	61	0
15	61	0
16	61	0
17	61	0
18	61	0
19	61	0
20	61	0
21	61	88
22	61	0
23	61	0
0	62	15
1	62	0
2	62	0
3	62	0
4	62	0
5	62	0
6	62	0
7	62	0
8	62	0
9	62	0
10	62	0
11	62	0
12	62	0
13	62	0
14	62	0
15	62	0
16	62	0
17	62	0
18	62	0
19	62	0
20	62	15
21	62	30
22	62	0
23	62	0
0	63	47
1	63	0
2	63	0
3	63	0
4	63	0
5	63	0
6	63	0
7	63	0
8	63	0
9	63	0
10	63	0
11	63	0
12	63	116
13	63	0
14	63	0
15	63	0
16	63	0
17	63	47
18	63	0
19	63	0
20	63	85
21	63	0
22	63	47
23	63	85
0	64	0
1	64	0
2	64	0
3	64	0
4	64	103
5	64	0
6	64	0
7	64	0
8	64	0
9	64	0
10	64	0
11	64	0
12	64	0
13	64	0
14	64	58
15	64	0
16	64	0
17	64	0
18	64	58
19	64	0
20	64	0
21	64	0
22	64	0
23	64	0
0	65	0
1	65	0
2	65	0
3	65	0
4	65	0
5	65	0
6	65	0
7	65	0
8	65	0
9	65	0
10	65	0
11	65	0
12	65	0
13	65	0
14	65	0
15	65	0
16	65	0
17	65	103
18	65	0
19	65	0
20	65	0
21	65	0
22	65	0
23	65	0
0	66	30
1	66	44
2	66	30
3	66	16
4	66	11
5	66	0
6	66	0
7	66	0
8	66	0
9	66	6
10	66	0
11	66	16
12	66	35
13	66	6
14	66	11
15	66	16
16	66	0
17	66	30
18	66	26
19	66	6
20	66	0
21	66	6
22	66	21
23	66	21
0	67	0
1	67	0
2	67	0
3	67	0
4	67	0
5	67	0
6	67	0
7	67	0
8	67	0
9	67	0
10	67	0
11	67	0
12	67	0
13	67	0
14	67	0
15	67	0
16	67	0
17	67	95
18	67	0
19	67	0
20	67	0
21	67	0
22	67	0
23	67	0
0	68	21
1	68	14
2	68	14
3	68	14
4	68	14
5	68	0
6	68	0
7	68	0
8	68	0
9	68	0
10	68	14
11	68	14
12	68	7
13	68	0
14	68	33
15	68	14
16	68	0
17	68	21
18	68	27
19	68	7
20	68	0
21	68	14
22	68	0
23	68	7
0	69	19
1	69	36
2	69	30
3	69	16
4	69	10
5	69	10
6	69	16
7	69	7
8	69	0
9	69	13
10	69	36
11	69	27
12	69	27
13	69	33
14	69	24
15	69	27
16	69	4
17	69	19
18	69	38
19	69	46
20	69	16
21	69	19
22	69	13
23	69	33
0	70	0
1	70	53
2	70	19
3	70	0
4	70	0
5	70	0
6	70	0
7	70	0
8	70	0
9	70	0
10	70	0
11	70	53
12	70	0
13	70	0
14	70	82
15	70	0
16	70	53
17	70	19
18	70	19
19	70	19
20	70	19
21	70	0
22	70	53
23	70	0
0	71	26
1	71	26
2	71	0
3	71	0
4	71	0
5	71	0
6	71	0
7	71	0
8	71	0
9	71	0
10	71	0
11	71	0
12	71	0
13	71	0
14	71	0
15	71	0
16	71	0
17	71	26
18	71	0
19	71	0
20	71	0
21	71	0
22	71	26
23	71	0
0	72	0
1	72	0
2	72	53
3	72	95
4	72	0
5	72	154
6	72	0
7	72	0
8	72	0
9	72	0
10	72	0
11	72	0
12	72	0
13	72	0
14	72	0
15	72	0
16	72	0
17	72	0
18	72	0
19	72	0
20	72	0
21	72	0
22	72	0
23	72	0
0	73	0
1	73	0
2	73	137
3	73	0
4	73	0
5	73	0
6	73	0
7	73	0
8	73	0
9	73	0
10	73	0
11	73	0
12	73	0
13	73	0
14	73	0
15	73	0
16	73	0
17	73	0
18	73	0
19	73	0
20	73	0
21	73	0
22	73	0
23	73	0
0	74	0
1	74	24
2	74	0
3	74	0
4	74	0
5	74	0
6	74	0
7	74	0
8	74	0
9	74	24
10	74	0
11	74	0
12	74	0
13	74	0
14	74	0
15	74	24
16	74	24
17	74	0
18	74	0
19	74	0
20	74	0
21	74	0
22	74	0
23	74	0
0	75	0
1	75	0
2	75	0
3	75	0
4	75	0
5	75	0
6	75	0
7	75	0
8	75	0
9	75	0
10	75	0
11	75	0
12	75	0
13	75	0
14	75	0
15	75	0
16	75	0
17	75	0
18	75	0
19	75	0
20	75	0
21	75	0
22	75	0
23	75	0
0	76	91
1	76	0
2	76	0
3	76	91
4	76	0
5	76	0
6	76	0
7	76	0
8	76	0
9	76	0
10	76	0
11	76	0
12	76	0
13	76	91
14	76	0
15	76	0
16	76	0
17	76	0
18	76	51
19	76	51
20	76	0
21	76	0
22	76	0
23	76	0
0	77	75
1	77	75
2	77	53
3	77	53
4	77	0
5	77	0
6	77	0
7	77	0
8	77	28
9	77	0
10	77	0
11	77	0
12	77	53
13	77	75
14	77	28
15	77	28
16	77	0
17	77	0
18	77	95
19	77	28
20	77	0
21	77	0
22	77	28
23	77	28
0	78	39
1	78	27
2	78	29
3	78	8
4	78	11
5	78	4
6	78	4
7	78	10
8	78	6
9	78	13
10	78	2
11	78	17
12	78	17
13	78	20
14	78	15
15	78	19
16	78	20
17	78	27
18	78	24
19	78	24
20	78	22
21	78	8
22	78	27
23	78	20
0	79	0
1	79	0
2	79	0
3	79	0
4	79	0
5	79	0
6	79	0
7	79	0
8	79	0
9	79	0
10	79	0
11	79	0
12	79	0
13	79	0
14	79	0
15	79	53
16	79	0
17	79	0
18	79	0
19	79	0
20	79	0
21	79	0
22	79	0
23	79	0
0	80	16
1	80	16
2	80	0
3	80	0
4	80	0
5	80	16
6	80	0
7	80	0
8	80	0
9	80	0
10	80	0
11	80	0
12	80	0
13	80	45
14	80	0
15	80	16
16	80	31
17	80	0
18	80	0
19	80	58
20	80	45
21	80	16
22	80	0
23	80	45
0	81	0
1	81	33
2	81	33
3	81	0
4	81	0
5	81	33
6	81	0
7	81	33
8	81	0
9	81	33
10	81	0
11	81	0
12	81	0
13	81	0
14	81	33
15	81	0
16	81	0
17	81	61
18	81	0
19	81	0
20	81	0
21	81	33
22	81	33
23	81	61
0	82	40
1	82	34
2	82	23
3	82	8
4	82	8
5	82	0
6	82	0
7	82	0
8	82	0
9	82	8
10	82	8
11	82	16
12	82	19
13	82	19
14	82	30
15	82	23
16	82	30
17	82	16
18	82	0
19	82	12
20	82	4
21	82	16
22	82	16
23	82	23
0	83	27
1	83	36
2	83	17
3	83	33
4	83	33
5	83	11
6	83	11
7	83	7
8	83	0
9	83	11
10	83	21
11	83	67
12	83	39
13	83	33
14	83	24
15	83	21
16	83	27
17	83	21
18	83	24
19	83	24
20	83	27
21	83	17
22	83	24
23	83	33
0	84	36
1	84	52
2	84	0
3	84	0
4	84	36
5	84	19
6	84	0
7	84	19
8	84	36
9	84	0
10	84	0
11	84	36
12	84	67
13	84	36
14	84	19
15	84	0
16	84	0
17	84	0
18	84	0
19	84	19
20	84	36
21	84	0
22	84	67
23	84	19
0	85	30
1	85	43
2	85	32
3	85	30
4	85	17
5	85	4
6	85	3
7	85	3
8	85	7
9	85	4
10	85	19
11	85	28
12	85	37
13	85	19
14	85	23
15	85	16
16	85	24
17	85	31
18	85	28
19	85	19
20	85	27
21	85	39
22	85	18
23	85	26
0	86	34
1	86	37
2	86	26
3	86	20
4	86	11
5	86	6
6	86	4
7	86	3
8	86	3
9	86	6
10	86	16
11	86	25
12	86	29
13	86	20
14	86	18
15	86	18
16	86	17
17	86	22
18	86	22
19	86	17
20	86	18
21	86	20
22	86	22
23	86	30
0	87	90
1	87	23
2	87	8
3	87	0
4	87	0
5	87	8
6	87	0
7	87	8
8	87	0
9	87	0
10	87	0
11	87	8
12	87	16
13	87	23
14	87	37
15	87	23
16	87	16
17	87	16
18	87	16
19	87	16
20	87	62
21	87	16
22	87	16
23	87	23
0	88	0
1	88	0
2	88	0
3	88	0
4	88	0
5	88	0
6	88	0
7	88	0
8	88	0
9	88	0
10	88	0
11	88	0
12	88	0
13	88	0
14	88	0
15	88	49
16	88	0
17	88	0
18	88	0
19	88	49
20	88	0
21	88	0
22	88	0
23	88	0
0	89	95
1	89	112
2	89	75
3	89	0
4	89	28
5	89	28
6	89	0
7	89	0
8	89	0
9	89	0
10	89	0
11	89	28
12	89	95
13	89	0
14	89	75
15	89	28
16	89	0
17	89	0
18	89	75
19	89	28
20	89	75
21	89	28
22	89	0
23	89	53
0	90	49
1	90	110
2	90	18
3	90	0
4	90	0
5	90	0
6	90	0
7	90	0
8	90	0
9	90	18
10	90	49
11	90	76
12	90	34
13	90	63
14	90	76
15	90	34
16	90	18
17	90	34
18	90	34
19	90	76
20	90	18
21	90	34
22	90	49
23	90	49
0	91	30
1	91	32
2	91	26
3	91	18
4	91	10
5	91	6
6	91	4
7	91	3
8	91	3
9	91	8
10	91	17
11	91	26
12	91	31
13	91	29
14	91	29
15	91	29
16	91	28
17	91	28
18	91	28
19	91	27
20	91	27
21	91	27
22	91	26
23	91	27
0	92	0
1	92	82
2	92	0
3	92	0
4	92	0
5	92	0
6	92	0
7	92	0
8	92	0
9	92	0
10	92	0
11	92	0
12	92	0
13	92	0
14	92	137
15	92	82
16	92	0
17	92	0
18	92	0
19	92	82
20	92	0
21	92	137
22	92	137
23	92	0
0	93	0
1	93	0
2	93	0
3	93	0
4	93	0
5	93	0
6	93	0
7	93	0
8	93	0
9	93	0
10	93	0
11	93	39
12	93	0
13	93	0
14	93	72
15	93	0
16	93	0
17	93	0
18	93	0
19	93	0
20	93	0
21	93	72
22	93	39
23	93	39
0	94	0
1	94	0
2	94	49
3	94	26
4	94	0
5	94	26
6	94	0
7	94	0
8	94	0
9	94	26
10	94	26
11	94	26
12	94	0
13	94	0
14	94	0
15	94	0
16	94	49
17	94	0
18	94	49
19	94	0
20	94	0
21	94	0
22	94	0
23	94	0
0	95	87
1	95	26
2	95	37
3	95	48
4	95	13
5	95	0
6	95	26
7	95	0
8	95	0
9	95	13
10	95	13
11	95	37
12	95	13
13	95	26
14	95	0
15	95	0
16	95	48
17	95	26
18	95	0
19	95	13
20	95	13
21	95	0
22	95	37
23	95	26
0	96	66
1	96	0
2	96	0
3	96	0
4	96	0
5	96	0
6	96	0
7	96	0
8	96	0
9	96	0
10	96	0
11	96	0
12	96	36
13	96	0
14	96	0
15	96	0
16	96	36
17	96	0
18	96	36
19	96	0
20	96	0
21	96	0
22	96	0
23	96	0
0	97	0
1	97	0
2	97	0
3	97	91
4	97	0
5	97	0
6	97	0
7	97	0
8	97	0
9	97	0
10	97	0
11	97	0
12	97	0
13	97	0
14	97	0
15	97	0
16	97	51
17	97	0
18	97	0
19	97	0
20	97	51
21	97	51
22	97	0
23	97	0
0	98	42
1	98	57
2	98	49
3	98	9
4	98	18
5	98	0
6	98	9
7	98	18
8	98	18
9	98	0
10	98	0
11	98	34
12	98	9
13	98	0
14	98	18
15	98	9
16	98	26
17	98	0
18	98	26
19	98	0
20	98	0
21	98	0
22	98	9
23	98	18
0	99	34
1	99	40
2	99	34
3	99	25
4	99	15
5	99	7
6	99	4
7	99	3
8	99	4
9	99	7
10	99	16
11	99	21
12	99	23
13	99	23
14	99	22
15	99	20
16	99	19
17	99	20
18	99	21
19	99	21
20	99	22
21	99	21
22	99	25
23	99	27
0	100	19
1	100	37
2	100	10
3	100	19
4	100	19
5	100	19
6	100	10
7	100	0
8	100	0
9	100	0
10	100	10
11	100	10
12	100	68
13	100	37
14	100	37
15	100	19
16	100	0
17	100	45
18	100	68
19	100	19
20	100	37
21	100	0
22	100	10
23	100	19
0	101	0
1	101	0
2	101	118
3	101	0
4	101	0
5	101	0
6	101	0
7	101	0
8	101	0
9	101	0
10	101	0
11	101	0
12	101	118
13	101	118
14	101	0
15	101	68
16	101	0
17	101	68
18	101	0
19	101	0
20	101	0
21	101	68
22	101	0
23	101	0
0	102	0
1	102	0
2	102	194
3	102	0
4	102	0
5	102	77
6	102	0
7	102	0
8	102	0
9	102	0
10	102	0
11	102	0
12	102	0
13	102	0
14	102	0
15	102	0
16	102	0
17	102	77
18	102	130
19	102	0
20	102	0
21	102	0
22	102	0
23	102	0
0	103	0
1	103	0
2	103	0
3	103	0
4	103	61
5	103	0
6	103	0
7	103	0
8	103	107
9	103	0
10	103	0
11	103	0
12	103	0
13	103	0
14	103	0
15	103	0
16	103	0
17	103	0
18	103	0
19	103	0
20	103	0
21	103	0
22	103	0
23	103	0
0	104	23
1	104	37
2	104	8
3	104	8
4	104	0
5	104	0
6	104	0
7	104	0
8	104	0
9	104	0
10	104	0
11	104	16
12	104	30
13	104	16
14	104	37
15	104	23
16	104	8
17	104	8
18	104	0
19	104	16
20	104	8
21	104	37
22	104	0
23	104	8
