Counts for Samsung(12) in Nigeria(30):
Hour	Location Index	Count
0	0	0
1	0	0
2	0	17
3	0	17
4	0	0
5	0	0
6	0	0
7	0	0
8	0	0
9	0	0
10	0	32
11	0	17
12	0	17
13	0	32
14	0	0
15	0	17
16	0	0
17	0	17
18	0	17
19	0	17
20	0	0
21	0	0
22	0	17
23	0	0
0	1	0
1	1	0
2	1	0
3	1	0
4	1	0
5	1	0
6	1	0
7	1	0
8	1	0
9	1	0
10	1	0
11	1	0
12	1	0
13	1	0
14	1	0
15	1	0
16	1	0
17	1	0
18	1	0
19	1	31
20	1	58
21	1	31
22	1	0
23	1	31
0	2	0
1	2	0
2	2	0
3	2	0
4	2	0
5	2	0
6	2	88
7	2	0
8	2	0
9	2	0
10	2	0
11	2	0
12	2	0
13	2	34
14	2	0
15	2	34
16	2	0
17	2	0
18	2	0
19	2	0
20	2	0
21	2	0
22	2	0
23	2	110
0	3	2
1	3	7
2	3	3
3	3	1
4	3	10
5	3	7
6	3	11
7	3	15
8	3	16
9	3	17
10	3	16
11	3	17
12	3	14
13	3	8
14	3	29
15	3	13
16	3	7
17	3	11
18	3	12
19	3	18
20	3	15
21	3	10
22	3	15
23	3	8
0	4	3
1	4	2
2	4	3
3	4	5
4	4	4
5	4	8
6	4	18
7	4	8
8	4	7
9	4	12
10	4	17
11	4	15
12	4	20
13	4	12
14	4	10
15	4	9
16	4	9
17	4	17
18	4	12
19	4	18
20	4	16
21	4	14
22	4	8
23	4	6
0	5	0
1	5	0
2	5	0
3	5	0
4	5	0
5	5	0
6	5	0
7	5	0
8	5	0
9	5	0
10	5	0
11	5	0
12	5	0
13	5	0
14	5	0
15	5	0
16	5	0
17	5	0
18	5	109
19	5	0
20	5	0
21	5	0
22	5	0
23	5	0
0	6	0
1	6	0
2	6	0
3	6	0
4	6	0
5	6	0
6	6	0
7	6	0
8	6	0
9	6	0
10	6	0
11	6	0
12	6	0
13	6	0
14	6	0
15	6	0
16	6	0
17	6	0
18	6	54
19	6	29
20	6	77
21	6	0
22	6	29
23	6	0
0	7	0
1	7	0
2	7	0
3	7	0
4	7	0
5	7	0
6	7	0
7	7	0
8	7	0
9	7	145
10	7	0
11	7	0
12	7	0
13	7	0
14	7	0
15	7	0
16	7	0
17	7	0
18	7	0
19	7	0
20	7	0
21	7	0
22	7	0
23	7	0
0	8	0
1	8	0
2	8	0
3	8	0
4	8	0
5	8	0
6	8	123
7	8	0
8	8	0
9	8	0
10	8	72
11	8	72
12	8	0
13	8	0
14	8	0
15	8	72
16	8	0
17	8	72
18	8	123
19	8	0
20	8	0
21	8	0
22	8	0
23	8	0
0	9	2
1	9	2
2	9	2
3	9	3
4	9	3
5	9	4
6	9	4
7	9	4
8	9	4
9	9	4
10	9	5
11	9	5
12	9	5
13	9	6
14	9	5
15	9	5
16	9	5
17	9	4
18	9	4
19	9	3
20	9	6
21	9	5
22	9	4
23	9	2
0	10	0
1	10	0
2	10	0
3	10	0
4	10	0
5	10	0
6	10	0
7	10	0
8	10	0
9	10	0
10	10	0
11	10	0
12	10	0
13	10	0
14	10	0
15	10	0
16	10	0
17	10	0
18	10	0
19	10	0
20	10	0
21	10	0
22	10	0
23	10	0
0	11	0
1	11	0
2	11	16
3	11	16
4	11	0
5	11	0
6	11	8
7	11	16
8	11	0
9	11	0
10	11	8
11	11	0
12	11	16
13	11	0
14	11	0
15	11	8
16	11	0
17	11	58
18	11	16
19	11	0
20	11	8
21	11	8
22	11	16
23	11	0
0	12	0
1	12	0
2	12	0
3	12	0
4	12	0
5	12	0
6	12	0
7	12	77
8	12	77
9	12	0
10	12	167
11	12	77
12	12	0
13	12	0
14	12	0
15	12	0
16	12	0
17	12	0
18	12	0
19	12	0
20	12	0
21	12	0
22	12	0
23	12	0
0	13	0
1	13	24
2	13	0
3	13	0
4	13	0
5	13	24
6	13	0
7	13	0
8	13	24
9	13	0
10	13	0
11	13	0
12	13	46
13	13	24
14	13	0
15	13	0
16	13	24
17	13	0
18	13	46
19	13	0
20	13	46
21	13	0
22	13	0
23	13	0
0	14	0
1	14	0
2	14	0
3	14	0
4	14	0
5	14	0
6	14	0
7	14	0
8	14	0
9	14	0
10	14	0
11	14	0
12	14	112
13	14	0
14	14	0
15	14	0
16	14	0
17	14	0
18	14	0
19	14	0
20	14	0
21	14	0
22	14	0
23	14	0
0	15	61
1	15	0
2	15	0
3	15	0
4	15	0
5	15	0
6	15	33
7	15	0
8	15	0
9	15	0
10	15	33
11	15	61
12	15	0
13	15	0
14	15	86
15	15	33
16	15	33
17	15	33
18	15	0
19	15	61
20	15	0
21	15	0
22	15	0
23	15	0
0	16	0
1	16	0
2	16	0
3	16	0
4	16	0
5	16	0
6	16	0
7	16	0
8	16	0
9	16	0
10	16	0
11	16	0
12	16	0
13	16	0
14	16	0
15	16	0
16	16	0
17	16	0
18	16	0
19	16	0
20	16	85
21	16	0
22	16	0
23	16	0
0	17	0
1	17	0
2	17	0
3	17	0
4	17	18
5	17	0
6	17	0
7	17	0
8	17	0
9	17	0
10	17	0
11	17	0
12	17	18
13	17	0
14	17	18
15	17	0
16	17	0
17	17	0
18	17	18
19	17	18
20	17	49
21	17	34
22	17	63
23	17	0
0	18	35
1	18	0
2	18	0
3	18	16
4	18	0
5	18	44
6	18	35
7	18	0
8	18	11
9	18	16
10	18	0
11	18	6
12	18	21
13	18	6
14	18	6
15	18	39
16	18	0
17	18	6
18	18	11
19	18	6
20	18	6
21	18	21
22	18	25
23	18	0
0	19	3
1	19	3
2	19	3
3	19	3
4	19	5
5	19	9
6	19	12
7	19	12
8	19	11
9	19	11
10	19	11
11	19	11
12	19	11
13	19	10
14	19	10
15	19	10
16	19	11
17	19	11
18	19	12
19	19	12
20	19	14
21	19	12
22	19	10
23	19	6
0	20	0
1	20	0
2	20	0
3	20	0
4	20	0
5	20	0
6	20	0
7	20	0
8	20	0
9	20	0
10	20	0
11	20	0
12	20	0
13	20	0
14	20	0
15	20	0
16	20	0
17	20	0
18	20	0
19	20	0
20	20	0
21	20	0
22	20	0
23	20	0
0	21	0
1	21	0
2	21	0
3	21	0
4	21	0
5	21	17
6	21	0
7	21	0
8	21	0
9	21	0
10	21	17
11	21	17
12	21	17
13	21	33
14	21	17
15	21	0
16	21	33
17	21	33
18	21	0
19	21	0
20	21	0
21	21	0
22	21	0
23	21	0
0	22	8
1	22	0
2	22	0
3	22	0
4	22	4
5	22	8
6	22	0
7	22	0
8	22	4
9	22	11
10	22	4
11	22	18
12	22	18
13	22	15
14	22	15
15	22	21
16	22	0
17	22	0
18	22	28
19	22	21
20	22	15
21	22	0
22	22	8
23	22	4
0	23	0
1	23	0
2	23	0
3	23	0
4	23	0
5	23	0
6	23	24
7	23	0
8	23	35
9	23	0
10	23	13
11	23	13
12	23	24
13	23	45
14	23	13
15	23	35
16	23	65
17	23	13
18	23	35
19	23	0
20	23	0
21	23	0
22	23	0
23	23	0
0	24	0
1	24	0
2	24	0
3	24	0
4	24	0
5	24	0
6	24	0
7	24	0
8	24	0
9	24	0
10	24	0
11	24	0
12	24	0
13	24	0
14	24	0
15	24	0
16	24	0
17	24	0
18	24	0
19	24	0
20	24	61
21	24	0
22	24	0
23	24	0
0	25	0
1	25	0
2	25	0
3	25	0
4	25	0
5	25	0
6	25	0
7	25	0
8	25	0
9	25	0
10	25	0
11	25	0
12	25	0
13	25	0
14	25	0
15	25	0
16	25	0
17	25	0
18	25	0
19	25	0
20	25	0
21	25	0
22	25	0
23	25	0
0	26	7
1	26	7
2	26	0
3	26	14
4	26	7
5	26	0
6	26	27
7	26	27
8	26	21
9	26	14
10	26	0
11	26	7
12	26	7
13	26	0
14	26	14
15	26	0
16	26	21
17	26	34
18	26	14
19	26	7
20	26	21
21	26	7
22	26	21
23	26	0
0	27	0
1	27	0
2	27	0
3	27	19
4	27	0
5	27	0
6	27	0
7	27	0
8	27	0
9	27	19
10	27	0
11	27	10
12	27	0
13	27	0
14	27	10
15	27	10
16	27	0
17	27	0
18	27	37
19	27	19
20	27	0
21	27	0
22	27	19
23	27	0
0	28	0
1	28	0
2	28	0
3	28	0
4	28	0
5	28	0
6	28	0
7	28	0
8	28	0
9	28	0
10	28	0
11	28	0
12	28	0
13	28	0
14	28	0
15	28	0
16	28	0
17	28	0
18	28	0
19	28	0
20	28	0
21	28	0
22	28	0
23	28	0
0	29	0
1	29	0
2	29	0
3	29	0
4	29	0
5	29	30
6	29	0
7	29	30
8	29	30
9	29	78
10	29	98
11	29	78
12	29	132
13	29	0
14	29	116
15	29	0
16	29	30
17	29	0
18	29	0
19	29	0
20	29	0
21	29	55
22	29	30
23	29	0
0	30	0
1	30	8
2	30	0
3	30	0
4	30	0
5	30	0
6	30	0
7	30	0
8	30	8
9	30	8
10	30	0
11	30	15
12	30	0
13	30	0
14	30	29
15	30	0
16	30	0
17	30	8
18	30	15
19	30	22
20	30	0
21	30	8
22	30	0
23	30	8
0	31	0
1	31	0
2	31	0
3	31	0
4	31	38
5	31	0
6	31	0
7	31	0
8	31	0
9	31	38
10	31	38
11	31	0
12	31	0
13	31	0
14	31	0
15	31	0
16	31	0
17	31	38
18	31	0
19	31	0
20	31	70
21	31	0
22	31	0
23	31	0
0	32	47
1	32	0
2	32	0
3	32	32
4	32	0
5	32	0
6	32	17
7	32	0
8	32	47
9	32	0
10	32	0
11	32	0
12	32	73
13	32	17
14	32	0
15	32	0
16	32	47
17	32	17
18	32	0
19	32	0
20	32	17
21	32	0
22	32	17
23	32	0
0	33	0
1	33	0
2	33	0
3	33	0
4	33	0
5	33	0
6	33	0
7	33	0
8	33	68
9	33	0
10	33	0
11	33	25
12	33	25
13	33	0
14	33	0
15	33	0
16	33	86
17	33	0
18	33	0
19	33	68
20	33	25
21	33	0
22	33	0
23	33	0
0	34	0
1	34	0
2	34	0
3	34	0
4	34	0
5	34	0
6	34	0
7	34	0
8	34	0
9	34	0
10	34	0
11	34	72
12	34	0
13	34	72
14	34	72
15	34	0
16	34	0
17	34	0
18	34	0
19	34	0
20	34	0
21	34	0
22	34	0
23	34	0
0	35	3
1	35	2
2	35	2
3	35	2
4	35	3
5	35	9
6	35	14
7	35	7
8	35	5
9	35	9
10	35	11
11	35	9
12	35	9
13	35	6
14	35	7
15	35	10
16	35	12
17	35	6
18	35	6
19	35	5
20	35	7
21	35	7
22	35	10
23	35	10
0	36	3
1	36	3
2	36	2
3	36	3
4	36	4
5	36	9
6	36	10
7	36	12
8	36	12
9	36	14
10	36	14
11	36	11
12	36	13
13	36	14
14	36	12
15	36	13
16	36	12
17	36	11
18	36	13
19	36	14
20	36	15
21	36	13
22	36	8
23	36	5
0	37	0
1	37	0
2	37	0
3	37	0
4	37	0
5	37	16
6	37	0
7	37	8
8	37	0
9	37	16
10	37	24
11	37	24
12	37	51
13	37	8
14	37	8
15	37	51
16	37	16
17	37	0
18	37	16
19	37	0
20	37	8
21	37	0
22	37	0
23	37	0
0	38	0
1	38	0
2	38	0
3	38	0
4	38	0
5	38	0
6	38	0
7	38	0
8	38	0
9	38	0
10	38	0
11	38	0
12	38	0
13	38	0
14	38	0
15	38	0
16	38	0
17	38	0
18	38	253
19	38	0
20	38	0
21	38	0
22	38	0
23	38	0
0	39	0
1	39	0
2	39	0
3	39	0
4	39	0
5	39	0
6	39	0
7	39	0
8	39	0
9	39	0
10	39	0
11	39	0
12	39	0
13	39	0
14	39	0
15	39	0
16	39	0
17	39	0
18	39	119
19	39	0
20	39	0
21	39	0
22	39	0
23	39	0
0	40	0
1	40	0
2	40	0
3	40	0
4	40	0
5	40	0
6	40	0
7	40	42
8	40	0
9	40	0
10	40	0
11	40	0
12	40	0
13	40	0
14	40	0
15	40	0
16	40	0
17	40	22
18	40	22
19	40	22
20	40	0
21	40	0
22	40	0
23	40	0
0	41	0
1	41	0
2	41	0
3	41	0
4	41	0
5	41	0
6	41	0
7	41	0
8	41	54
9	41	0
10	41	0
11	41	0
12	41	12
13	41	34
14	41	0
15	41	12
16	41	0
17	41	0
18	41	0
19	41	23
20	41	34
21	41	0
22	41	0
23	41	0
0	42	0
1	42	0
2	42	0
3	42	16
4	42	0
5	42	0
6	42	16
7	42	0
8	42	16
9	42	0
10	42	16
11	42	44
12	42	16
13	42	30
14	42	0
15	42	0
16	42	0
17	42	0
18	42	16
19	42	0
20	42	0
21	42	0
22	42	0
23	42	0
0	43	0
1	43	0
2	43	82
3	43	82
4	43	0
5	43	0
6	43	0
7	43	0
8	43	0
9	43	0
10	43	0
11	43	0
12	43	0
13	43	0
14	43	0
15	43	0
16	43	0
17	43	0
18	43	0
19	43	0
20	43	0
21	43	0
22	43	0
23	43	0
0	44	0
1	44	0
2	44	0
3	44	0
4	44	0
5	44	0
6	44	0
7	44	0
8	44	0
9	44	45
10	44	0
11	44	0
12	44	0
13	44	0
14	44	0
15	44	0
16	44	0
17	44	0
18	44	0
19	44	0
20	44	0
21	44	0
22	44	45
23	44	0
0	45	0
1	45	0
2	45	0
3	45	0
4	45	0
5	45	0
6	45	0
7	45	0
8	45	0
9	45	0
10	45	0
11	45	0
12	45	0
13	45	0
14	45	0
15	45	0
16	45	0
17	45	0
18	45	0
19	45	0
20	45	0
21	45	0
22	45	0
23	45	0
0	46	4
1	46	3
2	46	3
3	46	3
4	46	5
5	46	11
6	46	14
7	46	14
8	46	13
9	46	13
10	46	13
11	46	13
12	46	12
13	46	11
14	46	11
15	46	12
16	46	12
17	46	11
18	46	12
19	46	12
20	46	12
21	46	12
22	46	10
23	46	7
0	47	0
1	47	0
2	47	0
3	47	0
4	47	0
5	47	14
6	47	0
7	47	26
8	47	0
9	47	26
10	47	38
11	47	14
12	47	59
13	47	0
14	47	0
15	47	14
16	47	0
17	47	0
18	47	14
19	47	38
20	47	38
21	47	26
22	47	14
23	47	14
0	48	0
1	48	0
2	48	0
3	48	0
4	48	0
5	48	0
6	48	0
7	48	0
8	48	0
9	48	88
10	48	49
11	48	88
12	48	0
13	48	0
14	48	0
15	48	0
16	48	0
17	48	0
18	48	0
19	48	0
20	48	0
21	48	0
22	48	0
23	48	0
0	49	1
1	49	1
2	49	1
3	49	1
4	49	2
5	49	4
6	49	4
7	49	4
8	49	3
9	49	4
10	49	3
11	49	4
12	49	4
13	49	4
14	49	4
15	49	4
16	49	4
17	49	3
18	49	5
19	49	4
20	49	5
21	49	4
22	49	3
23	49	2
0	50	0
1	50	0
2	50	0
3	50	0
4	50	0
5	50	0
6	50	0
7	50	40
8	50	0
9	50	40
10	50	0
11	50	0
12	50	40
13	50	0
14	50	0
15	50	40
16	50	0
17	50	103
18	50	147
19	50	0
20	50	103
21	50	0
22	50	0
23	50	0
0	51	14
1	51	0
2	51	0
3	51	0
4	51	0
5	51	0
6	51	0
7	51	14
8	51	14
9	51	0
10	51	0
11	51	0
12	51	14
13	51	14
14	51	0
15	51	14
16	51	14
17	51	0
18	51	0
19	51	0
20	51	0
21	51	0
22	51	0
23	51	0
0	52	0
1	52	0
2	52	72
3	52	0
4	52	0
5	52	0
6	52	0
7	52	0
8	52	0
9	52	0
10	52	0
11	52	0
12	52	0
13	52	0
14	52	0
15	52	0
16	52	0
17	52	0
18	52	0
19	52	0
20	52	0
21	52	0
22	52	0
23	52	0
0	53	0
1	53	0
2	53	0
3	53	0
4	53	0
5	53	0
6	53	0
7	53	0
8	53	0
9	53	0
10	53	0
11	53	0
12	53	0
13	53	0
14	53	0
15	53	0
16	53	0
17	53	0
18	53	0
19	53	0
20	53	0
21	53	0
22	53	0
23	53	0
