Counts for Nokia(10) in Ireland(21):
Hour	Location Index	Count
0	0	1
1	0	1
2	0	2
3	0	1
4	0	0
5	0	0
6	0	0
7	0	0
8	0	1
9	0	1
10	0	2
11	0	2
12	0	2
13	0	2
14	0	2
15	0	1
16	0	0
17	0	1
18	0	3
19	0	1
20	0	3
21	0	2
22	0	2
23	0	3
0	1	0
1	1	0
2	1	0
3	1	0
4	1	0
5	1	0
6	1	0
7	1	0
8	1	0
9	1	0
10	1	0
11	1	0
12	1	0
13	1	0
14	1	0
15	1	0
16	1	0
17	1	0
18	1	0
19	1	0
20	1	0
21	1	0
22	1	0
23	1	0
0	2	0
1	2	0
2	2	0
3	2	0
4	2	0
5	2	0
6	2	0
7	2	0
8	2	0
9	2	0
10	2	0
11	2	0
12	2	0
13	2	5
14	2	0
15	2	0
16	2	0
17	2	0
18	2	0
19	2	3
20	2	0
21	2	0
22	2	0
23	2	0
0	3	2
1	3	2
2	3	3
3	3	0
4	3	2
5	3	0
6	3	1
7	3	3
8	3	4
9	3	4
10	3	3
11	3	3
12	3	4
13	3	1
14	3	2
15	3	3
16	3	10
17	3	4
18	3	5
19	3	6
20	3	3
21	3	7
22	3	4
23	3	4
0	4	2
1	4	0
2	4	2
3	4	0
4	4	0
5	4	0
6	4	1
7	4	2
8	4	1
9	4	2
10	4	4
11	4	2
12	4	3
13	4	7
14	4	5
15	4	2
16	4	2
17	4	2
18	4	4
19	4	6
20	4	1
21	4	3
22	4	1
23	4	2
0	5	0
1	5	0
2	5	0
3	5	0
4	5	0
5	5	0
6	5	2
7	5	0
8	5	0
9	5	0
10	5	0
11	5	5
12	5	0
13	5	0
14	5	0
15	5	2
16	5	2
17	5	4
18	5	4
19	5	0
20	5	2
21	5	2
22	5	2
23	5	0
0	6	0
1	6	0
2	6	0
3	6	0
4	6	0
5	6	0
6	6	0
7	6	3
8	6	3
9	6	1
10	6	2
11	6	1
12	6	0
13	6	1
14	6	1
15	6	0
16	6	1
17	6	1
18	6	1
19	6	4
20	6	3
21	6	1
22	6	2
23	6	0
0	7	0
1	7	0
2	7	0
3	7	0
4	7	0
5	7	0
6	7	0
7	7	0
8	7	0
9	7	0
10	7	0
11	7	3
12	7	0
13	7	0
14	7	0
15	7	5
16	7	0
17	7	3
18	7	3
19	7	0
20	7	5
21	7	0
22	7	0
23	7	0
0	8	2
1	8	0
2	8	0
3	8	0
4	8	2
5	8	4
6	8	7
7	8	0
8	8	2
9	8	0
10	8	0
11	8	0
12	8	0
13	8	2
14	8	0
15	8	0
16	8	2
17	8	0
18	8	7
19	8	0
20	8	0
21	8	4
22	8	0
23	8	0
0	9	3
1	9	4
2	9	0
3	9	0
4	9	0
5	9	0
6	9	0
7	9	1
8	9	0
9	9	2
10	9	2
11	9	3
12	9	6
13	9	5
14	9	1
15	9	2
16	9	4
17	9	5
18	9	9
19	9	11
20	9	9
21	9	4
22	9	4
23	9	5
0	10	0
1	10	0
2	10	0
3	10	0
4	10	0
5	10	0
6	10	0
7	10	0
8	10	0
9	10	0
10	10	0
11	10	0
12	10	0
13	10	0
14	10	0
15	10	0
16	10	0
17	10	0
18	10	0
19	10	0
20	10	0
21	10	0
22	10	0
23	10	0
0	11	0
1	11	0
2	11	0
3	11	0
4	11	0
5	11	0
6	11	0
7	11	0
8	11	0
9	11	47
10	11	0
11	11	0
12	11	0
13	11	0
14	11	0
15	11	0
16	11	0
17	11	0
18	11	0
19	11	0
20	11	0
21	11	0
22	11	0
23	11	0
0	12	3
1	12	0
2	12	0
3	12	0
4	12	0
5	12	0
6	12	0
7	12	0
8	12	0
9	12	5
10	12	0
11	12	5
12	12	0
13	12	7
14	12	0
15	12	0
16	12	0
17	12	0
18	12	0
19	12	3
20	12	0
21	12	9
22	12	3
23	12	0
0	13	0
1	13	0
2	13	0
3	13	0
4	13	0
5	13	0
6	13	0
7	13	0
8	13	0
9	13	0
10	13	0
11	13	0
12	13	0
13	13	0
14	13	0
15	13	0
16	13	0
17	13	0
18	13	0
19	13	0
20	13	0
21	13	0
22	13	0
23	13	0
0	14	0
1	14	0
2	14	0
3	14	0
4	14	0
5	14	0
6	14	0
7	14	0
8	14	0
9	14	0
10	14	0
11	14	0
12	14	0
13	14	0
14	14	5
15	14	5
16	14	0
17	14	0
18	14	0
19	14	0
20	14	0
21	14	0
22	14	0
23	14	0
0	15	0
1	15	0
2	15	0
3	15	0
4	15	0
5	15	0
6	15	0
7	15	7
8	15	0
9	15	0
10	15	0
11	15	0
12	15	0
13	15	0
14	15	0
15	15	0
16	15	0
17	15	2
18	15	0
19	15	0
20	15	5
21	15	2
22	15	5
23	15	0
0	16	0
1	16	0
2	16	0
3	16	0
4	16	0
5	16	0
6	16	0
7	16	0
8	16	2
9	16	0
10	16	0
11	16	0
12	16	0
13	16	0
14	16	0
15	16	0
16	16	0
17	16	2
18	16	2
19	16	2
20	16	5
21	16	0
22	16	5
23	16	0
0	17	2
1	17	1
2	17	1
3	17	1
4	17	1
5	17	1
6	17	1
7	17	2
8	17	2
9	17	1
10	17	2
11	17	2
12	17	2
13	17	2
14	17	2
15	17	2
16	17	3
17	17	2
18	17	3
19	17	4
20	17	1
21	17	2
22	17	2
23	17	1
0	18	0
1	18	0
2	18	0
3	18	0
4	18	0
5	18	0
6	18	0
7	18	0
8	18	0
9	18	0
10	18	0
11	18	0
12	18	0
13	18	0
14	18	0
15	18	0
16	18	0
17	18	0
18	18	0
19	18	0
20	18	0
21	18	0
22	18	0
23	18	0
0	19	4
1	19	0
2	19	0
3	19	0
4	19	0
5	19	0
6	19	0
7	19	10
8	19	7
9	19	0
10	19	0
11	19	4
12	19	0
13	19	4
14	19	0
15	19	4
16	19	0
17	19	0
18	19	0
19	19	0
20	19	0
21	19	0
22	19	0
23	19	4
0	20	1
1	20	1
2	20	1
3	20	1
4	20	0
5	20	1
6	20	2
7	20	1
8	20	2
9	20	3
10	20	2
11	20	2
12	20	2
13	20	2
14	20	3
15	20	2
16	20	3
17	20	3
18	20	3
19	20	3
20	20	3
21	20	3
22	20	3
23	20	2
0	21	0
1	21	0
2	21	0
3	21	0
4	21	0
5	21	0
6	21	0
7	21	0
8	21	0
9	21	0
10	21	0
11	21	0
12	21	0
13	21	0
14	21	0
15	21	0
16	21	0
17	21	0
18	21	0
19	21	0
20	21	0
21	21	0
22	21	4
23	21	4
0	22	0
1	22	0
2	22	2
3	22	1
4	22	0
5	22	0
6	22	1
7	22	3
8	22	0
9	22	2
10	22	0
11	22	2
12	22	3
13	22	0
14	22	2
15	22	3
16	22	4
17	22	3
18	22	1
19	22	1
20	22	2
21	22	3
22	22	1
23	22	0
0	23	0
1	23	0
2	23	0
3	23	0
4	23	0
5	23	0
6	23	0
7	23	0
8	23	0
9	23	0
10	23	0
11	23	0
12	23	0
13	23	0
14	23	0
15	23	0
16	23	0
17	23	0
18	23	0
19	23	0
20	23	0
21	23	0
22	23	0
23	23	0
0	24	1
1	24	0
2	24	0
3	24	1
4	24	0
5	24	0
6	24	0
7	24	2
8	24	2
9	24	3
10	24	0
11	24	4
12	24	0
13	24	1
14	24	1
15	24	2
16	24	1
17	24	2
18	24	1
19	24	1
20	24	5
21	24	0
22	24	0
23	24	0
0	25	0
1	25	0
2	25	0
3	25	0
4	25	0
5	25	0
6	25	0
7	25	0
8	25	0
9	25	0
10	25	0
11	25	0
12	25	0
13	25	0
14	25	0
15	25	0
16	25	0
17	25	0
18	25	0
19	25	0
20	25	0
21	25	0
22	25	0
23	25	0
0	26	0
1	26	0
2	26	0
3	26	0
4	26	0
5	26	0
6	26	0
7	26	0
8	26	0
9	26	0
10	26	0
11	26	0
12	26	0
13	26	0
14	26	0
15	26	0
16	26	0
17	26	0
18	26	0
19	26	0
20	26	0
21	26	0
22	26	12
23	26	0
0	27	1
1	27	1
2	27	1
3	27	1
4	27	1
5	27	1
6	27	1
7	27	2
8	27	2
9	27	2
10	27	2
11	27	2
12	27	3
13	27	2
14	27	2
15	27	2
16	27	3
17	27	3
18	27	3
19	27	3
20	27	3
21	27	3
22	27	2
23	27	2
0	28	0
1	28	0
2	28	0
3	28	0
4	28	0
5	28	0
6	28	0
7	28	0
8	28	0
9	28	0
10	28	0
11	28	0
12	28	0
13	28	0
14	28	0
15	28	0
16	28	0
17	28	0
18	28	0
19	28	0
20	28	0
21	28	0
22	28	0
23	28	0
0	29	0
1	29	0
2	29	0
3	29	0
4	29	0
5	29	0
6	29	0
7	29	1
8	29	1
9	29	4
10	29	7
11	29	4
12	29	3
13	29	4
14	29	5
15	29	1
16	29	4
17	29	4
18	29	4
19	29	8
20	29	2
21	29	2
22	29	1
23	29	0
0	30	1
1	30	1
2	30	0
3	30	0
4	30	0
5	30	1
6	30	0
7	30	0
8	30	1
9	30	3
10	30	0
11	30	0
12	30	0
13	30	2
14	30	2
15	30	0
16	30	3
17	30	3
18	30	3
19	30	3
20	30	1
21	30	1
22	30	3
23	30	0
0	31	0
1	31	0
2	31	0
3	31	0
4	31	0
5	31	0
6	31	0
7	31	0
8	31	0
9	31	0
10	31	0
11	31	0
12	31	0
13	31	0
14	31	0
15	31	0
16	31	0
17	31	0
18	31	0
19	31	0
20	31	0
21	31	0
22	31	0
23	31	0
0	32	0
1	32	0
2	32	0
3	32	0
4	32	0
5	32	0
6	32	0
7	32	0
8	32	0
9	32	0
10	32	0
11	32	0
12	32	0
13	32	0
14	32	2
15	32	0
16	32	0
17	32	2
18	32	4
19	32	0
20	32	2
21	32	0
22	32	0
23	32	0
0	33	0
1	33	0
2	33	0
3	33	0
4	33	0
5	33	0
6	33	0
7	33	0
8	33	0
9	33	3
10	33	0
11	33	0
12	33	7
13	33	0
14	33	0
15	33	0
16	33	0
17	33	0
18	33	0
19	33	0
20	33	0
21	33	0
22	33	0
23	33	0
0	34	1
1	34	0
2	34	0
3	34	1
4	34	2
5	34	0
6	34	3
7	34	1
8	34	1
9	34	3
10	34	6
11	34	3
12	34	4
13	34	5
14	34	3
15	34	0
16	34	2
17	34	1
18	34	3
19	34	1
20	34	5
21	34	4
22	34	5
23	34	0
0	35	3
1	35	0
2	35	0
3	35	0
4	35	0
5	35	0
6	35	0
7	35	0
8	35	6
9	35	0
10	35	0
11	35	0
12	35	0
13	35	0
14	35	0
15	35	0
16	35	3
17	35	0
18	35	3
19	35	3
20	35	0
21	35	0
22	35	0
23	35	0
0	36	0
1	36	0
2	36	0
3	36	0
4	36	0
5	36	0
6	36	0
7	36	0
8	36	0
9	36	0
10	36	0
11	36	0
12	36	0
13	36	0
14	36	0
15	36	0
16	36	0
17	36	0
18	36	0
19	36	0
20	36	0
21	36	0
22	36	0
23	36	0
0	37	0
1	37	0
2	37	0
3	37	0
4	37	0
5	37	0
6	37	0
7	37	0
8	37	0
9	37	0
10	37	0
11	37	0
12	37	0
13	37	0
14	37	0
15	37	0
16	37	0
17	37	0
18	37	5
19	37	0
20	37	0
21	37	3
22	37	0
23	37	0
0	38	0
1	38	0
2	38	0
3	38	0
4	38	0
5	38	3
6	38	1
7	38	2
8	38	2
9	38	1
10	38	1
11	38	0
12	38	0
13	38	0
14	38	0
15	38	0
16	38	1
17	38	2
18	38	4
19	38	1
20	38	2
21	38	5
22	38	1
23	38	1
0	39	0
1	39	0
2	39	0
3	39	0
4	39	0
5	39	0
6	39	0
7	39	0
8	39	0
9	39	0
10	39	0
11	39	0
12	39	10
13	39	0
14	39	0
15	39	0
16	39	0
17	39	6
18	39	6
19	39	0
20	39	10
21	39	0
22	39	0
23	39	0
0	40	0
1	40	0
2	40	0
3	40	0
4	40	0
5	40	0
6	40	0
7	40	0
8	40	0
9	40	0
10	40	0
11	40	0
12	40	0
13	40	0
14	40	0
15	40	0
16	40	0
17	40	0
18	40	0
19	40	0
20	40	0
21	40	0
22	40	0
23	40	0
0	41	1
1	41	0
2	41	1
3	41	0
4	41	1
5	41	1
6	41	1
7	41	2
8	41	1
9	41	3
10	41	2
11	41	2
12	41	3
13	41	2
14	41	2
15	41	1
16	41	3
17	41	2
18	41	4
19	41	4
20	41	2
21	41	3
22	41	2
23	41	2
0	42	0
1	42	1
2	42	0
3	42	0
4	42	0
5	42	0
6	42	0
7	42	1
8	42	1
9	42	2
10	42	1
11	42	1
12	42	1
13	42	1
14	42	2
15	42	1
16	42	0
17	42	0
18	42	4
19	42	1
20	42	1
21	42	1
22	42	1
23	42	1
0	43	0
1	43	12
2	43	0
3	43	0
4	43	0
5	43	0
6	43	0
7	43	0
8	43	0
9	43	0
10	43	0
11	43	0
12	43	0
13	43	0
14	43	0
15	43	0
16	43	0
17	43	6
18	43	0
19	43	0
20	43	0
21	43	0
22	43	0
23	43	6
0	44	0
1	44	1
2	44	1
3	44	0
4	44	0
5	44	0
6	44	1
7	44	1
8	44	1
9	44	1
10	44	1
11	44	2
12	44	1
13	44	1
14	44	1
15	44	2
16	44	1
17	44	2
18	44	3
19	44	2
20	44	2
21	44	3
22	44	1
23	44	2
0	45	0
1	45	0
2	45	0
3	45	0
4	45	0
5	45	0
6	45	0
7	45	0
8	45	0
9	45	0
10	45	0
11	45	14
12	45	0
13	45	0
14	45	0
15	45	0
16	45	0
17	45	0
18	45	0
19	45	14
20	45	0
21	45	0
22	45	14
23	45	0
0	46	1
1	46	0
2	46	1
3	46	1
4	46	0
5	46	0
6	46	0
7	46	1
8	46	1
9	46	1
10	46	1
11	46	1
12	46	1
13	46	1
14	46	1
15	46	2
16	46	1
17	46	2
18	46	2
19	46	2
20	46	2
21	46	2
22	46	1
23	46	1
0	47	0
1	47	0
2	47	0
3	47	0
4	47	0
5	47	0
6	47	0
7	47	0
8	47	0
9	47	0
10	47	0
11	47	0
12	47	4
13	47	0
14	47	0
15	47	0
16	47	0
17	47	4
18	47	0
19	47	0
20	47	0
21	47	0
22	47	0
23	47	11
0	48	0
1	48	0
2	48	0
3	48	0
4	48	0
5	48	0
6	48	0
7	48	4
8	48	16
9	48	0
10	48	0
11	48	0
12	48	0
13	48	0
14	48	0
15	48	0
16	48	0
17	48	0
18	48	0
19	48	0
20	48	0
21	48	4
22	48	0
23	48	0
0	49	0
1	49	0
2	49	0
3	49	0
4	49	0
5	49	0
6	49	0
7	49	0
8	49	0
9	49	6
10	49	6
11	49	0
12	49	0
13	49	0
14	49	0
15	49	0
16	49	0
17	49	0
18	49	0
19	49	0
20	49	6
21	49	0
22	49	6
23	49	0
0	50	3
1	50	0
2	50	0
3	50	0
4	50	0
5	50	0
6	50	0
7	50	5
8	50	3
9	50	5
10	50	0
11	50	7
12	50	3
13	50	7
14	50	0
15	50	0
16	50	0
17	50	0
18	50	3
19	50	3
20	50	3
21	50	0
22	50	3
23	50	0
0	51	15
1	51	0
2	51	0
3	51	0
4	51	0
5	51	0
6	51	0
7	51	0
8	51	0
9	51	0
10	51	0
11	51	8
12	51	8
13	51	0
14	51	0
15	51	0
16	51	15
17	51	0
18	51	15
19	51	15
20	51	0
21	51	15
22	51	0
23	51	8
0	52	0
1	52	0
2	52	0
3	52	0
4	52	0
5	52	0
6	52	2
7	52	0
8	52	0
9	52	0
10	52	0
11	52	0
12	52	0
13	52	0
14	52	0
15	52	0
16	52	0
17	52	1
18	52	2
19	52	1
20	52	0
21	52	1
22	52	1
23	52	0
0	53	0
1	53	0
2	53	0
3	53	0
4	53	0
5	53	0
6	53	0
7	53	0
8	53	0
9	53	0
10	53	4
11	53	0
12	53	0
13	53	4
14	53	0
15	53	0
16	53	0
17	53	0
18	53	11
19	53	0
20	53	0
21	53	0
22	53	8
23	53	0
0	54	1
1	54	0
2	54	0
3	54	0
4	54	0
5	54	0
6	54	2
7	54	4
8	54	0
9	54	0
10	54	3
11	54	1
12	54	2
13	54	0
14	54	2
15	54	1
16	54	0
17	54	0
18	54	1
19	54	1
20	54	1
21	54	2
22	54	1
23	54	0
0	55	0
1	55	0
2	55	0
3	55	0
4	55	0
5	55	0
6	55	0
7	55	0
8	55	0
9	55	0
10	55	0
11	55	0
12	55	0
13	55	0
14	55	0
15	55	0
16	55	2
17	55	0
18	55	0
19	55	0
20	55	0
21	55	0
22	55	2
23	55	0
0	56	3
1	56	0
2	56	0
3	56	0
4	56	0
5	56	0
6	56	2
7	56	0
8	56	1
9	56	4
10	56	2
11	56	4
12	56	1
13	56	1
14	56	2
15	56	3
16	56	1
17	56	0
18	56	1
19	56	7
20	56	2
21	56	3
22	56	4
23	56	2
0	57	0
1	57	0
2	57	0
3	57	0
4	57	0
5	57	0
6	57	0
7	57	0
8	57	0
9	57	0
10	57	0
11	57	0
12	57	0
13	57	0
14	57	0
15	57	0
16	57	0
17	57	0
18	57	0
19	57	11
20	57	0
21	57	0
22	57	0
23	57	0
0	58	0
1	58	3
2	58	0
3	58	0
4	58	0
5	58	0
6	58	0
7	58	0
8	58	0
9	58	0
10	58	2
11	58	6
12	58	0
13	58	0
14	58	5
15	58	3
16	58	0
17	58	0
18	58	0
19	58	2
20	58	3
21	58	4
22	58	0
23	58	3
0	59	0
1	59	0
2	59	0
3	59	0
4	59	0
5	59	0
6	59	0
7	59	0
8	59	0
9	59	0
10	59	0
11	59	0
12	59	0
13	59	0
14	59	2
15	59	0
16	59	0
17	59	0
18	59	0
19	59	2
20	59	0
21	59	0
22	59	0
23	59	2
0	60	0
1	60	0
2	60	0
3	60	0
4	60	0
5	60	0
6	60	0
7	60	0
8	60	0
9	60	0
10	60	0
11	60	0
12	60	0
13	60	0
14	60	0
15	60	0
16	60	0
17	60	0
18	60	0
19	60	0
20	60	0
21	60	0
22	60	0
23	60	0
0	61	2
1	61	1
2	61	0
3	61	0
4	61	0
5	61	0
6	61	1
7	61	3
8	61	2
9	61	3
10	61	3
11	61	2
12	61	2
13	61	3
14	61	5
15	61	8
16	61	8
17	61	4
18	61	4
19	61	3
20	61	3
21	61	1
22	61	1
23	61	4
0	62	0
1	62	0
2	62	0
3	62	0
4	62	0
5	62	0
6	62	0
7	62	0
8	62	0
9	62	0
10	62	0
11	62	3
12	62	0
13	62	3
14	62	11
15	62	3
16	62	0
17	62	3
18	62	5
19	62	5
20	62	7
21	62	7
22	62	0
23	62	0
0	63	8
1	63	0
2	63	0
3	63	0
4	63	0
5	63	0
6	63	0
7	63	0
8	63	8
9	63	15
10	63	15
11	63	8
12	63	15
13	63	8
14	63	22
15	63	8
16	63	15
17	63	22
18	63	15
19	63	8
20	63	29
21	63	22
22	63	15
23	63	15
0	64	0
1	64	0
2	64	0
3	64	0
4	64	0
5	64	0
6	64	0
7	64	0
8	64	0
9	64	0
10	64	3
11	64	0
12	64	3
13	64	0
14	64	0
15	64	0
16	64	0
17	64	0
18	64	0
19	64	0
20	64	0
21	64	3
22	64	13
23	64	3
0	65	0
1	65	0
2	65	0
3	65	0
4	65	0
5	65	0
6	65	0
7	65	3
8	65	3
9	65	2
10	65	3
11	65	4
12	65	3
13	65	5
14	65	3
15	65	0
16	65	3
17	65	5
18	65	0
19	65	0
20	65	0
21	65	5
22	65	2
23	65	0
0	66	0
1	66	0
2	66	0
3	66	0
4	66	0
5	66	0
6	66	0
7	66	0
8	66	0
9	66	0
10	66	0
11	66	0
12	66	0
13	66	0
14	66	0
15	66	0
16	66	0
17	66	0
18	66	0
19	66	0
20	66	15
21	66	0
22	66	0
23	66	0
0	67	0
1	67	0
2	67	0
3	67	0
4	67	0
5	67	0
6	67	0
7	67	0
8	67	0
9	67	0
10	67	0
11	67	0
12	67	0
13	67	0
14	67	0
15	67	0
16	67	0
17	67	0
18	67	0
19	67	6
20	67	0
21	67	0
22	67	0
23	67	0
0	68	0
1	68	0
2	68	0
3	68	0
4	68	0
5	68	2
6	68	2
7	68	0
8	68	0
9	68	0
10	68	2
11	68	0
12	68	4
13	68	0
14	68	0
15	68	0
16	68	0
17	68	2
18	68	2
19	68	0
20	68	2
21	68	0
22	68	2
23	68	2
0	69	2
1	69	0
2	69	0
3	69	0
4	69	0
5	69	0
6	69	0
7	69	0
8	69	0
9	69	0
10	69	0
11	69	0
12	69	2
13	69	2
14	69	0
15	69	0
16	69	2
17	69	0
18	69	2
19	69	0
20	69	3
21	69	2
22	69	2
23	69	2
0	70	1
1	70	1
2	70	1
3	70	1
4	70	0
5	70	1
6	70	1
7	70	0
8	70	1
9	70	1
10	70	2
11	70	1
12	70	0
13	70	1
14	70	1
15	70	2
16	70	2
17	70	1
18	70	2
19	70	0
20	70	1
21	70	1
22	70	2
23	70	2
0	71	0
1	71	0
2	71	0
3	71	0
4	71	0
5	71	0
6	71	0
7	71	0
8	71	0
9	71	0
10	71	0
11	71	2
12	71	0
13	71	0
14	71	0
15	71	4
16	71	0
17	71	0
18	71	0
19	71	4
20	71	2
21	71	4
22	71	0
23	71	0
0	72	0
1	72	0
2	72	0
3	72	0
4	72	0
5	72	0
6	72	0
7	72	3
8	72	0
9	72	0
10	72	0
11	72	0
12	72	0
13	72	0
14	72	0
15	72	0
16	72	3
17	72	0
18	72	3
19	72	0
20	72	0
21	72	0
22	72	0
23	72	0
0	73	0
1	73	0
2	73	0
3	73	0
4	73	0
5	73	0
6	73	0
7	73	0
8	73	0
9	73	0
10	73	0
11	73	0
12	73	0
13	73	0
14	73	0
15	73	0
16	73	0
17	73	3
18	73	0
19	73	3
20	73	3
21	73	0
22	73	0
23	73	0
0	74	0
1	74	23
2	74	0
3	74	0
4	74	0
5	74	0
6	74	0
7	74	0
8	74	0
9	74	0
10	74	0
11	74	0
12	74	0
13	74	0
14	74	0
15	74	0
16	74	0
17	74	23
18	74	0
19	74	0
20	74	0
21	74	0
22	74	0
23	74	0
0	75	2
1	75	0
2	75	0
3	75	3
4	75	0
5	75	2
6	75	2
7	75	0
8	75	0
9	75	0
10	75	2
11	75	2
12	75	0
13	75	0
14	75	0
15	75	0
16	75	3
17	75	0
18	75	0
19	75	3
20	75	0
21	75	0
22	75	5
23	75	2
0	76	0
1	76	0
2	76	0
3	76	0
4	76	0
5	76	0
6	76	6
7	76	0
8	76	0
9	76	0
10	76	0
11	76	0
12	76	0
13	76	6
14	76	0
15	76	6
16	76	0
17	76	0
18	76	3
19	76	9
20	76	3
21	76	0
22	76	0
23	76	0
0	77	0
1	77	0
2	77	0
3	77	0
4	77	0
5	77	1
6	77	0
7	77	1
8	77	1
9	77	1
10	77	2
11	77	1
12	77	2
13	77	0
14	77	1
15	77	3
16	77	0
17	77	2
18	77	2
19	77	0
20	77	1
21	77	0
22	77	1
23	77	2
0	78	20
1	78	11
2	78	11
3	78	0
4	78	0
5	78	0
6	78	0
7	78	0
8	78	0
9	78	0
10	78	29
11	78	20
12	78	11
13	78	11
14	78	20
15	78	29
16	78	29
17	78	0
18	78	0
19	78	11
20	78	11
21	78	0
22	78	29
23	78	20
0	79	0
1	79	0
2	79	0
3	79	0
4	79	0
5	79	0
6	79	1
7	79	4
8	79	0
9	79	1
10	79	0
11	79	0
12	79	2
13	79	6
14	79	1
15	79	1
16	79	1
17	79	2
18	79	1
19	79	2
20	79	0
21	79	1
22	79	0
23	79	1
0	80	0
1	80	0
2	80	0
3	80	0
4	80	0
5	80	0
6	80	0
7	80	0
8	80	0
9	80	0
10	80	0
11	80	0
12	80	0
13	80	0
14	80	0
15	80	0
16	80	0
17	80	0
18	80	0
19	80	0
20	80	0
21	80	0
22	80	0
23	80	0
0	81	0
1	81	0
2	81	0
3	81	0
4	81	0
5	81	0
6	81	0
7	81	0
8	81	0
9	81	0
10	81	0
11	81	0
12	81	0
13	81	0
14	81	0
15	81	0
16	81	0
17	81	0
18	81	0
19	81	0
20	81	0
21	81	0
22	81	0
23	81	0
0	82	0
1	82	0
2	82	0
3	82	0
4	82	0
5	82	0
6	82	0
7	82	0
8	82	0
9	82	1
10	82	4
11	82	1
12	82	4
13	82	0
14	82	0
15	82	1
16	82	1
17	82	2
18	82	2
19	82	5
20	82	0
21	82	0
22	82	3
23	82	0
0	83	0
1	83	0
2	83	0
3	83	0
4	83	0
5	83	3
6	83	0
7	83	0
8	83	0
9	83	0
10	83	0
11	83	6
12	83	0
13	83	6
14	83	3
15	83	9
16	83	3
17	83	3
18	83	0
19	83	9
20	83	0
21	83	0
22	83	3
23	83	0
0	84	0
1	84	0
2	84	0
3	84	0
4	84	0
5	84	0
6	84	0
7	84	0
8	84	0
9	84	0
10	84	9
11	84	26
12	84	0
13	84	0
14	84	0
15	84	0
16	84	9
17	84	0
18	84	0
19	84	0
20	84	0
21	84	0
22	84	0
23	84	0
0	85	3
1	85	0
2	85	0
3	85	0
4	85	0
5	85	0
6	85	7
7	85	0
8	85	5
9	85	0
10	85	0
11	85	5
12	85	5
13	85	0
14	85	0
15	85	0
16	85	0
17	85	0
18	85	7
19	85	3
20	85	0
21	85	7
22	85	0
23	85	3
0	86	1
1	86	1
2	86	1
3	86	0
4	86	0
5	86	1
6	86	1
7	86	1
8	86	2
9	86	2
10	86	3
11	86	2
12	86	3
13	86	2
14	86	3
15	86	2
16	86	3
17	86	3
18	86	2
19	86	4
20	86	4
21	86	4
22	86	3
23	86	3
0	87	3
1	87	0
2	87	0
3	87	0
4	87	0
5	87	0
6	87	0
7	87	0
8	87	0
9	87	3
10	87	0
11	87	0
12	87	0
13	87	0
14	87	2
15	87	0
16	87	0
17	87	1
18	87	4
19	87	3
20	87	1
21	87	5
22	87	3
23	87	0
0	88	0
1	88	0
2	88	0
3	88	0
4	88	0
5	88	0
6	88	0
7	88	0
8	88	0
9	88	0
10	88	0
11	88	0
12	88	0
13	88	0
14	88	0
15	88	0
16	88	0
17	88	0
18	88	0
19	88	0
20	88	0
21	88	0
22	88	0
23	88	0
0	89	0
1	89	0
2	89	0
3	89	0
4	89	0
5	89	0
6	89	0
7	89	0
8	89	0
9	89	0
10	89	0
11	89	0
12	89	0
13	89	0
14	89	0
15	89	4
16	89	0
17	89	0
18	89	0
19	89	0
20	89	0
21	89	4
22	89	0
23	89	0
0	90	1
1	90	1
2	90	1
3	90	1
4	90	0
5	90	1
6	90	1
7	90	1
8	90	2
9	90	2
10	90	2
11	90	1
12	90	2
13	90	2
14	90	2
15	90	2
16	90	2
17	90	2
18	90	3
19	90	2
20	90	3
21	90	2
22	90	2
23	90	2
0	91	4
1	91	0
2	91	0
3	91	0
4	91	0
5	91	0
6	91	0
7	91	0
8	91	0
9	91	4
10	91	0
11	91	7
12	91	0
13	91	0
14	91	0
15	91	0
16	91	4
17	91	4
18	91	0
19	91	4
20	91	0
21	91	0
22	91	0
23	91	0
0	92	0
1	92	0
2	92	0
3	92	0
4	92	0
5	92	0
6	92	0
7	92	0
8	92	0
9	92	2
10	92	0
11	92	3
12	92	3
13	92	3
14	92	0
15	92	2
16	92	5
17	92	0
18	92	0
19	92	0
20	92	0
21	92	3
22	92	4
23	92	3
0	93	0
1	93	0
2	93	0
3	93	0
4	93	0
5	93	0
6	93	0
7	93	11
8	93	0
9	93	0
10	93	0
11	93	0
12	93	0
13	93	0
14	93	0
15	93	0
16	93	0
17	93	0
18	93	0
19	93	0
20	93	0
21	93	0
22	93	0
23	93	0
0	94	0
1	94	0
2	94	0
3	94	0
4	94	0
5	94	0
6	94	3
7	94	2
8	94	1
9	94	2
10	94	0
11	94	1
12	94	2
13	94	0
14	94	0
15	94	1
16	94	0
17	94	1
18	94	2
19	94	3
20	94	2
21	94	5
22	94	2
23	94	0
0	95	0
1	95	0
2	95	0
3	95	0
4	95	0
5	95	0
6	95	0
7	95	0
8	95	0
9	95	0
10	95	0
11	95	0
12	95	0
13	95	0
14	95	0
15	95	0
16	95	0
17	95	0
18	95	0
19	95	0
20	95	0
21	95	0
22	95	0
23	95	0
0	96	0
1	96	0
2	96	0
3	96	0
4	96	0
5	96	0
6	96	0
7	96	0
8	96	0
9	96	0
10	96	0
11	96	0
12	96	0
13	96	0
14	96	0
15	96	0
16	96	0
17	96	0
18	96	0
19	96	0
20	96	0
21	96	0
22	96	0
23	96	0
0	97	2
1	97	1
2	97	1
3	97	0
4	97	0
5	97	1
6	97	1
7	97	1
8	97	1
9	97	3
10	97	2
11	97	3
12	97	2
13	97	2
14	97	3
15	97	3
16	97	2
17	97	3
18	97	4
19	97	2
20	97	3
21	97	3
22	97	3
23	97	2
0	98	0
1	98	0
2	98	0
3	98	0
4	98	0
5	98	0
6	98	0
7	98	0
8	98	0
9	98	0
10	98	0
11	98	2
12	98	0
13	98	0
14	98	0
15	98	0
16	98	0
17	98	0
18	98	4
19	98	2
20	98	2
21	98	2
22	98	0
23	98	0
0	99	0
1	99	0
2	99	0
3	99	0
4	99	0
5	99	0
6	99	0
7	99	0
8	99	0
9	99	0
10	99	0
11	99	0
12	99	0
13	99	0
14	99	0
15	99	0
16	99	0
17	99	0
18	99	0
19	99	0
20	99	0
21	99	0
22	99	0
23	99	0
0	100	0
1	100	0
2	100	0
3	100	0
4	100	0
5	100	0
6	100	0
7	100	0
8	100	0
9	100	2
10	100	2
11	100	4
12	100	2
13	100	0
14	100	2
15	100	3
16	100	2
17	100	2
18	100	1
19	100	1
20	100	1
21	100	2
22	100	2
23	100	0
0	101	6
1	101	6
2	101	0
3	101	0
4	101	0
5	101	0
6	101	0
7	101	0
8	101	0
9	101	0
10	101	0
11	101	0
12	101	0
13	101	0
14	101	0
15	101	0
16	101	0
17	101	0
18	101	0
19	101	0
20	101	0
21	101	0
22	101	6
23	101	0
0	102	0
1	102	0
2	102	0
3	102	0
4	102	0
5	102	0
6	102	0
7	102	0
8	102	0
9	102	0
10	102	0
11	102	0
12	102	0
13	102	0
14	102	4
15	102	0
16	102	0
17	102	0
18	102	0
19	102	0
20	102	0
21	102	0
22	102	0
23	102	0
0	103	0
1	103	0
2	103	0
3	103	0
4	103	0
5	103	0
6	103	0
7	103	0
8	103	0
9	103	0
10	103	0
11	103	0
12	103	0
13	103	26
14	103	0
15	103	0
16	103	0
17	103	0
18	103	0
19	103	0
20	103	0
21	103	0
22	103	0
23	103	0
0	104	2
1	104	2
2	104	1
3	104	1
4	104	1
5	104	1
6	104	1
7	104	2
8	104	3
9	104	2
10	104	3
11	104	2
12	104	2
13	104	3
14	104	2
15	104	3
16	104	2
17	104	2
18	104	3
19	104	3
20	104	4
21	104	2
22	104	2
23	104	2
0	105	4
1	105	0
2	105	0
3	105	0
4	105	0
5	105	2
6	105	0
7	105	2
8	105	4
9	105	0
10	105	0
11	105	0
12	105	0
13	105	0
14	105	2
15	105	0
16	105	2
17	105	4
18	105	8
19	105	2
20	105	0
21	105	0
22	105	4
23	105	4
0	106	0
1	106	0
2	106	0
3	106	0
4	106	0
5	106	0
6	106	0
7	106	0
8	106	0
9	106	0
10	106	0
11	106	0
12	106	0
13	106	0
14	106	0
15	106	0
16	106	0
17	106	0
18	106	7
19	106	0
20	106	0
21	106	7
22	106	0
23	106	0
0	107	0
1	107	0
2	107	4
3	107	0
4	107	0
5	107	0
6	107	0
7	107	0
8	107	0
9	107	0
10	107	0
11	107	4
12	107	0
13	107	2
14	107	0
15	107	0
16	107	0
17	107	2
18	107	0
19	107	4
20	107	4
21	107	2
22	107	4
23	107	4
0	108	0
1	108	0
2	108	0
3	108	0
4	108	0
5	108	0
6	108	0
7	108	0
8	108	0
9	108	0
10	108	15
11	108	0
12	108	29
13	108	0
14	108	0
15	108	0
16	108	0
17	108	0
18	108	22
19	108	0
20	108	0
21	108	0
22	108	22
23	108	0
0	109	0
1	109	0
2	109	0
3	109	0
4	109	0
5	109	2
6	109	0
7	109	0
8	109	5
9	109	0
10	109	0
11	109	2
12	109	2
13	109	0
14	109	2
15	109	1
16	109	1
17	109	0
18	109	1
19	109	3
20	109	3
21	109	3
22	109	3
23	109	2
0	110	0
1	110	0
2	110	0
3	110	0
4	110	0
5	110	0
6	110	0
7	110	0
8	110	0
9	110	0
10	110	0
11	110	0
12	110	0
13	110	0
14	110	0
15	110	0
16	110	0
17	110	0
18	110	0
19	110	0
20	110	17
21	110	0
22	110	0
23	110	0
0	111	0
1	111	0
2	111	0
3	111	0
4	111	0
5	111	0
6	111	0
7	111	0
8	111	0
9	111	0
10	111	0
11	111	0
12	111	0
13	111	0
14	111	3
15	111	0
16	111	0
17	111	0
18	111	0
19	111	0
20	111	0
21	111	0
22	111	0
23	111	0
0	112	8
1	112	6
2	112	0
3	112	5
4	112	0
5	112	0
6	112	0
7	112	0
8	112	3
9	112	0
10	112	0
11	112	0
12	112	6
13	112	9
14	112	5
15	112	3
16	112	6
17	112	3
18	112	3
19	112	0
20	112	9
21	112	0
22	112	5
23	112	0
0	113	0
1	113	0
2	113	0
3	113	0
4	113	0
5	113	0
6	113	0
7	113	0
8	113	0
9	113	0
10	113	0
11	113	0
12	113	0
13	113	0
14	113	0
15	113	0
16	113	0
17	113	0
18	113	0
19	113	4
20	113	0
21	113	0
22	113	0
23	113	0
0	114	1
1	114	0
2	114	0
3	114	0
4	114	0
5	114	0
6	114	0
7	114	0
8	114	1
9	114	3
10	114	3
11	114	1
12	114	1
13	114	0
14	114	0
15	114	0
16	114	2
17	114	2
18	114	4
19	114	1
20	114	0
21	114	2
22	114	1
23	114	0
0	115	0
1	115	0
2	115	0
3	115	0
4	115	0
5	115	0
6	115	0
7	115	0
8	115	0
9	115	8
10	115	0
11	115	0
12	115	0
13	115	0
14	115	0
15	115	0
16	115	0
17	115	0
18	115	0
19	115	0
20	115	0
21	115	0
22	115	0
23	115	0
0	116	0
1	116	0
2	116	0
3	116	0
4	116	0
5	116	0
6	116	0
7	116	0
8	116	0
9	116	0
10	116	0
11	116	0
12	116	0
13	116	0
14	116	0
15	116	0
16	116	0
17	116	0
18	116	0
19	116	0
20	116	0
21	116	0
22	116	0
23	116	0
0	117	0
1	117	0
2	117	0
3	117	0
4	117	0
5	117	4
6	117	0
7	117	0
8	117	0
9	117	0
10	117	0
11	117	0
12	117	0
13	117	0
14	117	0
15	117	0
16	117	0
17	117	0
18	117	0
19	117	0
20	117	0
21	117	0
22	117	4
23	117	0
0	118	2
1	118	2
2	118	0
3	118	0
4	118	1
5	118	0
6	118	0
7	118	2
8	118	3
9	118	1
10	118	2
11	118	4
12	118	2
13	118	2
14	118	2
15	118	3
16	118	4
17	118	2
18	118	4
19	118	4
20	118	6
21	118	8
22	118	5
23	118	4
0	119	0
1	119	0
2	119	0
3	119	0
4	119	0
5	119	0
6	119	0
7	119	0
8	119	0
9	119	0
10	119	0
11	119	0
12	119	0
13	119	0
14	119	0
15	119	0
16	119	0
17	119	0
18	119	0
19	119	0
20	119	0
21	119	0
22	119	0
23	119	0
0	120	0
1	120	0
2	120	0
3	120	0
4	120	0
5	120	0
6	120	0
7	120	0
8	120	0
9	120	0
10	120	0
11	120	2
12	120	0
13	120	1
14	120	1
15	120	1
16	120	1
17	120	3
18	120	2
19	120	2
20	120	3
21	120	1
22	120	2
23	120	0
0	121	0
1	121	0
2	121	0
3	121	0
4	121	0
5	121	0
6	121	0
7	121	0
8	121	5
9	121	3
10	121	9
11	121	0
12	121	0
13	121	3
14	121	3
15	121	5
16	121	9
17	121	0
18	121	0
19	121	0
20	121	3
21	121	3
22	121	0
23	121	0
0	122	0
1	122	0
2	122	0
3	122	0
4	122	0
5	122	0
6	122	0
7	122	0
8	122	0
9	122	0
10	122	0
11	122	0
12	122	0
13	122	0
14	122	8
15	122	0
16	122	0
17	122	0
18	122	0
19	122	0
20	122	0
21	122	0
22	122	8
23	122	0
0	123	0
1	123	0
2	123	0
3	123	0
4	123	0
5	123	0
6	123	2
7	123	0
8	123	2
9	123	2
10	123	2
11	123	5
12	123	0
13	123	0
14	123	0
15	123	0
16	123	0
17	123	2
18	123	0
19	123	7
20	123	2
21	123	0
22	123	10
23	123	0
0	124	0
1	124	0
2	124	0
3	124	0
4	124	0
5	124	0
6	124	0
7	124	0
8	124	0
9	124	0
10	124	0
11	124	0
12	124	0
13	124	0
14	124	83
15	124	0
16	124	24
17	124	0
18	124	0
19	124	0
20	124	24
21	124	0
22	124	0
23	124	0
0	125	2
1	125	1
2	125	1
3	125	1
4	125	1
5	125	1
6	125	2
7	125	2
8	125	2
9	125	3
10	125	4
11	125	2
12	125	3
13	125	3
14	125	3
15	125	3
16	125	5
17	125	4
18	125	3
19	125	3
20	125	2
21	125	2
22	125	3
23	125	2
0	126	0
1	126	0
2	126	0
3	126	0
4	126	3
5	126	0
6	126	0
7	126	0
8	126	0
9	126	0
10	126	0
11	126	0
12	126	0
13	126	0
14	126	0
15	126	5
16	126	0
17	126	0
18	126	7
19	126	11
20	126	0
21	126	0
22	126	7
23	126	0
0	127	1
1	127	0
2	127	0
3	127	2
4	127	0
5	127	1
6	127	1
7	127	1
8	127	3
9	127	2
10	127	0
11	127	2
12	127	2
13	127	1
14	127	3
15	127	6
16	127	1
17	127	0
18	127	1
19	127	1
20	127	4
21	127	3
22	127	1
23	127	1
0	128	2
1	128	1
2	128	1
3	128	1
4	128	1
5	128	0
6	128	1
7	128	2
8	128	2
9	128	2
10	128	2
11	128	2
12	128	4
13	128	4
14	128	4
15	128	3
16	128	4
17	128	5
18	128	4
19	128	4
20	128	4
21	128	3
22	128	3
23	128	2
0	129	0
1	129	0
2	129	0
3	129	0
4	129	0
5	129	9
6	129	0
7	129	0
8	129	6
9	129	0
10	129	0
11	129	0
12	129	3
13	129	3
14	129	0
15	129	0
16	129	0
17	129	3
18	129	9
19	129	3
20	129	3
21	129	0
22	129	3
23	129	15
0	130	0
1	130	0
2	130	0
3	130	0
4	130	0
5	130	0
6	130	0
7	130	0
8	130	0
9	130	0
10	130	0
11	130	0
12	130	0
13	130	0
14	130	0
15	130	0
16	130	0
17	130	0
18	130	0
19	130	0
20	130	12
21	130	0
22	130	0
23	130	0
0	131	0
1	131	0
2	131	0
3	131	0
4	131	0
5	131	0
6	131	0
7	131	0
8	131	0
9	131	0
10	131	0
11	131	0
12	131	0
13	131	0
14	131	0
15	131	0
16	131	0
17	131	0
18	131	0
19	131	0
20	131	0
21	131	0
22	131	0
23	131	0
0	132	0
1	132	1
2	132	1
3	132	0
4	132	0
5	132	0
6	132	1
7	132	2
8	132	3
9	132	1
10	132	2
11	132	2
12	132	1
13	132	1
14	132	1
15	132	2
16	132	6
17	132	2
18	132	6
19	132	5
20	132	2
21	132	2
22	132	2
23	132	3
0	133	2
1	133	0
2	133	0
3	133	0
4	133	0
5	133	0
6	133	0
7	133	2
8	133	1
9	133	0
10	133	1
11	133	2
12	133	5
13	133	1
14	133	2
15	133	6
16	133	3
17	133	4
18	133	1
19	133	4
20	133	5
21	133	5
22	133	4
23	133	2
0	134	0
1	134	0
2	134	0
3	134	0
4	134	0
5	134	0
6	134	0
7	134	0
8	134	0
9	134	0
10	134	0
11	134	0
12	134	0
13	134	9
14	134	5
15	134	0
16	134	0
17	134	0
18	134	0
19	134	0
20	134	5
21	134	5
22	134	5
23	134	0
0	135	0
1	135	0
2	135	0
3	135	0
4	135	0
5	135	0
6	135	0
7	135	0
8	135	0
9	135	0
10	135	0
11	135	0
12	135	0
13	135	0
14	135	0
15	135	0
16	135	0
17	135	0
18	135	0
19	135	0
20	135	0
21	135	0
22	135	0
23	135	0
0	136	4
1	136	0
2	136	0
3	136	0
4	136	0
5	136	0
6	136	4
7	136	4
8	136	0
9	136	7
10	136	0
11	136	0
12	136	0
13	136	0
14	136	4
15	136	0
16	136	4
17	136	0
18	136	4
19	136	0
20	136	4
21	136	0
22	136	4
23	136	0
0	137	0
1	137	0
2	137	0
3	137	0
4	137	0
5	137	0
6	137	0
7	137	0
8	137	0
9	137	0
10	137	0
11	137	0
12	137	0
13	137	0
14	137	0
15	137	0
16	137	0
17	137	0
18	137	0
19	137	0
20	137	4
21	137	0
22	137	0
23	137	0
0	138	2
1	138	0
2	138	0
3	138	0
4	138	0
5	138	0
6	138	0
7	138	0
8	138	0
9	138	0
10	138	4
11	138	5
12	138	5
13	138	6
14	138	5
15	138	3
16	138	0
17	138	0
18	138	0
19	138	0
20	138	2
21	138	3
22	138	0
23	138	0
0	139	0
1	139	0
2	139	0
3	139	0
4	139	0
5	139	3
6	139	5
7	139	3
8	139	0
9	139	3
10	139	0
11	139	0
12	139	5
13	139	3
14	139	0
15	139	0
16	139	0
17	139	0
18	139	0
19	139	0
20	139	0
21	139	0
22	139	0
23	139	0
0	140	1
1	140	1
2	140	1
3	140	0
4	140	0
5	140	1
6	140	1
7	140	2
8	140	2
9	140	1
10	140	2
11	140	2
12	140	2
13	140	1
14	140	2
15	140	2
16	140	3
17	140	2
18	140	4
19	140	3
20	140	3
21	140	3
22	140	2
23	140	2
0	141	2
1	141	2
2	141	1
3	141	1
4	141	1
5	141	1
6	141	2
7	141	1
8	141	2
9	141	3
10	141	3
11	141	2
12	141	3
13	141	2
14	141	2
15	141	2
16	141	2
17	141	3
18	141	3
19	141	4
20	141	4
21	141	3
22	141	3
23	141	2
0	142	0
1	142	0
2	142	0
3	142	0
4	142	0
5	142	0
6	142	0
7	142	0
8	142	0
9	142	3
10	142	0
11	142	0
12	142	0
13	142	0
14	142	0
15	142	0
16	142	0
17	142	3
18	142	0
19	142	0
20	142	3
21	142	3
22	142	0
23	142	0
0	143	0
1	143	0
2	143	0
3	143	0
4	143	0
5	143	0
6	143	0
7	143	0
8	143	0
9	143	0
10	143	0
11	143	0
12	143	0
13	143	0
14	143	0
15	143	0
16	143	0
17	143	0
18	143	0
19	143	0
20	143	0
21	143	12
22	143	0
23	143	0
0	144	4
1	144	2
2	144	0
3	144	1
4	144	0
5	144	0
6	144	2
7	144	1
8	144	0
9	144	0
10	144	3
11	144	0
12	144	1
13	144	2
14	144	2
15	144	4
16	144	3
17	144	2
18	144	3
19	144	4
20	144	2
21	144	4
22	144	5
23	144	10
0	145	2
1	145	3
2	145	1
3	145	0
4	145	0
5	145	1
6	145	1
7	145	1
8	145	1
9	145	1
10	145	1
11	145	0
12	145	4
13	145	3
14	145	1
15	145	4
16	145	2
17	145	4
18	145	2
19	145	3
20	145	3
21	145	2
22	145	7
23	145	2
0	146	0
1	146	0
2	146	0
3	146	0
4	146	0
5	146	0
6	146	0
7	146	0
8	146	0
9	146	0
10	146	0
11	146	0
12	146	0
13	146	0
14	146	0
15	146	0
16	146	0
17	146	0
18	146	0
19	146	0
20	146	0
21	146	0
22	146	0
23	146	0
0	147	1
1	147	1
2	147	0
3	147	1
4	147	1
5	147	0
6	147	1
7	147	4
8	147	1
9	147	2
10	147	0
11	147	1
12	147	1
13	147	1
14	147	1
15	147	1
16	147	3
17	147	1
18	147	2
19	147	3
20	147	4
21	147	2
22	147	3
23	147	2
0	148	0
1	148	0
2	148	0
3	148	0
4	148	0
5	148	0
6	148	0
7	148	5
8	148	5
9	148	0
10	148	0
11	148	0
12	148	0
13	148	0
14	148	0
15	148	0
16	148	0
17	148	0
18	148	0
19	148	0
20	148	0
21	148	0
22	148	0
23	148	0
0	149	0
1	149	0
2	149	0
3	149	0
4	149	0
5	149	0
6	149	11
7	149	0
8	149	3
9	149	3
10	149	11
11	149	3
12	149	0
13	149	0
14	149	0
15	149	0
16	149	5
17	149	7
18	149	0
19	149	0
20	149	5
21	149	0
22	149	3
23	149	3
0	150	0
1	150	0
2	150	0
3	150	0
4	150	0
5	150	0
6	150	0
7	150	0
8	150	0
9	150	0
10	150	27
11	150	0
12	150	0
13	150	0
14	150	0
15	150	0
16	150	0
17	150	0
18	150	0
19	150	0
20	150	0
21	150	0
22	150	0
23	150	0
0	151	1
1	151	1
2	151	1
3	151	1
4	151	1
5	151	1
6	151	1
7	151	2
8	151	1
9	151	2
10	151	2
11	151	3
12	151	2
13	151	1
14	151	2
15	151	1
16	151	3
17	151	2
18	151	4
19	151	3
20	151	4
21	151	3
22	151	2
23	151	2
0	152	7
1	152	13
2	152	0
3	152	0
4	152	0
5	152	0
6	152	0
7	152	0
8	152	0
9	152	0
10	152	7
11	152	13
12	152	0
13	152	0
14	152	0
15	152	0
16	152	0
17	152	0
18	152	0
19	152	0
20	152	7
21	152	7
22	152	0
23	152	0
0	153	1
1	153	1
2	153	1
3	153	1
4	153	1
5	153	1
6	153	1
7	153	2
8	153	1
9	153	2
10	153	2
11	153	3
12	153	1
13	153	2
14	153	1
15	153	2
16	153	2
17	153	3
18	153	2
19	153	2
20	153	1
21	153	2
22	153	2
23	153	1
0	154	0
1	154	0
2	154	0
3	154	0
4	154	0
5	154	0
6	154	0
7	154	0
8	154	0
9	154	0
10	154	0
11	154	0
12	154	0
13	154	0
14	154	0
15	154	0
16	154	0
17	154	0
18	154	0
19	154	0
20	154	0
21	154	0
22	154	0
23	154	0
0	155	1
1	155	0
2	155	0
3	155	0
4	155	0
5	155	1
6	155	0
7	155	0
8	155	0
9	155	1
10	155	2
11	155	0
12	155	2
13	155	1
14	155	0
15	155	0
16	155	0
17	155	0
18	155	2
19	155	3
20	155	1
21	155	0
22	155	2
23	155	1
0	156	1
1	156	1
2	156	0
3	156	0
4	156	0
5	156	0
6	156	1
7	156	0
8	156	2
9	156	1
10	156	0
11	156	1
12	156	1
13	156	1
14	156	2
15	156	1
16	156	1
17	156	1
18	156	3
19	156	1
20	156	1
21	156	1
22	156	1
23	156	0
0	157	0
1	157	0
2	157	0
3	157	0
4	157	0
5	157	0
6	157	0
7	157	0
8	157	0
9	157	0
10	157	0
11	157	0
12	157	0
13	157	0
14	157	0
15	157	0
16	157	0
17	157	0
18	157	0
19	157	0
20	157	0
21	157	0
22	157	0
23	157	8
0	158	0
1	158	0
2	158	0
3	158	0
4	158	0
5	158	2
6	158	0
7	158	0
8	158	0
9	158	0
10	158	0
11	158	0
12	158	0
13	158	3
14	158	0
15	158	0
16	158	0
17	158	0
18	158	0
19	158	0
20	158	0
21	158	0
22	158	2
23	158	0
0	159	0
1	159	0
2	159	0
3	159	2
4	159	0
5	159	0
6	159	0
7	159	6
8	159	0
9	159	0
10	159	0
11	159	0
12	159	0
13	159	2
14	159	0
15	159	4
16	159	0
17	159	0
18	159	2
19	159	2
20	159	2
21	159	0
22	159	2
23	159	0
0	160	0
1	160	0
2	160	0
3	160	0
4	160	0
5	160	0
6	160	0
7	160	0
8	160	0
9	160	0
10	160	3
11	160	6
12	160	6
13	160	3
14	160	3
15	160	0
16	160	0
17	160	0
18	160	0
19	160	3
20	160	0
21	160	0
22	160	0
23	160	0
0	161	0
1	161	0
2	161	0
3	161	0
4	161	0
5	161	0
6	161	0
7	161	0
8	161	0
9	161	0
10	161	0
11	161	0
12	161	0
13	161	0
14	161	0
15	161	0
16	161	0
17	161	0
18	161	0
19	161	0
20	161	0
21	161	175
22	161	0
23	161	0
0	162	0
1	162	0
2	162	0
3	162	0
4	162	0
5	162	0
6	162	4
7	162	0
8	162	4
9	162	0
10	162	0
11	162	0
12	162	4
13	162	0
14	162	0
15	162	0
16	162	4
17	162	0
18	162	0
19	162	0
20	162	4
21	162	0
22	162	0
23	162	4
0	163	0
1	163	0
2	163	0
3	163	0
4	163	0
5	163	0
6	163	0
7	163	0
8	163	1
9	163	0
10	163	0
11	163	2
12	163	1
13	163	1
14	163	0
15	163	3
16	163	2
17	163	1
18	163	0
19	163	1
20	163	3
21	163	0
22	163	0
23	163	0
0	164	0
1	164	0
2	164	0
3	164	0
4	164	0
5	164	0
6	164	0
7	164	0
8	164	0
9	164	4
10	164	0
11	164	0
12	164	7
13	164	0
14	164	0
15	164	0
16	164	0
17	164	0
18	164	0
19	164	0
20	164	11
21	164	4
22	164	4
23	164	0
0	165	0
1	165	0
2	165	0
3	165	0
4	165	0
5	165	0
6	165	0
7	165	0
8	165	0
9	165	0
10	165	0
11	165	0
12	165	0
13	165	0
14	165	0
15	165	0
16	165	0
17	165	0
18	165	0
19	165	0
20	165	0
21	165	0
22	165	0
23	165	0
0	166	0
1	166	0
2	166	0
3	166	0
4	166	0
5	166	1
6	166	0
7	166	2
8	166	2
9	166	1
10	166	0
11	166	1
12	166	3
13	166	0
14	166	1
15	166	1
16	166	2
17	166	3
18	166	2
19	166	4
20	166	6
21	166	5
22	166	4
23	166	1
0	167	0
1	167	0
2	167	0
3	167	0
4	167	0
5	167	0
6	167	0
7	167	0
8	167	0
9	167	0
10	167	0
11	167	0
12	167	0
13	167	0
14	167	0
15	167	0
16	167	0
17	167	18
18	167	0
19	167	0
20	167	0
21	167	0
22	167	0
23	167	0
0	168	0
1	168	0
2	168	0
3	168	0
4	168	0
5	168	0
6	168	2
7	168	0
8	168	2
9	168	0
10	168	0
11	168	0
12	168	0
13	168	0
14	168	3
15	168	0
16	168	0
17	168	2
18	168	0
19	168	0
20	168	5
21	168	2
22	168	2
23	168	2
0	169	1
1	169	2
2	169	0
3	169	0
4	169	0
5	169	1
6	169	3
7	169	0
8	169	5
9	169	4
10	169	7
11	169	5
12	169	10
13	169	4
14	169	1
15	169	3
16	169	6
17	169	3
18	169	8
19	169	5
20	169	6
21	169	3
22	169	2
23	169	2
0	170	0
1	170	0
2	170	0
3	170	0
4	170	0
5	170	0
6	170	0
7	170	0
8	170	0
9	170	0
10	170	0
11	170	0
12	170	0
13	170	0
14	170	0
15	170	0
16	170	0
17	170	0
18	170	0
19	170	0
20	170	0
21	170	0
22	170	0
23	170	0
0	171	0
1	171	0
2	171	0
3	171	0
4	171	0
5	171	0
6	171	0
7	171	0
8	171	0
9	171	0
10	171	0
11	171	0
12	171	0
13	171	0
14	171	0
15	171	0
16	171	0
17	171	0
18	171	0
19	171	0
20	171	0
21	171	0
22	171	0
23	171	0
0	172	0
1	172	0
2	172	0
3	172	0
4	172	1
5	172	1
6	172	1
7	172	1
8	172	2
9	172	3
10	172	1
11	172	2
12	172	1
13	172	0
14	172	0
15	172	0
16	172	0
17	172	2
18	172	1
19	172	1
20	172	1
21	172	2
22	172	1
23	172	0
0	173	0
1	173	0
2	173	0
3	173	0
4	173	0
5	173	0
6	173	0
7	173	1
8	173	2
9	173	2
10	173	0
11	173	2
12	173	0
13	173	1
14	173	0
15	173	3
16	173	0
17	173	3
18	173	3
19	173	2
20	173	0
21	173	3
22	173	2
23	173	1
0	174	0
1	174	0
2	174	0
3	174	0
4	174	0
5	174	0
6	174	0
7	174	0
8	174	0
9	174	0
10	174	0
11	174	0
12	174	0
13	174	0
14	174	0
15	174	0
16	174	0
17	174	0
18	174	0
19	174	0
20	174	0
21	174	0
22	174	0
23	174	0
0	175	0
1	175	0
2	175	0
3	175	0
4	175	0
5	175	0
6	175	0
7	175	1
8	175	1
9	175	1
10	175	4
11	175	3
12	175	3
13	175	2
14	175	1
15	175	1
16	175	1
17	175	2
18	175	1
19	175	1
20	175	3
21	175	3
22	175	5
23	175	2
0	176	1
1	176	1
2	176	1
3	176	1
4	176	1
5	176	1
6	176	1
7	176	1
8	176	1
9	176	1
10	176	1
11	176	2
12	176	1
13	176	1
14	176	2
15	176	1
16	176	1
17	176	1
18	176	2
19	176	2
20	176	1
21	176	2
22	176	1
23	176	1
0	177	0
1	177	0
2	177	0
3	177	0
4	177	0
5	177	0
6	177	0
7	177	0
8	177	0
9	177	0
10	177	0
11	177	0
12	177	0
13	177	0
14	177	0
15	177	0
16	177	0
17	177	8
18	177	22
19	177	0
20	177	0
21	177	0
22	177	0
23	177	0
0	178	0
1	178	0
2	178	0
3	178	0
4	178	0
5	178	0
6	178	0
7	178	0
8	178	0
9	178	0
10	178	0
11	178	0
12	178	0
13	178	0
14	178	0
15	178	0
16	178	0
17	178	0
18	178	0
19	178	0
20	178	0
21	178	0
22	178	0
23	178	0
0	179	0
1	179	0
2	179	0
3	179	0
4	179	0
5	179	0
6	179	0
7	179	0
8	179	0
9	179	0
10	179	0
11	179	0
12	179	0
13	179	0
14	179	0
15	179	0
16	179	0
17	179	0
18	179	0
19	179	0
20	179	0
21	179	0
22	179	0
23	179	0
0	180	6
1	180	0
2	180	0
3	180	0
4	180	0
5	180	0
6	180	0
7	180	0
8	180	0
9	180	6
10	180	0
11	180	0
12	180	6
13	180	0
14	180	0
15	180	3
16	180	3
17	180	6
18	180	0
19	180	0
20	180	0
21	180	0
22	180	0
23	180	0
0	181	0
1	181	1
2	181	0
3	181	0
4	181	0
5	181	0
6	181	1
7	181	1
8	181	6
9	181	2
10	181	2
11	181	3
12	181	3
13	181	0
14	181	0
15	181	2
16	181	3
17	181	2
18	181	3
19	181	0
20	181	3
21	181	0
22	181	1
23	181	3
0	182	0
1	182	0
2	182	0
3	182	0
4	182	0
5	182	0
6	182	0
7	182	3
8	182	0
9	182	0
10	182	0
11	182	0
12	182	0
13	182	0
14	182	0
15	182	1
16	182	0
17	182	0
18	182	1
19	182	2
20	182	0
21	182	0
22	182	1
23	182	1
0	183	0
1	183	0
2	183	0
3	183	0
4	183	2
5	183	2
6	183	0
7	183	4
8	183	10
9	183	4
10	183	0
11	183	0
12	183	2
13	183	2
14	183	4
15	183	5
16	183	12
17	183	2
18	183	2
19	183	7
20	183	2
21	183	0
22	183	2
23	183	0
0	184	0
1	184	0
2	184	0
3	184	0
4	184	1
5	184	0
6	184	3
7	184	1
8	184	2
9	184	1
10	184	1
11	184	3
12	184	3
13	184	1
14	184	0
15	184	1
16	184	1
17	184	2
18	184	2
19	184	3
20	184	1
21	184	3
22	184	3
23	184	0
0	185	1
1	185	1
2	185	0
3	185	0
4	185	1
5	185	1
6	185	1
7	185	2
8	185	1
9	185	3
10	185	3
11	185	2
12	185	2
13	185	2
14	185	1
15	185	1
16	185	3
17	185	3
18	185	2
19	185	3
20	185	2
21	185	1
22	185	2
23	185	3
0	186	0
1	186	0
2	186	0
3	186	0
4	186	0
5	186	0
6	186	0
7	186	0
8	186	0
9	186	0
10	186	0
11	186	0
12	186	0
13	186	0
14	186	0
15	186	0
16	186	0
17	186	0
18	186	0
19	186	0
20	186	0
21	186	0
22	186	0
23	186	0
0	187	0
1	187	0
2	187	0
3	187	0
4	187	0
5	187	1
6	187	3
7	187	0
8	187	4
9	187	2
10	187	4
11	187	2
12	187	2
13	187	5
14	187	5
15	187	8
16	187	4
17	187	2
18	187	5
19	187	3
20	187	6
21	187	4
22	187	6
23	187	1
0	188	0
1	188	0
2	188	0
3	188	0
4	188	0
5	188	0
6	188	0
7	188	0
8	188	0
9	188	0
10	188	3
11	188	0
12	188	0
13	188	0
14	188	0
15	188	3
16	188	5
17	188	0
18	188	0
19	188	5
20	188	0
21	188	8
22	188	3
23	188	3
0	189	3
1	189	0
2	189	0
3	189	0
4	189	0
5	189	0
6	189	0
7	189	3
8	189	5
9	189	0
10	189	0
11	189	3
12	189	0
13	189	10
14	189	0
15	189	0
16	189	0
17	189	0
18	189	5
19	189	0
20	189	5
21	189	5
22	189	0
23	189	5
0	190	0
1	190	0
2	190	0
3	190	0
4	190	0
5	190	0
6	190	0
7	190	0
8	190	0
9	190	0
10	190	0
11	190	0
12	190	4
13	190	0
14	190	0
15	190	0
16	190	0
17	190	0
18	190	0
19	190	0
20	190	0
21	190	0
22	190	0
23	190	0
0	191	0
1	191	0
2	191	0
3	191	0
4	191	0
5	191	0
6	191	0
7	191	0
8	191	6
9	191	3
10	191	3
11	191	0
12	191	3
13	191	0
14	191	0
15	191	0
16	191	0
17	191	3
18	191	0
19	191	0
20	191	6
21	191	0
22	191	6
23	191	0
0	192	5
1	192	0
2	192	0
3	192	0
4	192	9
5	192	0
6	192	0
7	192	0
8	192	0
9	192	0
10	192	9
11	192	9
12	192	0
13	192	0
14	192	0
15	192	0
16	192	0
17	192	0
18	192	5
19	192	0
20	192	9
21	192	0
22	192	0
23	192	9
0	193	0
1	193	0
2	193	0
3	193	0
4	193	0
5	193	0
6	193	0
7	193	0
8	193	9
9	193	9
10	193	0
11	193	17
12	193	17
13	193	0
14	193	17
15	193	0
16	193	0
17	193	0
18	193	0
19	193	0
20	193	0
21	193	0
22	193	0
23	193	0
0	194	0
1	194	0
2	194	0
3	194	0
4	194	0
5	194	0
6	194	4
7	194	0
8	194	14
9	194	0
10	194	0
11	194	0
12	194	0
13	194	0
14	194	0
15	194	7
16	194	0
17	194	4
18	194	0
19	194	17
20	194	4
21	194	0
22	194	7
23	194	0
0	195	0
1	195	0
2	195	0
3	195	0
4	195	0
5	195	0
6	195	0
7	195	0
8	195	0
9	195	2
10	195	0
11	195	2
12	195	0
13	195	0
14	195	2
15	195	0
16	195	2
17	195	3
18	195	2
19	195	3
20	195	2
21	195	2
22	195	2
23	195	0
0	196	0
1	196	0
2	196	0
3	196	0
4	196	0
5	196	0
6	196	0
7	196	0
8	196	0
9	196	0
10	196	2
11	196	0
12	196	0
13	196	2
14	196	0
15	196	0
16	196	0
17	196	2
18	196	0
19	196	0
20	196	3
21	196	0
22	196	0
23	196	3
0	197	0
1	197	0
2	197	0
3	197	0
4	197	0
5	197	0
6	197	0
7	197	0
8	197	0
9	197	0
10	197	0
11	197	0
12	197	0
13	197	5
14	197	0
15	197	0
16	197	9
17	197	5
18	197	0
19	197	5
20	197	0
21	197	0
22	197	0
23	197	0
0	198	1
1	198	1
2	198	0
3	198	0
4	198	1
5	198	1
6	198	1
7	198	1
8	198	1
9	198	2
10	198	1
11	198	1
12	198	2
13	198	1
14	198	0
15	198	1
16	198	2
17	198	3
18	198	2
19	198	2
20	198	2
21	198	2
22	198	2
23	198	1
0	199	9
1	199	2
2	199	0
3	199	0
4	199	0
5	199	0
6	199	4
7	199	0
8	199	0
9	199	0
10	199	2
11	199	0
12	199	0
13	199	0
14	199	0
15	199	0
16	199	6
17	199	4
18	199	0
19	199	2
20	199	0
21	199	6
22	199	4
23	199	4
0	200	0
1	200	0
2	200	0
3	200	0
4	200	0
5	200	0
6	200	0
7	200	0
8	200	2
9	200	2
10	200	0
11	200	0
12	200	0
13	200	0
14	200	4
15	200	0
16	200	0
17	200	0
18	200	2
19	200	2
20	200	0
21	200	0
22	200	0
23	200	0
0	201	0
1	201	0
2	201	0
3	201	0
4	201	0
5	201	0
6	201	0
7	201	0
8	201	0
9	201	0
10	201	0
11	201	0
12	201	0
13	201	2
14	201	0
15	201	2
16	201	0
17	201	0
18	201	0
19	201	0
20	201	0
21	201	0
22	201	0
23	201	0
0	202	0
1	202	0
2	202	0
3	202	0
4	202	0
5	202	0
6	202	0
7	202	0
8	202	0
9	202	0
10	202	0
11	202	0
12	202	0
13	202	0
14	202	0
15	202	0
16	202	0
17	202	0
18	202	0
19	202	0
20	202	0
21	202	0
22	202	0
23	202	0
0	203	0
1	203	0
2	203	0
3	203	0
4	203	0
5	203	0
6	203	0
7	203	0
8	203	0
9	203	4
10	203	0
11	203	0
12	203	0
13	203	0
14	203	0
15	203	0
16	203	0
17	203	0
18	203	0
19	203	0
20	203	0
21	203	0
22	203	4
23	203	0
0	204	2
1	204	0
2	204	0
3	204	0
4	204	0
5	204	0
6	204	0
7	204	0
8	204	6
9	204	5
10	204	6
11	204	4
12	204	6
13	204	4
14	204	7
15	204	4
16	204	5
17	204	3
18	204	6
19	204	4
20	204	8
21	204	5
22	204	5
23	204	2
0	205	0
1	205	0
2	205	0
3	205	0
4	205	0
5	205	0
6	205	0
7	205	0
8	205	10
9	205	0
10	205	0
11	205	0
12	205	0
13	205	0
14	205	0
15	205	0
16	205	0
17	205	0
18	205	0
19	205	5
20	205	5
21	205	0
22	205	14
23	205	5
0	206	0
1	206	0
2	206	0
3	206	0
4	206	0
5	206	1
6	206	2
7	206	1
8	206	3
9	206	0
10	206	0
11	206	0
12	206	0
13	206	0
14	206	0
15	206	0
16	206	1
17	206	2
18	206	3
19	206	2
20	206	2
21	206	1
22	206	0
23	206	0
0	207	0
1	207	0
2	207	0
3	207	0
4	207	0
5	207	0
6	207	1
7	207	2
8	207	2
9	207	3
10	207	0
11	207	3
12	207	0
13	207	1
14	207	0
15	207	1
16	207	0
17	207	4
18	207	2
19	207	2
20	207	0
21	207	2
22	207	0
23	207	0
0	208	0
1	208	1
2	208	0
3	208	0
4	208	0
5	208	0
6	208	0
7	208	0
8	208	2
9	208	0
10	208	0
11	208	1
12	208	2
13	208	2
14	208	1
15	208	1
16	208	0
17	208	1
18	208	4
19	208	3
20	208	1
21	208	3
22	208	1
23	208	0
0	209	0
1	209	0
2	209	0
3	209	0
4	209	0
5	209	0
6	209	13
7	209	0
8	209	0
9	209	0
10	209	0
11	209	0
12	209	0
13	209	0
14	209	0
15	209	0
16	209	0
17	209	13
18	209	0
19	209	0
20	209	0
21	209	0
22	209	0
23	209	0
0	210	1
1	210	0
2	210	0
3	210	0
4	210	0
5	210	0
6	210	0
7	210	0
8	210	0
9	210	0
10	210	1
11	210	0
12	210	0
13	210	0
14	210	2
15	210	0
16	210	3
17	210	2
18	210	0
19	210	0
20	210	1
21	210	3
22	210	2
23	210	1
0	211	0
1	211	4
2	211	0
3	211	0
4	211	0
5	211	8
6	211	0
7	211	0
8	211	0
9	211	0
10	211	0
11	211	0
12	211	4
13	211	0
14	211	0
15	211	0
16	211	0
17	211	0
18	211	0
19	211	0
20	211	0
21	211	0
22	211	0
23	211	0
0	212	0
1	212	0
2	212	0
3	212	0
4	212	0
5	212	0
6	212	0
7	212	0
8	212	0
9	212	0
10	212	0
11	212	5
12	212	5
13	212	0
14	212	0
15	212	0
16	212	15
17	212	0
18	212	5
19	212	0
20	212	15
21	212	0
22	212	0
23	212	5
0	213	0
1	213	0
2	213	0
3	213	0
4	213	0
5	213	0
6	213	0
7	213	0
8	213	0
9	213	0
10	213	0
11	213	1
12	213	2
13	213	0
14	213	2
15	213	3
16	213	3
17	213	1
18	213	2
19	213	1
20	213	3
21	213	3
22	213	1
23	213	0
0	214	1
1	214	1
2	214	1
3	214	1
4	214	1
5	214	1
6	214	1
7	214	1
8	214	1
9	214	2
10	214	2
11	214	1
12	214	2
13	214	1
14	214	2
15	214	2
16	214	2
17	214	3
18	214	2
19	214	2
20	214	2
21	214	1
22	214	1
23	214	1
0	215	0
1	215	0
2	215	8
3	215	0
4	215	0
5	215	0
6	215	8
7	215	0
8	215	0
9	215	0
10	215	0
11	215	0
12	215	0
13	215	0
14	215	0
15	215	0
16	215	0
17	215	0
18	215	0
19	215	8
20	215	0
21	215	0
22	215	8
23	215	0
0	216	0
1	216	0
2	216	0
3	216	0
4	216	0
5	216	2
6	216	0
7	216	0
8	216	0
9	216	2
10	216	2
11	216	2
12	216	4
13	216	0
14	216	2
15	216	2
16	216	3
17	216	3
18	216	2
19	216	3
20	216	5
21	216	0
22	216	0
23	216	0
0	217	0
1	217	0
2	217	0
3	217	0
4	217	0
5	217	0
6	217	0
7	217	0
8	217	0
9	217	0
10	217	0
11	217	0
12	217	1
13	217	3
14	217	0
15	217	5
16	217	2
17	217	2
18	217	0
19	217	6
20	217	7
21	217	4
22	217	4
23	217	0
0	218	0
1	218	0
2	218	0
3	218	4
4	218	0
5	218	0
6	218	0
7	218	0
8	218	0
9	218	0
10	218	0
11	218	0
12	218	0
13	218	4
14	218	0
15	218	0
16	218	0
17	218	0
18	218	4
19	218	0
20	218	8
21	218	4
22	218	0
23	218	0
0	219	0
1	219	0
2	219	0
3	219	0
4	219	0
5	219	0
6	219	0
7	219	0
8	219	0
9	219	0
10	219	0
11	219	0
12	219	0
13	219	0
14	219	0
15	219	0
16	219	40
17	219	0
18	219	0
19	219	40
20	219	0
21	219	0
22	219	0
23	219	0
0	220	0
1	220	0
2	220	4
3	220	0
4	220	0
5	220	0
6	220	0
7	220	4
8	220	0
9	220	0
10	220	0
11	220	0
12	220	7
13	220	0
14	220	0
15	220	0
16	220	0
17	220	0
18	220	0
19	220	10
20	220	0
21	220	4
22	220	0
23	220	0
0	221	0
1	221	0
2	221	0
3	221	0
4	221	0
5	221	0
6	221	0
7	221	0
8	221	0
9	221	0
10	221	7
11	221	0
12	221	0
13	221	7
14	221	0
15	221	0
16	221	0
17	221	0
18	221	0
19	221	0
20	221	0
21	221	0
22	221	0
23	221	0
0	222	0
1	222	1
2	222	0
3	222	1
4	222	0
5	222	2
6	222	1
7	222	2
8	222	1
9	222	1
10	222	1
11	222	1
12	222	3
13	222	2
14	222	5
15	222	2
16	222	0
17	222	4
18	222	2
19	222	2
20	222	2
21	222	3
22	222	2
23	222	3
0	223	3
1	223	1
2	223	1
3	223	4
4	223	3
5	223	3
6	223	1
7	223	2
8	223	0
9	223	1
10	223	2
11	223	4
12	223	3
13	223	1
14	223	3
15	223	1
16	223	2
17	223	1
18	223	2
19	223	2
20	223	1
21	223	2
22	223	2
23	223	2
0	224	1
1	224	2
2	224	0
3	224	0
4	224	0
5	224	0
6	224	1
7	224	0
8	224	1
9	224	2
10	224	1
11	224	4
12	224	4
13	224	2
14	224	0
15	224	1
16	224	0
17	224	5
18	224	4
19	224	1
20	224	3
21	224	8
22	224	0
23	224	1
0	225	7
1	225	0
2	225	0
3	225	0
4	225	0
5	225	0
6	225	0
7	225	2
8	225	2
9	225	0
10	225	0
11	225	0
12	225	2
13	225	0
14	225	0
15	225	0
16	225	2
17	225	0
18	225	0
19	225	0
20	225	0
21	225	5
22	225	0
23	225	0
0	226	0
1	226	0
2	226	0
3	226	0
4	226	0
5	226	0
6	226	0
7	226	0
8	226	0
9	226	0
10	226	0
11	226	0
12	226	0
13	226	0
14	226	0
15	226	4
16	226	11
17	226	4
18	226	4
19	226	0
20	226	8
21	226	0
22	226	0
23	226	0
0	227	0
1	227	0
2	227	0
3	227	0
4	227	0
5	227	0
6	227	0
7	227	0
8	227	0
9	227	0
10	227	0
11	227	0
12	227	0
13	227	0
14	227	4
15	227	0
16	227	0
17	227	4
18	227	0
19	227	0
20	227	0
21	227	0
22	227	0
23	227	8
0	228	0
1	228	0
2	228	0
3	228	0
4	228	0
5	228	0
6	228	5
7	228	0
8	228	0
9	228	2
10	228	16
11	228	2
12	228	2
13	228	0
14	228	3
15	228	6
16	228	0
17	228	0
18	228	10
19	228	2
20	228	5
21	228	5
22	228	6
23	228	0
0	229	0
1	229	0
2	229	0
3	229	0
4	229	0
5	229	0
6	229	0
7	229	0
8	229	0
9	229	0
10	229	0
11	229	0
12	229	3
13	229	0
14	229	0
15	229	0
16	229	0
17	229	3
18	229	6
19	229	0
20	229	3
21	229	0
22	229	0
23	229	0
0	230	1
1	230	0
2	230	0
3	230	0
4	230	0
5	230	0
6	230	1
7	230	1
8	230	1
9	230	1
10	230	0
11	230	3
12	230	1
13	230	2
14	230	2
15	230	2
16	230	3
17	230	2
18	230	2
19	230	3
20	230	2
21	230	1
22	230	2
23	230	0
0	231	2
1	231	1
2	231	1
3	231	1
4	231	1
5	231	1
6	231	1
7	231	2
8	231	3
9	231	1
10	231	3
11	231	3
12	231	2
13	231	3
14	231	2
15	231	2
16	231	2
17	231	3
18	231	3
19	231	3
20	231	3
21	231	4
22	231	3
23	231	2
0	232	2
1	232	0
2	232	0
3	232	0
4	232	0
5	232	0
6	232	0
7	232	0
8	232	0
9	232	0
10	232	0
11	232	0
12	232	0
13	232	0
14	232	0
15	232	0
16	232	0
17	232	2
18	232	0
19	232	4
20	232	0
21	232	0
22	232	0
23	232	0
0	233	0
1	233	0
2	233	0
3	233	0
4	233	0
5	233	0
6	233	0
7	233	0
8	233	0
9	233	0
10	233	0
11	233	0
12	233	0
13	233	0
14	233	0
15	233	0
16	233	0
17	233	0
18	233	0
19	233	0
20	233	0
21	233	0
22	233	0
23	233	0
0	234	0
1	234	0
2	234	0
3	234	0
4	234	0
5	234	0
6	234	0
7	234	0
8	234	0
9	234	0
10	234	0
11	234	0
12	234	0
13	234	0
14	234	0
15	234	0
16	234	6
17	234	0
18	234	0
19	234	0
20	234	0
21	234	0
22	234	0
23	234	0
0	235	0
1	235	0
2	235	0
3	235	0
4	235	0
5	235	0
6	235	2
7	235	0
8	235	2
9	235	0
10	235	0
11	235	0
12	235	0
13	235	3
14	235	2
15	235	0
16	235	6
17	235	0
18	235	3
19	235	2
20	235	0
21	235	0
22	235	0
23	235	2
0	236	1
1	236	1
2	236	0
3	236	0
4	236	0
5	236	1
6	236	2
7	236	2
8	236	3
9	236	3
10	236	2
11	236	4
12	236	4
13	236	3
14	236	3
15	236	3
16	236	3
17	236	5
18	236	7
19	236	8
20	236	8
21	236	8
22	236	6
23	236	1
0	237	0
1	237	0
2	237	0
3	237	0
4	237	0
5	237	0
6	237	0
7	237	0
8	237	0
9	237	0
10	237	0
11	237	0
12	237	0
13	237	0
14	237	0
15	237	0
16	237	0
17	237	0
18	237	0
19	237	0
20	237	0
21	237	0
22	237	0
23	237	0
0	238	0
1	238	0
2	238	0
3	238	0
4	238	0
5	238	0
6	238	3
7	238	5
8	238	4
9	238	0
10	238	0
11	238	0
12	238	4
13	238	1
14	238	1
15	238	0
16	238	0
17	238	1
18	238	2
19	238	3
20	238	0
21	238	0
22	238	0
23	238	0
0	239	0
1	239	0
2	239	0
3	239	0
4	239	0
5	239	0
6	239	0
7	239	0
8	239	0
9	239	0
10	239	0
11	239	0
12	239	0
13	239	0
14	239	0
15	239	0
16	239	0
17	239	0
18	239	0
19	239	0
20	239	0
21	239	0
22	239	0
23	239	0
0	240	0
1	240	3
2	240	0
3	240	0
4	240	0
5	240	0
6	240	0
7	240	0
8	240	0
9	240	0
10	240	0
11	240	0
12	240	12
13	240	3
14	240	3
15	240	0
16	240	0
17	240	3
18	240	8
19	240	5
20	240	5
21	240	0
22	240	3
23	240	0
0	241	1
1	241	0
2	241	0
3	241	0
4	241	0
5	241	1
6	241	3
7	241	2
8	241	2
9	241	1
10	241	2
11	241	1
12	241	1
13	241	2
14	241	2
15	241	2
16	241	3
17	241	4
18	241	3
19	241	3
20	241	4
21	241	3
22	241	1
23	241	1
0	242	0
1	242	0
2	242	0
3	242	0
4	242	0
5	242	0
6	242	1
7	242	2
8	242	1
9	242	1
10	242	1
11	242	1
12	242	0
13	242	1
14	242	1
15	242	1
16	242	1
17	242	2
18	242	2
19	242	3
20	242	1
21	242	2
22	242	1
23	242	0
0	243	0
1	243	0
2	243	0
3	243	0
4	243	2
5	243	2
6	243	6
7	243	0
8	243	0
9	243	2
10	243	2
11	243	0
12	243	3
13	243	5
14	243	5
15	243	0
16	243	2
17	243	2
18	243	3
19	243	5
20	243	0
21	243	5
22	243	2
23	243	2
0	244	0
1	244	0
2	244	0
3	244	0
4	244	0
5	244	0
6	244	0
7	244	0
8	244	0
9	244	0
10	244	5
11	244	0
12	244	0
13	244	5
14	244	0
15	244	0
16	244	0
17	244	0
18	244	0
19	244	0
20	244	0
21	244	10
22	244	0
23	244	0
0	245	0
1	245	8
2	245	0
3	245	3
4	245	0
5	245	3
6	245	6
7	245	6
8	245	0
9	245	6
10	245	3
11	245	11
12	245	0
13	245	0
14	245	8
15	245	6
16	245	6
17	245	8
18	245	0
19	245	0
20	245	11
21	245	8
22	245	11
23	245	0
0	246	2
1	246	0
2	246	0
3	246	0
4	246	1
5	246	0
6	246	2
7	246	2
8	246	2
9	246	1
10	246	1
11	246	2
12	246	1
13	246	2
14	246	3
15	246	3
16	246	6
17	246	0
18	246	3
19	246	1
20	246	3
21	246	2
22	246	4
23	246	3
0	247	1
1	247	2
2	247	0
3	247	0
4	247	0
5	247	0
6	247	0
7	247	0
8	247	0
9	247	2
10	247	4
11	247	2
12	247	6
13	247	0
14	247	2
15	247	1
16	247	3
17	247	3
18	247	2
19	247	0
20	247	6
21	247	2
22	247	3
23	247	4
0	248	1
1	248	1
2	248	0
3	248	0
4	248	0
5	248	0
6	248	1
7	248	0
8	248	1
9	248	2
10	248	1
11	248	1
12	248	1
13	248	2
14	248	1
15	248	1
16	248	1
17	248	0
18	248	1
19	248	3
20	248	2
21	248	2
22	248	0
23	248	1
0	249	1
1	249	1
2	249	0
3	249	1
4	249	1
5	249	1
6	249	2
7	249	2
8	249	1
9	249	3
10	249	2
11	249	1
12	249	1
13	249	1
14	249	2
15	249	3
16	249	3
17	249	2
18	249	2
19	249	3
20	249	3
21	249	2
22	249	1
23	249	1
0	250	1
1	250	1
2	250	1
3	250	1
4	250	1
5	250	1
6	250	1
7	250	2
8	250	2
9	250	3
10	250	2
11	250	2
12	250	2
13	250	2
14	250	2
15	250	2
16	250	3
17	250	3
18	250	3
19	250	4
20	250	3
21	250	2
22	250	4
23	250	2
0	251	0
1	251	0
2	251	0
3	251	0
4	251	0
5	251	0
6	251	0
7	251	0
8	251	0
9	251	0
10	251	0
11	251	0
12	251	0
13	251	0
14	251	0
15	251	0
16	251	0
17	251	0
18	251	0
19	251	0
20	251	0
21	251	0
22	251	0
23	251	0
0	252	0
1	252	0
2	252	0
3	252	0
4	252	0
5	252	0
6	252	0
7	252	0
8	252	0
9	252	0
10	252	0
11	252	0
12	252	0
13	252	0
14	252	0
15	252	0
16	252	0
17	252	0
18	252	0
19	252	0
20	252	0
21	252	0
22	252	0
23	252	0
0	253	9
1	253	0
2	253	0
3	253	0
4	253	0
5	253	0
6	253	0
7	253	0
8	253	0
9	253	0
10	253	0
11	253	0
12	253	0
13	253	0
14	253	0
15	253	0
16	253	0
17	253	0
18	253	0
19	253	0
20	253	0
21	253	0
22	253	9
23	253	0
0	254	2
1	254	0
2	254	0
3	254	0
4	254	0
5	254	0
6	254	2
7	254	6
8	254	4
9	254	0
10	254	0
11	254	2
12	254	2
13	254	0
14	254	0
15	254	6
16	254	4
17	254	0
18	254	0
19	254	2
20	254	6
21	254	6
22	254	10
23	254	4
0	255	1
1	255	1
2	255	0
3	255	1
4	255	0
5	255	1
6	255	1
7	255	2
8	255	2
9	255	2
10	255	1
11	255	1
12	255	2
13	255	2
14	255	1
15	255	1
16	255	1
17	255	2
18	255	2
19	255	3
20	255	2
21	255	3
22	255	2
23	255	1
0	256	0
1	256	0
2	256	0
3	256	0
4	256	0
5	256	0
6	256	0
7	256	2
8	256	0
9	256	4
10	256	0
11	256	0
12	256	0
13	256	0
14	256	0
15	256	0
16	256	0
17	256	0
18	256	0
19	256	0
20	256	4
21	256	0
22	256	0
23	256	0
0	257	0
1	257	4
2	257	0
3	257	0
4	257	0
5	257	0
6	257	8
7	257	4
8	257	0
9	257	0
10	257	0
11	257	0
12	257	0
13	257	0
14	257	0
15	257	0
16	257	4
17	257	0
18	257	0
19	257	0
20	257	0
21	257	0
22	257	4
23	257	4
0	258	1
1	258	0
2	258	0
3	258	0
4	258	0
5	258	0
6	258	1
7	258	1
8	258	0
9	258	2
10	258	1
11	258	2
12	258	0
13	258	4
14	258	0
15	258	0
16	258	0
17	258	4
18	258	1
19	258	0
20	258	0
21	258	4
22	258	1
23	258	1
0	259	0
1	259	0
2	259	0
3	259	0
4	259	0
5	259	0
6	259	3
7	259	3
8	259	5
9	259	0
10	259	3
11	259	5
12	259	3
13	259	0
14	259	3
15	259	0
16	259	3
17	259	0
18	259	0
19	259	3
20	259	0
21	259	5
22	259	3
23	259	0
0	260	0
1	260	0
2	260	0
3	260	0
4	260	0
5	260	0
6	260	0
7	260	0
8	260	14
9	260	0
10	260	0
11	260	0
12	260	0
13	260	0
14	260	0
15	260	0
16	260	0
17	260	0
18	260	0
19	260	0
20	260	0
21	260	0
22	260	0
23	260	0
0	261	0
1	261	0
2	261	0
3	261	0
4	261	0
5	261	0
6	261	0
7	261	0
8	261	16
9	261	6
10	261	0
11	261	0
12	261	0
13	261	0
14	261	6
15	261	11
16	261	16
17	261	11
18	261	16
19	261	0
20	261	0
21	261	0
22	261	6
23	261	0
0	262	2
1	262	2
2	262	1
3	262	2
4	262	2
5	262	2
6	262	3
7	262	3
8	262	4
9	262	4
10	262	4
11	262	4
12	262	4
13	262	4
14	262	4
15	262	4
16	262	5
17	262	5
18	262	5
19	262	5
20	262	5
21	262	4
22	262	3
23	262	2
0	263	0
1	263	1
2	263	2
3	263	1
4	263	1
5	263	0
6	263	2
7	263	2
8	263	3
9	263	2
10	263	2
11	263	2
12	263	1
13	263	1
14	263	1
15	263	2
16	263	2
17	263	3
18	263	3
19	263	3
20	263	2
21	263	1
22	263	2
23	263	1
0	264	0
1	264	0
2	264	0
3	264	0
4	264	0
5	264	0
6	264	0
7	264	0
8	264	0
9	264	0
10	264	0
11	264	0
12	264	0
13	264	0
14	264	0
15	264	0
16	264	0
17	264	0
18	264	0
19	264	0
20	264	0
21	264	0
22	264	0
23	264	0
0	265	0
1	265	0
2	265	3
3	265	0
4	265	0
5	265	0
6	265	0
7	265	1
8	265	0
9	265	1
10	265	2
11	265	1
12	265	1
13	265	1
14	265	2
15	265	1
16	265	2
17	265	0
18	265	2
19	265	0
20	265	5
21	265	8
22	265	1
23	265	0
0	266	1
1	266	1
2	266	1
3	266	1
4	266	0
5	266	1
6	266	3
7	266	1
8	266	3
9	266	2
10	266	2
11	266	3
12	266	3
13	266	1
14	266	2
15	266	2
16	266	2
17	266	3
18	266	2
19	266	3
20	266	3
21	266	2
22	266	1
23	266	2
0	267	0
1	267	0
2	267	0
3	267	0
4	267	0
5	267	0
6	267	0
7	267	0
8	267	0
9	267	6
10	267	0
11	267	6
12	267	0
13	267	0
14	267	0
15	267	0
16	267	0
17	267	0
18	267	0
19	267	12
20	267	0
21	267	0
22	267	12
23	267	0
0	268	0
1	268	0
2	268	0
3	268	0
4	268	0
5	268	0
6	268	0
7	268	0
8	268	0
9	268	0
10	268	2
11	268	0
12	268	0
13	268	0
14	268	0
15	268	0
16	268	0
17	268	0
18	268	5
19	268	0
20	268	0
21	268	2
22	268	0
23	268	0
0	269	1
1	269	1
2	269	1
3	269	1
4	269	1
5	269	1
6	269	1
7	269	1
8	269	1
9	269	2
10	269	2
11	269	2
12	269	2
13	269	2
14	269	2
15	269	2
16	269	3
17	269	3
18	269	2
19	269	2
20	269	3
21	269	3
22	269	2
23	269	2
0	270	0
1	270	0
2	270	0
3	270	0
4	270	0
5	270	0
6	270	3
7	270	3
8	270	0
9	270	3
10	270	0
11	270	0
12	270	0
13	270	0
14	270	0
15	270	0
16	270	3
17	270	6
18	270	9
19	270	6
20	270	6
21	270	6
22	270	9
23	270	0
0	271	0
1	271	0
2	271	0
3	271	6
4	271	0
5	271	0
6	271	0
7	271	0
8	271	0
9	271	0
10	271	0
11	271	17
12	271	11
13	271	0
14	271	0
15	271	0
16	271	0
17	271	0
18	271	0
19	271	6
20	271	6
21	271	0
22	271	11
23	271	0
0	272	0
1	272	0
2	272	0
3	272	0
4	272	0
5	272	0
6	272	0
7	272	0
8	272	0
9	272	0
10	272	0
11	272	0
12	272	0
13	272	2
14	272	0
15	272	3
16	272	2
17	272	1
18	272	3
19	272	2
20	272	2
21	272	3
22	272	2
23	272	0
0	273	7
1	273	0
2	273	0
3	273	0
4	273	0
5	273	0
6	273	0
7	273	7
8	273	0
9	273	0
10	273	0
11	273	0
12	273	7
13	273	7
14	273	7
15	273	7
16	273	7
17	273	0
18	273	13
19	273	36
20	273	25
21	273	19
22	273	0
23	273	7
0	274	0
1	274	0
2	274	0
3	274	0
4	274	0
5	274	0
6	274	0
7	274	0
8	274	0
9	274	1
10	274	0
11	274	0
12	274	0
13	274	1
14	274	0
15	274	1
16	274	2
17	274	1
18	274	0
19	274	1
20	274	1
21	274	0
22	274	0
23	274	1
0	275	0
1	275	0
2	275	0
3	275	0
4	275	0
5	275	0
6	275	0
7	275	0
8	275	0
9	275	0
10	275	0
11	275	0
12	275	0
13	275	0
14	275	0
15	275	0
16	275	0
17	275	0
18	275	0
19	275	0
20	275	0
21	275	0
22	275	0
23	275	0
0	276	0
1	276	0
2	276	0
3	276	0
4	276	0
5	276	0
6	276	0
7	276	0
8	276	0
9	276	0
10	276	0
11	276	0
12	276	0
13	276	0
14	276	0
15	276	0
16	276	0
17	276	0
18	276	0
19	276	0
20	276	0
21	276	0
22	276	0
23	276	0
