Counts for Samsung(12) in Ireland(21):
Hour	Location Index	Count
0	0	5
1	0	4
2	0	1
3	0	0
4	0	2
5	0	2
6	0	3
7	0	4
8	0	9
9	0	13
10	0	12
11	0	14
12	0	13
13	0	12
14	0	12
15	0	11
16	0	13
17	0	18
18	0	19
19	0	21
20	0	25
21	0	20
22	0	19
23	0	13
0	1	9
1	1	0
2	1	0
3	1	0
4	1	0
5	1	0
6	1	14
7	1	18
8	1	0
9	1	9
10	1	9
11	1	9
12	1	9
13	1	22
14	1	0
15	1	9
16	1	9
17	1	18
18	1	22
19	1	49
20	1	22
21	1	67
22	1	49
23	1	5
0	2	3
1	2	3
2	2	3
3	2	0
4	2	3
5	2	0
6	2	11
7	2	9
8	2	5
9	2	13
10	2	13
11	2	30
12	2	7
13	2	20
14	2	9
15	2	11
16	2	18
17	2	22
18	2	18
19	2	26
20	2	30
21	2	13
22	2	13
23	2	5
0	3	3
1	3	3
2	3	2
3	3	1
4	3	3
5	3	2
6	3	6
7	3	5
8	3	13
9	3	11
10	3	17
11	3	13
12	3	16
13	3	18
14	3	13
15	3	17
16	3	21
17	3	13
18	3	15
19	3	30
20	3	22
21	3	25
22	3	16
23	3	16
0	4	5
1	4	4
2	4	0
3	4	1
4	4	2
5	4	3
6	4	5
7	4	9
8	4	9
9	4	14
10	4	8
11	4	12
12	4	14
13	4	18
14	4	8
15	4	12
16	4	21
17	4	12
18	4	21
19	4	18
20	4	17
21	4	22
22	4	11
23	4	10
0	5	16
1	5	8
2	5	5
3	5	5
4	5	4
5	5	0
6	5	0
7	5	5
8	5	4
9	5	13
10	5	16
11	5	4
12	5	21
13	5	11
14	5	11
15	5	10
16	5	10
17	5	23
18	5	28
19	5	31
20	5	26
21	5	26
22	5	16
23	5	11
0	6	5
1	6	5
2	6	2
3	6	3
4	6	2
5	6	3
6	6	7
7	6	12
8	6	16
9	6	5
10	6	9
11	6	9
12	6	10
13	6	6
14	6	10
15	6	10
16	6	9
17	6	14
18	6	20
19	6	20
20	6	27
21	6	18
22	6	13
23	6	5
0	7	0
1	7	0
2	7	0
3	7	0
4	7	0
5	7	0
6	7	0
7	7	0
8	7	5
9	7	13
10	7	0
11	7	10
12	7	0
13	7	13
14	7	3
15	7	8
16	7	13
17	7	3
18	7	8
19	7	8
20	7	0
21	7	10
22	7	8
23	7	5
0	8	5
1	8	0
2	8	2
3	8	0
4	8	0
5	8	0
6	8	4
7	8	7
8	8	13
9	8	13
10	8	10
11	8	5
12	8	20
13	8	16
14	8	14
15	8	17
16	8	20
17	8	11
18	8	25
19	8	40
20	8	26
21	8	33
22	8	40
23	8	19
0	9	4
1	9	2
2	9	0
3	9	0
4	9	1
5	9	2
6	9	5
7	9	15
8	9	8
9	9	11
10	9	8
11	9	18
12	9	13
13	9	12
14	9	20
15	9	14
16	9	18
17	9	29
18	9	16
19	9	20
20	9	25
21	9	15
22	9	13
23	9	12
0	10	0
1	10	0
2	10	0
3	10	0
4	10	0
5	10	0
6	10	0
7	10	0
8	10	0
9	10	0
10	10	0
11	10	0
12	10	0
13	10	0
14	10	0
15	10	0
16	10	0
17	10	0
18	10	0
19	10	0
20	10	0
21	10	0
22	10	0
23	10	0
0	11	0
1	11	0
2	11	0
3	11	0
4	11	0
5	11	0
6	11	0
7	11	0
8	11	85
9	11	0
10	11	0
11	11	47
12	11	47
13	11	0
14	11	85
15	11	0
16	11	0
17	11	0
18	11	0
19	11	0
20	11	0
21	11	0
22	11	0
23	11	0
0	12	9
1	12	0
2	12	0
3	12	11
4	12	5
5	12	0
6	12	0
7	12	17
8	12	11
9	12	11
10	12	27
11	12	9
12	12	21
13	12	15
14	12	7
15	12	15
16	12	15
17	12	21
18	12	25
19	12	11
20	12	13
21	12	11
22	12	17
23	12	11
0	13	0
1	13	13
2	13	0
3	13	0
4	13	0
5	13	0
6	13	0
7	13	0
8	13	0
9	13	7
10	13	18
11	13	13
12	13	13
13	13	0
14	13	0
15	13	0
16	13	7
17	13	7
18	13	18
19	13	0
20	13	7
21	13	0
22	13	7
23	13	30
0	14	5
1	14	9
2	14	0
3	14	0
4	14	0
5	14	9
6	14	5
7	14	5
8	14	0
9	14	9
10	14	17
11	14	5
12	14	32
13	14	9
14	14	9
15	14	5
16	14	9
17	14	21
18	14	5
19	14	13
20	14	17
21	14	9
22	14	17
23	14	0
0	15	5
1	15	2
2	15	7
3	15	0
4	15	15
5	15	5
6	15	7
7	15	7
8	15	13
9	15	23
10	15	17
11	15	9
12	15	18
13	15	27
14	15	24
15	15	21
16	15	21
17	15	42
18	15	32
19	15	21
20	15	37
21	15	33
22	15	36
23	15	7
0	16	4
1	16	2
2	16	2
3	16	0
4	16	0
5	16	4
6	16	5
7	16	11
8	16	18
9	16	11
10	16	25
11	16	17
12	16	18
13	16	12
14	16	8
15	16	24
16	16	21
17	16	38
18	16	30
19	16	49
20	16	49
21	16	37
22	16	11
23	16	12
0	17	5
1	17	3
2	17	2
3	17	2
4	17	2
5	17	4
6	17	6
7	17	8
8	17	12
9	17	13
10	17	14
11	17	15
12	17	13
13	17	13
14	17	13
15	17	15
16	17	20
17	17	19
18	17	19
19	17	26
20	17	27
21	17	24
22	17	19
23	17	11
0	18	0
1	18	0
2	18	0
3	18	0
4	18	0
5	18	0
6	18	0
7	18	0
8	18	0
9	18	0
10	18	24
11	18	24
12	18	0
13	18	0
14	18	0
15	18	0
16	18	65
17	18	0
18	18	0
19	18	46
20	18	0
21	18	0
22	18	0
23	18	0
0	19	4
1	19	10
2	19	0
3	19	0
4	19	0
5	19	0
6	19	7
7	19	4
8	19	0
9	19	7
10	19	4
11	19	4
12	19	14
13	19	7
14	19	0
15	19	0
16	19	0
17	19	23
18	19	7
19	19	7
20	19	23
21	19	17
22	19	32
23	19	4
0	20	4
1	20	3
2	20	3
3	20	3
4	20	2
5	20	4
6	20	4
7	20	8
8	20	11
9	20	11
10	20	10
11	20	11
12	20	8
13	20	12
14	20	12
15	20	11
16	20	18
17	20	16
18	20	17
19	20	19
20	20	21
21	20	19
22	20	14
23	20	9
0	21	0
1	21	0
2	21	4
3	21	0
4	21	7
5	21	4
6	21	22
7	21	4
8	21	13
9	21	31
10	21	16
11	21	36
12	21	22
13	21	7
14	21	22
15	21	7
16	21	19
17	21	10
18	21	42
19	21	42
20	21	64
21	21	47
22	21	16
23	21	10
0	22	10
1	22	4
2	22	1
3	22	1
4	22	4
5	22	3
6	22	10
7	22	9
8	22	10
9	22	9
10	22	11
11	22	11
12	22	10
13	22	13
14	22	12
15	22	16
16	22	20
17	22	19
18	22	17
19	22	24
20	22	28
21	22	13
22	22	14
23	22	10
0	23	0
1	23	0
2	23	0
3	23	0
4	23	0
5	23	0
6	23	0
7	23	0
8	23	0
9	23	0
10	23	0
11	23	0
12	23	0
13	23	0
14	23	0
15	23	0
16	23	0
17	23	0
18	23	0
19	23	0
20	23	0
21	23	0
22	23	0
23	23	0
0	24	1
1	24	1
2	24	1
3	24	1
4	24	3
5	24	4
6	24	7
7	24	7
8	24	19
9	24	12
10	24	19
11	24	9
12	24	22
13	24	15
14	24	17
15	24	12
16	24	21
17	24	13
18	24	20
19	24	19
20	24	19
21	24	23
22	24	17
23	24	12
0	25	0
1	25	0
2	25	0
3	25	0
4	25	0
5	25	0
6	25	25
7	25	0
8	25	0
9	25	0
10	25	25
11	25	0
12	25	0
13	25	0
14	25	0
15	25	25
16	25	0
17	25	25
18	25	0
19	25	0
20	25	0
21	25	0
22	25	0
23	25	25
0	26	0
1	26	0
2	26	0
3	26	0
4	26	0
5	26	0
6	26	0
7	26	0
8	26	0
9	26	0
10	26	0
11	26	12
12	26	0
13	26	0
14	26	0
15	26	12
16	26	12
17	26	0
18	26	0
19	26	0
20	26	0
21	26	71
22	26	102
23	26	12
0	27	5
1	27	3
2	27	2
3	27	2
4	27	2
5	27	3
6	27	7
7	27	10
8	27	14
9	27	16
10	27	16
11	27	16
12	27	18
13	27	17
14	27	16
15	27	17
16	27	18
17	27	19
18	27	20
19	27	21
20	27	22
21	27	21
22	27	16
23	27	10
0	28	0
1	28	0
2	28	0
3	28	0
4	28	0
5	28	0
6	28	0
7	28	0
8	28	0
9	28	0
10	28	0
11	28	0
12	28	0
13	28	253
14	28	0
15	28	0
16	28	0
17	28	0
18	28	0
19	28	0
20	28	0
21	28	0
22	28	0
23	28	0
0	29	7
1	29	2
2	29	3
3	29	2
4	29	2
5	29	2
6	29	7
7	29	7
8	29	13
9	29	17
10	29	14
11	29	19
12	29	18
13	29	14
14	29	10
15	29	11
16	29	17
17	29	19
18	29	18
19	29	16
20	29	28
21	29	18
22	29	16
23	29	14
0	30	10
1	30	5
2	30	3
3	30	0
4	30	2
5	30	2
6	30	5
7	30	4
8	30	11
9	30	9
10	30	13
11	30	16
12	30	15
13	30	12
14	30	15
15	30	9
16	30	23
17	30	30
18	30	16
19	30	21
20	30	31
21	30	26
22	30	32
23	30	12
0	31	0
1	31	0
2	31	0
3	31	0
4	31	0
5	31	0
6	31	46
7	31	0
8	31	0
9	31	0
10	31	72
11	31	0
12	31	0
13	31	17
14	31	0
15	31	17
16	31	17
17	31	17
18	31	0
19	31	17
20	31	0
21	31	60
22	31	46
23	31	0
0	32	0
1	32	0
2	32	0
3	32	2
4	32	2
5	32	9
6	32	18
7	32	20
8	32	5
9	32	12
10	32	15
11	32	32
12	32	5
13	32	18
14	32	15
15	32	23
16	32	18
17	32	10
18	32	30
19	32	40
20	32	27
21	32	27
22	32	29
23	32	5
0	33	7
1	33	0
2	33	0
3	33	0
4	33	0
5	33	3
6	33	0
7	33	9
8	33	14
9	33	9
10	33	18
11	33	3
12	33	14
13	33	12
14	33	9
15	33	12
16	33	20
17	33	16
18	33	20
19	33	42
20	33	28
21	33	24
22	33	24
23	33	7
0	34	3
1	34	4
2	34	0
3	34	3
4	34	0
5	34	4
6	34	5
7	34	9
8	34	7
9	34	7
10	34	7
11	34	11
12	34	12
13	34	11
14	34	16
15	34	9
16	34	14
17	34	15
18	34	12
19	34	16
20	34	18
21	34	19
22	34	19
23	34	7
0	35	8
1	35	0
2	35	0
3	35	8
4	35	3
5	35	0
6	35	18
7	35	8
8	35	20
9	35	13
10	35	6
11	35	20
12	35	34
13	35	8
14	35	13
15	35	16
16	35	8
17	35	3
18	35	20
19	35	13
20	35	25
21	35	34
22	35	34
23	35	0
0	36	4
1	36	0
2	36	0
3	36	0
4	36	0
5	36	0
6	36	4
7	36	0
8	36	8
9	36	8
10	36	4
11	36	0
12	36	4
13	36	8
14	36	0
15	36	0
16	36	0
17	36	0
18	36	15
19	36	8
20	36	8
21	36	4
22	36	4
23	36	0
0	37	3
1	37	3
2	37	3
3	37	0
4	37	7
5	37	0
6	37	0
7	37	5
8	37	3
9	37	3
10	37	3
11	37	9
12	37	12
13	37	5
14	37	3
15	37	14
16	37	7
17	37	12
18	37	14
19	37	12
20	37	7
21	37	7
22	37	5
23	37	5
0	38	8
1	38	5
2	38	1
3	38	0
4	38	0
5	38	2
6	38	3
7	38	7
8	38	6
9	38	11
10	38	6
11	38	8
12	38	11
13	38	9
14	38	8
15	38	8
16	38	14
17	38	13
18	38	24
19	38	19
20	38	20
21	38	19
22	38	11
23	38	6
0	39	0
1	39	10
2	39	10
3	39	0
4	39	6
5	39	0
6	39	6
7	39	20
8	39	38
9	39	25
10	39	6
11	39	6
12	39	15
13	39	6
14	39	20
15	39	0
16	39	25
17	39	20
18	39	20
19	39	34
20	39	25
21	39	25
22	39	29
23	39	10
0	40	0
1	40	0
2	40	0
3	40	0
4	40	0
5	40	0
6	40	0
7	40	11
8	40	0
9	40	0
10	40	0
11	40	6
12	40	6
13	40	0
14	40	0
15	40	11
16	40	16
17	40	11
18	40	11
19	40	0
20	40	6
21	40	6
22	40	0
23	40	0
0	41	3
1	41	4
2	41	3
3	41	2
4	41	1
5	41	2
6	41	6
7	41	13
8	41	12
9	41	12
10	41	12
11	41	15
12	41	19
13	41	15
14	41	14
15	41	17
16	41	18
17	41	20
18	41	18
19	41	23
20	41	23
21	41	21
22	41	19
23	41	11
0	42	6
1	42	3
2	42	2
3	42	1
4	42	2
5	42	4
6	42	3
7	42	7
8	42	6
9	42	7
10	42	12
11	42	9
12	42	12
13	42	12
14	42	12
15	42	11
16	42	14
17	42	12
18	42	14
19	42	19
20	42	22
21	42	15
22	42	17
23	42	7
0	43	0
1	43	12
2	43	6
3	43	0
4	43	0
5	43	0
6	43	0
7	43	0
8	43	29
9	43	12
10	43	6
11	43	18
12	43	6
13	43	6
14	43	0
15	43	12
16	43	12
17	43	6
18	43	12
19	43	12
20	43	29
21	43	18
22	43	12
23	43	23
0	44	5
1	44	2
2	44	2
3	44	1
4	44	1
5	44	2
6	44	7
7	44	9
8	44	11
9	44	12
10	44	15
11	44	10
12	44	15
13	44	14
14	44	10
15	44	18
16	44	20
17	44	16
18	44	17
19	44	27
20	44	21
21	44	18
22	44	16
23	44	9
0	45	0
1	45	0
2	45	0
3	45	0
4	45	0
5	45	0
6	45	0
7	45	0
8	45	0
9	45	0
10	45	27
11	45	0
12	45	0
13	45	14
14	45	0
15	45	27
16	45	14
17	45	27
18	45	0
19	45	27
20	45	27
21	45	40
22	45	0
23	45	0
0	46	4
1	46	3
2	46	2
3	46	2
4	46	3
5	46	2
6	46	5
7	46	6
8	46	8
9	46	12
10	46	12
11	46	13
12	46	12
13	46	14
14	46	13
15	46	14
16	46	15
17	46	15
18	46	18
19	46	22
20	46	21
21	46	23
22	46	15
23	46	9
0	47	4
1	47	4
2	47	0
3	47	0
4	47	0
5	47	0
6	47	0
7	47	4
8	47	11
9	47	11
10	47	8
11	47	0
12	47	4
13	47	18
14	47	0
15	47	4
16	47	21
17	47	28
18	47	11
19	47	18
20	47	18
21	47	8
22	47	8
23	47	4
0	48	0
1	48	4
2	48	0
3	48	0
4	48	4
5	48	19
6	48	8
7	48	34
8	48	44
9	48	37
10	48	12
11	48	23
12	48	12
13	48	4
14	48	34
15	48	16
16	48	19
17	48	53
18	48	19
19	48	50
20	48	62
21	48	19
22	48	23
23	48	0
0	49	0
1	49	0
2	49	0
3	49	0
4	49	0
5	49	0
6	49	0
7	49	11
8	49	0
9	49	6
10	49	11
11	49	0
12	49	11
13	49	11
14	49	0
15	49	11
16	49	0
17	49	0
18	49	11
19	49	6
20	49	16
21	49	39
22	49	16
23	49	0
0	50	15
1	50	3
2	50	0
3	50	0
4	50	3
5	50	3
6	50	11
7	50	5
8	50	7
9	50	17
10	50	13
11	50	11
12	50	11
13	50	9
14	50	7
15	50	27
16	50	21
17	50	21
18	50	7
19	50	13
20	50	25
21	50	34
22	50	32
23	50	7
0	51	8
1	51	0
2	51	0
3	51	0
4	51	0
5	51	0
6	51	0
7	51	15
8	51	0
9	51	0
10	51	22
11	51	54
12	51	0
13	51	0
14	51	0
15	51	22
16	51	8
17	51	8
18	51	22
19	51	0
20	51	15
21	51	22
22	51	22
23	51	0
0	52	0
1	52	4
2	52	1
3	52	1
4	52	2
5	52	7
6	52	6
7	52	4
8	52	15
9	52	5
10	52	9
11	52	5
12	52	6
13	52	13
14	52	7
15	52	9
16	52	10
17	52	18
18	52	14
19	52	12
20	52	29
21	52	15
22	52	12
23	52	13
0	53	4
1	53	0
2	53	0
3	53	8
4	53	0
5	53	0
6	53	0
7	53	4
8	53	0
9	53	18
10	53	8
11	53	4
12	53	8
13	53	8
14	53	0
15	53	11
16	53	8
17	53	15
18	53	31
19	53	15
20	53	22
21	53	8
22	53	8
23	53	25
0	54	8
1	54	3
2	54	0
3	54	1
4	54	3
5	54	5
6	54	5
7	54	7
8	54	16
9	54	17
10	54	11
11	54	8
12	54	13
13	54	11
14	54	11
15	54	14
16	54	13
17	54	8
18	54	15
19	54	22
20	54	20
21	54	24
22	54	28
23	54	13
0	55	0
1	55	4
2	55	7
3	55	2
4	55	12
5	55	2
6	55	11
7	55	11
8	55	11
9	55	11
10	55	9
11	55	23
12	55	6
13	55	14
14	55	14
15	55	14
16	55	19
17	55	9
18	55	34
19	55	22
20	55	14
21	55	22
22	55	34
23	55	7
0	56	7
1	56	5
2	56	5
3	56	5
4	56	2
5	56	2
6	56	8
7	56	7
8	56	6
9	56	12
10	56	7
11	56	7
12	56	8
13	56	10
14	56	11
15	56	12
16	56	14
17	56	18
18	56	16
19	56	21
20	56	20
21	56	22
22	56	21
23	56	6
0	57	21
1	57	0
2	57	0
3	57	0
4	57	0
5	57	0
6	57	0
7	57	11
8	57	0
9	57	11
10	57	11
11	57	11
12	57	0
13	57	30
14	57	11
15	57	0
16	57	0
17	57	11
18	57	30
19	57	21
20	57	21
21	57	30
22	57	48
23	57	0
0	58	12
1	58	10
2	58	0
3	58	5
4	58	2
5	58	2
6	58	3
7	58	6
8	58	17
9	58	10
10	58	15
11	58	9
12	58	8
13	58	9
14	58	8
15	58	11
16	58	17
17	58	15
18	58	20
19	58	13
20	58	20
21	58	17
22	58	10
23	58	7
0	59	6
1	59	6
2	59	4
3	59	0
4	59	2
5	59	11
6	59	7
7	59	7
8	59	9
9	59	16
10	59	20
11	59	6
12	59	9
13	59	9
14	59	7
15	59	6
16	59	7
17	59	6
18	59	17
19	59	33
20	59	19
21	59	31
22	59	22
23	59	14
0	60	0
1	60	0
2	60	0
3	60	0
4	60	0
5	60	0
6	60	0
7	60	0
8	60	0
9	60	23
10	60	0
11	60	0
12	60	0
13	60	12
14	60	52
15	60	23
16	60	23
17	60	0
18	60	0
19	60	0
20	60	0
21	60	12
22	60	23
23	60	12
0	61	4
1	61	7
2	61	3
3	61	1
4	61	1
5	61	1
6	61	10
7	61	10
8	61	8
9	61	17
10	61	15
11	61	10
12	61	8
13	61	22
14	61	14
15	61	19
16	61	21
17	61	21
18	61	22
19	61	24
20	61	20
21	61	19
22	61	13
23	61	5
0	62	0
1	62	0
2	62	0
3	62	7
4	62	3
5	62	0
6	62	5
7	62	5
8	62	7
9	62	11
10	62	13
11	62	11
12	62	7
13	62	0
14	62	3
15	62	5
16	62	3
17	62	13
18	62	0
19	62	11
20	62	13
21	62	20
22	62	3
23	62	5
0	63	22
1	63	41
2	63	8
3	63	29
4	63	0
5	63	0
6	63	0
7	63	15
8	63	29
9	63	29
10	63	22
11	63	0
12	63	15
13	63	8
14	63	8
15	63	22
16	63	8
17	63	22
18	63	8
19	63	15
20	63	48
21	63	15
22	63	0
23	63	15
0	64	6
1	64	3
2	64	0
3	64	0
4	64	0
5	64	0
6	64	0
7	64	3
8	64	3
9	64	8
10	64	0
11	64	11
12	64	6
13	64	15
14	64	22
15	64	13
16	64	11
17	64	3
18	64	6
19	64	36
20	64	27
21	64	22
22	64	11
23	64	3
0	65	4
1	65	3
2	65	0
3	65	2
4	65	0
5	65	2
6	65	2
7	65	11
8	65	10
9	65	12
10	65	11
11	65	12
12	65	6
13	65	13
14	65	6
15	65	18
16	65	17
17	65	22
18	65	21
19	65	18
20	65	17
21	65	27
22	65	15
23	65	11
0	66	15
1	66	0
2	66	0
3	66	0
4	66	8
5	66	0
6	66	8
7	66	28
8	66	8
9	66	8
10	66	0
11	66	0
12	66	8
13	66	8
14	66	8
15	66	0
16	66	35
17	66	15
18	66	22
19	66	0
20	66	0
21	66	28
22	66	28
23	66	15
0	67	6
1	67	0
2	67	0
3	67	0
4	67	0
5	67	6
6	67	6
7	67	16
8	67	6
9	67	6
10	67	0
11	67	16
12	67	16
13	67	6
14	67	6
15	67	11
16	67	16
17	67	22
18	67	11
19	67	31
20	67	16
21	67	31
22	67	11
23	67	0
0	68	6
1	68	2
2	68	0
3	68	6
4	68	6
5	68	6
6	68	9
7	68	6
8	68	10
9	68	22
10	68	15
11	68	20
12	68	12
13	68	20
14	68	20
15	68	26
16	68	25
17	68	17
18	68	20
19	68	29
20	68	31
21	68	34
22	68	12
23	68	7
0	69	5
1	69	2
2	69	2
3	69	0
4	69	0
5	69	0
6	69	2
7	69	13
8	69	5
9	69	8
10	69	2
11	69	8
12	69	9
13	69	5
14	69	11
15	69	18
16	69	4
17	69	11
18	69	5
19	69	18
20	69	26
21	69	18
22	69	17
23	69	14
0	70	5
1	70	3
2	70	3
3	70	2
4	70	2
5	70	2
6	70	3
7	70	11
8	70	13
9	70	18
10	70	16
11	70	10
12	70	13
13	70	14
14	70	18
15	70	22
16	70	19
17	70	25
18	70	23
19	70	25
20	70	26
21	70	24
22	70	16
23	70	8
0	71	0
1	71	2
2	71	0
3	71	2
4	71	0
5	71	0
6	71	2
7	71	0
8	71	2
9	71	9
10	71	7
11	71	7
12	71	12
13	71	22
14	71	6
15	71	11
16	71	7
17	71	17
18	71	12
19	71	12
20	71	17
21	71	11
22	71	9
23	71	9
0	72	0
1	72	3
2	72	3
3	72	0
4	72	0
5	72	6
6	72	0
7	72	6
8	72	18
9	72	23
10	72	21
11	72	31
12	72	18
13	72	3
14	72	9
15	72	9
16	72	23
17	72	6
18	72	23
19	72	21
20	72	26
21	72	31
22	72	21
23	72	18
0	73	22
1	73	5
2	73	3
3	73	0
4	73	0
5	73	3
6	73	5
7	73	24
8	73	18
9	73	13
10	73	3
11	73	18
12	73	7
13	73	11
14	73	15
15	73	9
16	73	18
17	73	7
18	73	16
19	73	26
20	73	9
21	73	40
22	73	26
23	73	18
0	74	0
1	74	0
2	74	0
3	74	0
4	74	0
5	74	0
6	74	0
7	74	23
8	74	0
9	74	0
10	74	0
11	74	0
12	74	0
13	74	0
14	74	23
15	74	0
16	74	0
17	74	0
18	74	23
19	74	43
20	74	23
21	74	23
22	74	0
23	74	0
0	75	0
1	75	0
2	75	0
3	75	2
4	75	0
5	75	0
6	75	2
7	75	9
8	75	19
9	75	6
10	75	23
11	75	27
12	75	8
13	75	16
14	75	13
15	75	13
16	75	25
17	75	12
18	75	15
19	75	23
20	75	15
21	75	20
22	75	12
23	75	15
0	76	12
1	76	0
2	76	0
3	76	0
4	76	3
5	76	0
6	76	0
7	76	3
8	76	9
9	76	20
10	76	6
11	76	28
12	76	14
13	76	25
14	76	14
15	76	12
16	76	12
17	76	14
18	76	20
19	76	17
20	76	12
21	76	9
22	76	23
23	76	14
0	77	2
1	77	1
2	77	0
3	77	2
4	77	0
5	77	0
6	77	10
7	77	7
8	77	7
9	77	5
10	77	11
11	77	4
12	77	9
13	77	3
14	77	5
15	77	8
16	77	8
17	77	12
18	77	16
19	77	16
20	77	16
21	77	15
22	77	8
23	77	5
0	78	0
1	78	0
2	78	0
3	78	0
4	78	0
5	78	0
6	78	0
7	78	0
8	78	11
9	78	11
10	78	0
11	78	0
12	78	20
13	78	11
14	78	0
15	78	11
16	78	0
17	78	11
18	78	0
19	78	0
20	78	11
21	78	11
22	78	11
23	78	11
0	79	2
1	79	6
2	79	3
3	79	2
4	79	1
5	79	1
6	79	4
7	79	6
8	79	10
9	79	8
10	79	16
11	79	6
12	79	12
13	79	10
14	79	9
15	79	7
16	79	20
17	79	13
18	79	13
19	79	11
20	79	20
21	79	16
22	79	24
23	79	10
0	80	0
1	80	0
2	80	0
3	80	0
4	80	0
5	80	0
6	80	0
7	80	0
8	80	0
9	80	0
10	80	0
11	80	0
12	80	0
13	80	0
14	80	0
15	80	0
16	80	0
17	80	28
18	80	0
19	80	0
20	80	0
21	80	0
22	80	0
23	80	0
0	81	0
1	81	0
2	81	0
3	81	0
4	81	0
5	81	0
6	81	0
7	81	0
8	81	0
9	81	0
10	81	0
11	81	0
12	81	0
13	81	0
14	81	0
15	81	0
16	81	0
17	81	0
18	81	0
19	81	0
20	81	0
21	81	0
22	81	0
23	81	0
0	82	1
1	82	1
2	82	0
3	82	1
4	82	0
5	82	1
6	82	3
7	82	2
8	82	13
9	82	5
10	82	8
11	82	5
12	82	13
13	82	12
14	82	7
15	82	10
16	82	11
17	82	13
18	82	28
19	82	22
20	82	22
21	82	20
22	82	22
23	82	11
0	83	6
1	83	0
2	83	0
3	83	0
4	83	0
5	83	0
6	83	0
7	83	28
8	83	3
9	83	12
10	83	12
11	83	6
12	83	9
13	83	15
14	83	12
15	83	9
16	83	26
17	83	28
18	83	12
19	83	15
20	83	26
21	83	15
22	83	20
23	83	6
0	84	0
1	84	0
2	84	0
3	84	0
4	84	0
5	84	0
6	84	0
7	84	0
8	84	0
9	84	9
10	84	0
11	84	0
12	84	18
13	84	9
14	84	9
15	84	9
16	84	9
17	84	0
18	84	34
19	84	49
20	84	18
21	84	18
22	84	0
23	84	0
0	85	3
1	85	3
2	85	0
3	85	0
4	85	0
5	85	7
6	85	0
7	85	17
8	85	17
9	85	21
10	85	17
11	85	3
12	85	21
13	85	7
14	85	43
15	85	17
16	85	11
17	85	21
18	85	13
19	85	19
20	85	15
21	85	15
22	85	11
23	85	24
0	86	9
1	86	6
2	86	3
3	86	1
4	86	1
5	86	2
6	86	6
7	86	9
8	86	7
9	86	17
10	86	14
11	86	14
12	86	18
13	86	14
14	86	19
15	86	16
16	86	22
17	86	19
18	86	21
19	86	25
20	86	26
21	86	25
22	86	23
23	86	16
0	87	1
1	87	3
2	87	5
3	87	0
4	87	3
5	87	0
6	87	8
7	87	8
8	87	11
9	87	2
10	87	6
11	87	11
12	87	5
13	87	11
14	87	6
15	87	7
16	87	11
17	87	19
18	87	22
19	87	21
20	87	23
21	87	20
22	87	14
23	87	4
0	88	0
1	88	0
2	88	0
3	88	0
4	88	0
5	88	0
6	88	0
7	88	0
8	88	0
9	88	0
10	88	0
11	88	0
12	88	0
13	88	0
14	88	0
15	88	0
16	88	0
17	88	27
18	88	0
19	88	0
20	88	72
21	88	51
22	88	0
23	88	0
0	89	0
1	89	0
2	89	4
3	89	0
4	89	0
5	89	0
6	89	7
7	89	4
8	89	4
9	89	14
10	89	17
11	89	14
12	89	17
13	89	7
14	89	14
15	89	17
16	89	14
17	89	0
18	89	45
19	89	48
20	89	21
21	89	39
22	89	39
23	89	7
0	90	7
1	90	4
2	90	3
3	90	2
4	90	2
5	90	3
6	90	6
7	90	9
8	90	13
9	90	15
10	90	14
11	90	15
12	90	17
13	90	14
14	90	15
15	90	16
16	90	18
17	90	18
18	90	21
19	90	22
20	90	24
21	90	24
22	90	18
23	90	13
0	91	0
1	91	0
2	91	0
3	91	0
4	91	0
5	91	0
6	91	4
7	91	0
8	91	0
9	91	16
10	91	7
11	91	32
12	91	10
13	91	27
14	91	18
15	91	4
16	91	16
17	91	24
18	91	16
19	91	16
20	91	7
21	91	27
22	91	7
23	91	7
0	92	6
1	92	0
2	92	0
3	92	2
4	92	0
5	92	2
6	92	0
7	92	5
8	92	4
9	92	10
10	92	11
11	92	9
12	92	11
13	92	7
14	92	12
15	92	6
16	92	13
17	92	12
18	92	18
19	92	25
20	92	8
21	92	10
22	92	13
23	92	9
0	93	0
1	93	0
2	93	0
3	93	0
4	93	0
5	93	0
6	93	11
7	93	22
8	93	0
9	93	0
10	93	11
11	93	41
12	93	41
13	93	0
14	93	0
15	93	0
16	93	0
17	93	11
18	93	67
19	93	0
20	93	11
21	93	31
22	93	0
23	93	0
0	94	6
1	94	5
2	94	2
3	94	2
4	94	3
5	94	3
6	94	7
7	94	13
8	94	16
9	94	11
10	94	12
11	94	13
12	94	12
13	94	15
14	94	16
15	94	15
16	94	15
17	94	13
18	94	21
19	94	23
20	94	17
21	94	21
22	94	21
23	94	19
0	95	0
1	95	0
2	95	0
3	95	0
4	95	0
5	95	0
6	95	60
7	95	11
8	95	27
9	95	11
10	95	0
11	95	0
12	95	22
13	95	11
14	95	51
15	95	11
16	95	0
17	95	0
18	95	11
19	95	22
20	95	27
21	95	32
22	95	6
23	95	32
0	96	0
1	96	0
2	96	0
3	96	0
4	96	0
5	96	0
6	96	0
7	96	0
8	96	0
9	96	0
10	96	0
11	96	0
12	96	201
13	96	0
14	96	0
15	96	0
16	96	0
17	96	0
18	96	0
19	96	0
20	96	0
21	96	0
22	96	0
23	96	0
0	97	9
1	97	3
2	97	2
3	97	2
4	97	2
5	97	2
6	97	8
7	97	10
8	97	13
9	97	13
10	97	15
11	97	14
12	97	16
13	97	16
14	97	15
15	97	19
16	97	19
17	97	23
18	97	20
19	97	23
20	97	22
21	97	20
22	97	16
23	97	13
0	98	4
1	98	0
2	98	4
3	98	0
4	98	0
5	98	17
6	98	17
7	98	18
8	98	4
9	98	4
10	98	15
11	98	5
12	98	2
13	98	0
14	98	2
15	98	5
16	98	9
17	98	14
18	98	18
19	98	9
20	98	20
21	98	33
22	98	4
23	98	10
0	99	0
1	99	0
2	99	0
3	99	0
4	99	0
5	99	0
6	99	0
7	99	0
8	99	0
9	99	0
10	99	33
11	99	0
12	99	0
13	99	0
14	99	0
15	99	17
16	99	0
17	99	0
18	99	0
19	99	17
20	99	47
21	99	0
22	99	0
23	99	47
0	100	4
1	100	1
2	100	0
3	100	0
4	100	4
5	100	6
6	100	8
7	100	3
8	100	8
9	100	12
10	100	15
11	100	4
12	100	8
13	100	7
14	100	10
15	100	9
16	100	18
17	100	22
18	100	16
19	100	13
20	100	15
21	100	8
22	100	18
23	100	3
0	101	11
1	101	0
2	101	0
3	101	0
4	101	0
5	101	6
6	101	11
7	101	0
8	101	6
9	101	0
10	101	11
11	101	17
12	101	17
13	101	27
14	101	11
15	101	17
16	101	11
17	101	27
18	101	17
19	101	54
20	101	17
21	101	27
22	101	27
23	101	0
0	102	7
1	102	21
2	102	0
3	102	4
4	102	0
5	102	0
6	102	0
7	102	11
8	102	7
9	102	17
10	102	33
11	102	59
12	102	17
13	102	51
14	102	39
15	102	36
16	102	24
17	102	11
18	102	33
19	102	27
20	102	17
21	102	27
22	102	39
23	102	54
0	103	9
1	103	0
2	103	0
3	103	0
4	103	0
5	103	0
6	103	9
7	103	26
8	103	0
9	103	0
10	103	0
11	103	0
12	103	0
13	103	9
14	103	9
15	103	0
16	103	0
17	103	0
18	103	0
19	103	9
20	103	0
21	103	18
22	103	34
23	103	41
0	104	7
1	104	4
2	104	3
3	104	2
4	104	2
5	104	2
6	104	6
7	104	8
8	104	11
9	104	14
10	104	14
11	104	13
12	104	12
13	104	12
14	104	13
15	104	12
16	104	15
17	104	16
18	104	18
19	104	19
20	104	23
21	104	21
22	104	20
23	104	13
0	105	4
1	105	2
2	105	0
3	105	0
4	105	4
5	105	0
6	105	11
7	105	2
8	105	10
9	105	6
10	105	2
11	105	8
12	105	8
13	105	2
14	105	18
15	105	15
16	105	10
17	105	35
18	105	22
19	105	10
20	105	17
21	105	11
22	105	8
23	105	10
0	106	0
1	106	7
2	106	7
3	106	0
4	106	7
5	106	0
6	106	18
7	106	30
8	106	24
9	106	0
10	106	7
11	106	13
12	106	0
13	106	13
14	106	24
15	106	7
16	106	7
17	106	7
18	106	18
19	106	18
20	106	46
21	106	13
22	106	13
23	106	7
0	107	7
1	107	4
2	107	4
3	107	0
4	107	8
5	107	2
6	107	14
7	107	5
8	107	8
9	107	17
10	107	14
11	107	10
12	107	8
13	107	23
14	107	11
15	107	11
16	107	10
17	107	17
18	107	17
19	107	31
20	107	33
21	107	15
22	107	27
23	107	21
0	108	0
1	108	0
2	108	0
3	108	0
4	108	0
5	108	0
6	108	0
7	108	22
8	108	8
9	108	0
10	108	15
11	108	15
12	108	0
13	108	15
14	108	0
15	108	0
16	108	0
17	108	22
18	108	0
19	108	0
20	108	22
21	108	15
22	108	0
23	108	8
0	109	2
1	109	2
2	109	4
3	109	2
4	109	3
5	109	1
6	109	7
7	109	8
8	109	11
9	109	7
10	109	16
11	109	11
12	109	12
13	109	20
14	109	8
15	109	7
16	109	12
17	109	22
18	109	19
19	109	20
20	109	17
21	109	22
22	109	16
23	109	5
0	110	0
1	110	0
2	110	0
3	110	0
4	110	0
5	110	0
6	110	17
7	110	17
8	110	32
9	110	17
10	110	60
11	110	17
12	110	17
13	110	17
14	110	46
15	110	0
16	110	0
17	110	17
18	110	17
19	110	0
20	110	0
21	110	17
22	110	0
23	110	0
0	111	0
1	111	3
2	111	3
3	111	0
4	111	6
5	111	0
6	111	11
7	111	8
8	111	8
9	111	16
10	111	11
11	111	21
12	111	19
13	111	11
14	111	6
15	111	21
16	111	23
17	111	31
18	111	26
19	111	38
20	111	23
21	111	26
22	111	28
23	111	6
0	112	2
1	112	0
2	112	0
3	112	2
4	112	3
5	112	0
6	112	0
7	112	5
8	112	12
9	112	9
10	112	16
11	112	5
12	112	16
13	112	6
14	112	3
15	112	13
16	112	24
17	112	19
18	112	29
19	112	8
20	112	15
21	112	23
22	112	8
23	112	5
0	113	4
1	113	0
2	113	4
3	113	0
4	113	0
5	113	4
6	113	0
7	113	22
8	113	8
9	113	12
10	113	4
11	113	8
12	113	32
13	113	4
14	113	0
15	113	8
16	113	36
17	113	8
18	113	32
19	113	36
20	113	12
21	113	42
22	113	12
23	113	8
0	114	1
1	114	5
2	114	1
3	114	0
4	114	4
5	114	5
6	114	15
7	114	13
8	114	20
9	114	11
10	114	11
11	114	23
12	114	12
13	114	16
14	114	17
15	114	32
16	114	11
17	114	20
18	114	27
19	114	30
20	114	32
21	114	36
22	114	13
23	114	5
0	115	0
1	115	0
2	115	0
3	115	0
4	115	0
5	115	0
6	115	0
7	115	16
8	115	8
9	115	0
10	115	0
11	115	0
12	115	0
13	115	0
14	115	0
15	115	31
16	115	16
17	115	31
18	115	31
19	115	8
20	115	16
21	115	8
22	115	0
23	115	0
0	116	32
1	116	0
2	116	0
3	116	0
4	116	0
5	116	0
6	116	0
7	116	0
8	116	0
9	116	11
10	116	11
11	116	11
12	116	11
13	116	0
14	116	11
15	116	11
16	116	41
17	116	11
18	116	32
19	116	67
20	116	0
21	116	11
22	116	0
23	116	0
0	117	31
1	117	7
2	117	13
3	117	13
4	117	7
5	117	0
6	117	28
7	117	19
8	117	7
9	117	10
10	117	25
11	117	10
12	117	7
13	117	16
14	117	34
15	117	19
16	117	10
17	117	10
18	117	25
19	117	19
20	117	42
21	117	56
22	117	19
23	117	22
0	118	3
1	118	1
2	118	4
3	118	1
4	118	1
5	118	4
6	118	5
7	118	6
8	118	16
9	118	17
10	118	17
11	118	18
12	118	19
13	118	18
14	118	15
15	118	16
16	118	12
17	118	26
18	118	21
19	118	28
20	118	21
21	118	26
22	118	18
23	118	13
0	119	0
1	119	0
2	119	0
3	119	0
4	119	0
5	119	0
6	119	23
7	119	44
8	119	0
9	119	0
10	119	0
11	119	0
12	119	0
13	119	0
14	119	44
15	119	0
16	119	23
17	119	63
18	119	23
19	119	80
20	119	0
21	119	63
22	119	23
23	119	0
0	120	5
1	120	1
2	120	0
3	120	0
4	120	0
5	120	1
6	120	3
7	120	11
8	120	29
9	120	14
10	120	14
11	120	10
12	120	14
13	120	14
14	120	6
15	120	21
16	120	16
17	120	15
18	120	16
19	120	12
20	120	21
21	120	28
22	120	19
23	120	16
0	121	0
1	121	3
2	121	3
3	121	0
4	121	0
5	121	0
6	121	9
7	121	3
8	121	27
9	121	25
10	121	19
11	121	21
12	121	21
13	121	7
14	121	25
15	121	11
16	121	13
17	121	15
18	121	17
19	121	11
20	121	7
21	121	9
22	121	11
23	121	5
0	122	0
1	122	0
2	122	0
3	122	0
4	122	0
5	122	0
6	122	0
7	122	15
8	122	0
9	122	0
10	122	34
11	122	34
12	122	0
13	122	8
14	122	8
15	122	21
16	122	15
17	122	47
18	122	15
19	122	0
20	122	47
21	122	28
22	122	40
23	122	0
0	123	0
1	123	0
2	123	5
3	123	4
4	123	8
5	123	7
6	123	5
7	123	8
8	123	16
9	123	7
10	123	10
11	123	8
12	123	13
13	123	5
14	123	11
15	123	13
16	123	27
17	123	16
18	123	21
19	123	20
20	123	30
21	123	42
22	123	21
23	123	8
0	124	0
1	124	0
2	124	0
3	124	0
4	124	0
5	124	0
6	124	0
7	124	0
8	124	0
9	124	0
10	124	46
11	124	0
12	124	0
13	124	0
14	124	0
15	124	0
16	124	24
17	124	0
18	124	0
19	124	46
20	124	0
21	124	0
22	124	0
23	124	24
0	125	4
1	125	2
2	125	3
3	125	3
4	125	6
5	125	6
6	125	12
7	125	8
8	125	15
9	125	13
10	125	13
11	125	11
12	125	14
13	125	16
14	125	12
15	125	18
16	125	15
17	125	9
18	125	14
19	125	15
20	125	20
21	125	15
22	125	9
23	125	6
0	126	11
1	126	0
2	126	3
3	126	0
4	126	0
5	126	0
6	126	16
7	126	7
8	126	14
9	126	0
10	126	14
11	126	14
12	126	18
13	126	11
14	126	24
15	126	18
16	126	16
17	126	20
18	126	18
19	126	26
20	126	38
21	126	22
22	126	16
23	126	16
0	127	4
1	127	5
2	127	3
3	127	3
4	127	2
5	127	2
6	127	9
7	127	10
8	127	12
9	127	14
10	127	18
11	127	12
12	127	10
13	127	14
14	127	20
15	127	20
16	127	12
17	127	14
18	127	17
19	127	24
20	127	22
21	127	22
22	127	13
23	127	10
0	128	5
1	128	3
2	128	2
3	128	2
4	128	1
5	128	2
6	128	5
7	128	7
8	128	10
9	128	15
10	128	10
11	128	14
12	128	9
13	128	13
14	128	14
15	128	16
16	128	17
17	128	21
18	128	19
19	128	16
20	128	21
21	128	20
22	128	16
23	128	9
0	129	6
1	129	6
2	129	12
3	129	0
4	129	0
5	129	3
6	129	12
7	129	0
8	129	9
9	129	9
10	129	12
11	129	20
12	129	23
13	129	9
14	129	6
15	129	17
16	129	3
17	129	20
18	129	12
19	129	9
20	129	31
21	129	20
22	129	12
23	129	6
0	130	0
1	130	0
2	130	0
3	130	0
4	130	0
5	130	0
6	130	6
7	130	0
8	130	6
9	130	6
10	130	28
11	130	18
12	130	0
13	130	0
14	130	18
15	130	28
16	130	0
17	130	6
18	130	28
19	130	23
20	130	43
21	130	12
22	130	0
23	130	38
0	131	0
1	131	0
2	131	0
3	131	0
4	131	0
5	131	0
6	131	0
7	131	15
8	131	0
9	131	0
10	131	0
11	131	0
12	131	0
13	131	0
14	131	0
15	131	15
16	131	0
17	131	15
18	131	15
19	131	0
20	131	0
21	131	0
22	131	15
23	131	0
0	132	8
1	132	6
2	132	2
3	132	4
4	132	0
5	132	2
6	132	5
7	132	13
8	132	8
9	132	18
10	132	16
11	132	11
12	132	23
13	132	13
14	132	13
15	132	17
16	132	12
17	132	20
18	132	19
19	132	25
20	132	19
21	132	17
22	132	21
23	132	12
0	133	3
1	133	2
2	133	1
3	133	0
4	133	2
5	133	3
6	133	3
7	133	5
8	133	10
9	133	12
10	133	9
11	133	10
12	133	6
13	133	12
14	133	15
15	133	10
16	133	19
17	133	17
18	133	24
19	133	15
20	133	25
21	133	20
22	133	14
23	133	5
0	134	13
1	134	0
2	134	17
3	134	0
4	134	0
5	134	0
6	134	21
7	134	17
8	134	9
9	134	5
10	134	17
11	134	5
12	134	9
13	134	5
14	134	39
15	134	9
16	134	5
17	134	13
18	134	24
19	134	46
20	134	53
21	134	28
22	134	75
23	134	49
0	135	13
1	135	0
2	135	0
3	135	0
4	135	13
5	135	13
6	135	0
7	135	13
8	135	36
9	135	46
10	135	36
11	135	0
12	135	0
13	135	0
14	135	0
15	135	0
16	135	0
17	135	0
18	135	25
19	135	0
20	135	25
21	135	75
22	135	13
23	135	36
0	136	0
1	136	0
2	136	0
3	136	0
4	136	0
5	136	0
6	136	0
7	136	4
8	136	4
9	136	0
10	136	0
11	136	0
12	136	0
13	136	4
14	136	0
15	136	4
16	136	7
17	136	4
18	136	4
19	136	0
20	136	11
21	136	0
22	136	7
23	136	0
0	137	7
1	137	0
2	137	0
3	137	0
4	137	0
5	137	0
6	137	7
7	137	10
8	137	7
9	137	17
10	137	7
11	137	10
12	137	10
13	137	10
14	137	4
15	137	0
16	137	4
17	137	26
18	137	17
19	137	10
20	137	7
21	137	14
22	137	20
23	137	4
0	138	12
1	138	0
2	138	2
3	138	5
4	138	2
5	138	0
6	138	8
7	138	2
8	138	8
9	138	27
10	138	26
11	138	13
12	138	21
13	138	18
14	138	6
15	138	14
16	138	23
17	138	14
18	138	11
19	138	28
20	138	12
21	138	27
22	138	12
23	138	10
0	139	3
1	139	0
2	139	3
3	139	0
4	139	0
5	139	3
6	139	0
7	139	0
8	139	5
9	139	7
10	139	5
11	139	25
12	139	3
13	139	7
14	139	12
15	139	12
16	139	14
17	139	27
18	139	14
19	139	16
20	139	16
21	139	21
22	139	16
23	139	5
0	140	3
1	140	3
2	140	1
3	140	1
4	140	2
5	140	1
6	140	6
7	140	8
8	140	11
9	140	13
10	140	10
11	140	12
12	140	11
13	140	11
14	140	12
15	140	12
16	140	13
17	140	16
18	140	17
19	140	18
20	140	17
21	140	19
22	140	13
23	140	8
0	141	7
1	141	4
2	141	3
3	141	2
4	141	1
5	141	2
6	141	5
7	141	7
8	141	12
9	141	12
10	141	12
11	141	13
12	141	14
13	141	13
14	141	14
15	141	14
16	141	16
17	141	17
18	141	18
19	141	22
20	141	21
21	141	19
22	141	16
23	141	10
0	142	27
1	142	0
2	142	6
3	142	12
4	142	3
5	142	0
6	142	0
7	142	6
8	142	9
9	142	22
10	142	27
11	142	47
12	142	0
13	142	0
14	142	12
15	142	20
16	142	14
17	142	14
18	142	22
19	142	42
20	142	52
21	142	45
22	142	33
23	142	12
0	143	0
1	143	0
2	143	0
3	143	0
4	143	0
5	143	0
6	143	0
7	143	0
8	143	0
9	143	0
10	143	0
11	143	17
12	143	0
13	143	6
14	143	0
15	143	6
16	143	22
17	143	12
18	143	0
19	143	0
20	143	33
21	143	17
22	143	12
23	143	0
0	144	5
1	144	0
2	144	0
3	144	2
4	144	2
5	144	0
6	144	9
7	144	11
8	144	14
9	144	8
10	144	14
11	144	7
12	144	7
13	144	7
14	144	9
15	144	4
16	144	9
17	144	14
18	144	15
19	144	20
20	144	26
21	144	29
22	144	12
23	144	2
0	145	4
1	145	3
2	145	2
3	145	1
4	145	2
5	145	3
6	145	6
7	145	7
8	145	14
9	145	9
10	145	11
11	145	18
12	145	24
13	145	17
14	145	13
15	145	17
16	145	17
17	145	15
18	145	17
19	145	24
20	145	20
21	145	20
22	145	18
23	145	13
0	146	0
1	146	0
2	146	0
3	146	0
4	146	0
5	146	0
6	146	0
7	146	0
8	146	0
9	146	0
10	146	0
11	146	0
12	146	0
13	146	0
14	146	0
15	146	0
16	146	0
17	146	0
18	146	0
19	146	0
20	146	0
21	146	0
22	146	0
23	146	0
0	147	5
1	147	3
2	147	2
3	147	2
4	147	4
5	147	7
6	147	7
7	147	12
8	147	17
9	147	19
10	147	18
11	147	12
12	147	19
13	147	14
14	147	17
15	147	19
16	147	18
17	147	22
18	147	23
19	147	28
20	147	30
21	147	33
22	147	21
23	147	16
0	148	0
1	148	0
2	148	5
3	148	0
4	148	0
5	148	0
6	148	13
7	148	17
8	148	21
9	148	17
10	148	17
11	148	5
12	148	21
13	148	17
14	148	5
15	148	13
16	148	9
17	148	13
18	148	5
19	148	25
20	148	0
21	148	25
22	148	13
23	148	9
0	149	15
1	149	0
2	149	3
3	149	0
4	149	0
5	149	0
6	149	7
7	149	5
8	149	15
9	149	0
10	149	5
11	149	17
12	149	5
13	149	15
14	149	19
15	149	15
16	149	9
17	149	13
18	149	23
19	149	15
20	149	15
21	149	25
22	149	23
23	149	17
0	150	0
1	150	0
2	150	0
3	150	0
4	150	0
5	150	0
6	150	27
7	150	27
8	150	0
9	150	0
10	150	27
11	150	27
12	150	27
13	150	27
14	150	51
15	150	0
16	150	27
17	150	0
18	150	0
19	150	0
20	150	51
21	150	0
22	150	0
23	150	0
0	151	5
1	151	3
2	151	2
3	151	2
4	151	2
5	151	2
6	151	6
7	151	5
8	151	8
9	151	13
10	151	11
11	151	11
12	151	10
13	151	10
14	151	11
15	151	12
16	151	14
17	151	13
18	151	17
19	151	22
20	151	18
21	151	20
22	151	14
23	151	8
0	152	0
1	152	0
2	152	0
3	152	0
4	152	0
5	152	0
6	152	0
7	152	13
8	152	0
9	152	7
10	152	0
11	152	0
12	152	7
13	152	7
14	152	19
15	152	31
16	152	19
17	152	13
18	152	0
19	152	19
20	152	13
21	152	13
22	152	7
23	152	19
0	153	4
1	153	3
2	153	3
3	153	2
4	153	3
5	153	3
6	153	6
7	153	7
8	153	12
9	153	11
10	153	10
11	153	8
12	153	13
13	153	11
14	153	12
15	153	13
16	153	15
17	153	17
18	153	19
19	153	21
20	153	25
21	153	25
22	153	18
23	153	12
0	154	0
1	154	0
2	154	0
3	154	0
4	154	0
5	154	0
6	154	6
7	154	6
8	154	0
9	154	6
10	154	0
11	154	0
12	154	0
13	154	6
14	154	0
15	154	6
16	154	6
17	154	16
18	154	11
19	154	21
20	154	6
21	154	11
22	154	6
23	154	0
0	155	8
1	155	6
2	155	4
3	155	0
4	155	2
5	155	9
6	155	5
7	155	7
8	155	9
9	155	14
10	155	14
11	155	11
12	155	21
13	155	26
14	155	17
15	155	19
16	155	15
17	155	17
18	155	18
19	155	20
20	155	22
21	155	32
22	155	28
23	155	8
0	156	5
1	156	1
2	156	3
3	156	1
4	156	1
5	156	2
6	156	7
7	156	5
8	156	12
9	156	12
10	156	12
11	156	12
12	156	13
13	156	9
14	156	14
15	156	13
16	156	15
17	156	16
18	156	16
19	156	24
20	156	19
21	156	21
22	156	17
23	156	10
0	157	0
1	157	0
2	157	0
3	157	0
4	157	0
5	157	0
6	157	0
7	157	0
8	157	8
9	157	15
10	157	8
11	157	15
12	157	0
13	157	0
14	157	0
15	157	8
16	157	0
17	157	0
18	157	21
19	157	0
20	157	8
21	157	15
22	157	21
23	157	0
0	158	2
1	158	3
2	158	0
3	158	0
4	158	0
5	158	2
6	158	2
7	158	7
8	158	15
9	158	8
10	158	9
11	158	13
12	158	11
13	158	8
14	158	16
15	158	8
16	158	5
17	158	18
18	158	17
19	158	18
20	158	10
21	158	20
22	158	3
23	158	7
0	159	11
1	159	10
2	159	4
3	159	0
4	159	0
5	159	4
6	159	2
7	159	4
8	159	6
9	159	32
10	159	22
11	159	20
12	159	20
13	159	24
14	159	27
15	159	11
16	159	30
17	159	25
18	159	15
19	159	11
20	159	15
21	159	22
22	159	6
23	159	0
0	160	6
1	160	3
2	160	0
3	160	0
4	160	0
5	160	6
6	160	6
7	160	26
8	160	15
9	160	12
10	160	21
11	160	3
12	160	18
13	160	6
14	160	9
15	160	12
16	160	3
17	160	0
18	160	21
19	160	26
20	160	3
21	160	21
22	160	12
23	160	6
0	161	0
1	161	0
2	161	0
3	161	0
4	161	0
5	161	0
6	161	0
7	161	0
8	161	0
9	161	0
10	161	0
11	161	0
12	161	0
13	161	0
14	161	0
15	161	0
16	161	0
17	161	0
18	161	0
19	161	0
20	161	0
21	161	0
22	161	175
23	161	0
0	162	4
1	162	0
2	162	0
3	162	0
4	162	0
5	162	0
6	162	8
7	162	4
8	162	0
9	162	8
10	162	31
11	162	38
12	162	8
13	162	0
14	162	20
15	162	24
16	162	20
17	162	16
18	162	20
19	162	16
20	162	31
21	162	38
22	162	8
23	162	4
0	163	1
1	163	1
2	163	11
3	163	5
4	163	7
5	163	0
6	163	4
7	163	7
8	163	8
9	163	17
10	163	14
11	163	9
12	163	21
13	163	18
14	163	14
15	163	19
16	163	21
17	163	15
18	163	14
19	163	12
20	163	16
21	163	25
22	163	20
23	163	13
0	164	0
1	164	4
2	164	0
3	164	0
4	164	0
5	164	0
6	164	4
7	164	11
8	164	11
9	164	11
10	164	17
11	164	14
12	164	14
13	164	11
14	164	14
15	164	4
16	164	4
17	164	14
18	164	20
19	164	30
20	164	20
21	164	27
22	164	4
23	164	0
0	165	0
1	165	0
2	165	0
3	165	0
4	165	0
5	165	0
6	165	0
7	165	0
8	165	0
9	165	0
10	165	0
11	165	0
12	165	0
13	165	137
14	165	0
15	165	0
16	165	0
17	165	0
18	165	0
19	165	0
20	165	0
21	165	0
22	165	0
23	165	0
0	166	4
1	166	6
2	166	1
3	166	1
4	166	2
5	166	7
6	166	2
7	166	8
8	166	10
9	166	12
10	166	15
11	166	6
12	166	12
13	166	17
14	166	17
15	166	18
16	166	19
17	166	16
18	166	21
19	166	20
20	166	22
21	166	17
22	166	20
23	166	13
0	167	0
1	167	0
2	167	0
3	167	0
4	167	0
5	167	0
6	167	0
7	167	0
8	167	35
9	167	0
10	167	0
11	167	0
12	167	0
13	167	0
14	167	0
15	167	0
16	167	0
17	167	0
18	167	35
19	167	0
20	167	64
21	167	35
22	167	0
23	167	0
0	168	3
1	168	4
2	168	2
3	168	0
4	168	2
5	168	3
6	168	7
7	168	19
8	168	15
9	168	13
10	168	6
11	168	15
12	168	12
13	168	9
14	168	11
15	168	12
16	168	15
17	168	14
18	168	18
19	168	31
20	168	56
21	168	27
22	168	27
23	168	10
0	169	3
1	169	3
2	169	6
3	169	0
4	169	5
5	169	4
6	169	8
7	169	7
8	169	8
9	169	10
10	169	6
11	169	9
12	169	14
13	169	18
14	169	19
15	169	21
16	169	13
17	169	14
18	169	16
19	169	20
20	169	16
21	169	11
22	169	8
23	169	5
0	170	0
1	170	0
2	170	0
3	170	0
4	170	0
5	170	0
6	170	0
7	170	0
8	170	0
9	170	0
10	170	0
11	170	16
12	170	0
13	170	0
14	170	16
15	170	31
16	170	31
17	170	0
18	170	0
19	170	0
20	170	0
21	170	16
22	170	31
23	170	31
0	171	0
1	171	0
2	171	0
3	171	0
4	171	0
5	171	0
6	171	0
7	171	0
8	171	0
9	171	0
10	171	0
11	171	0
12	171	0
13	171	0
14	171	0
15	171	0
16	171	0
17	171	0
18	171	0
19	171	0
20	171	70
21	171	0
22	171	38
23	171	0
0	172	3
1	172	2
2	172	1
3	172	0
4	172	4
5	172	9
6	172	13
7	172	9
8	172	16
9	172	8
10	172	13
11	172	12
12	172	9
13	172	7
14	172	10
15	172	11
16	172	14
17	172	12
18	172	14
19	172	11
20	172	16
21	172	12
22	172	8
23	172	3
0	173	7
1	173	0
2	173	5
3	173	1
4	173	1
5	173	3
6	173	5
7	173	6
8	173	15
9	173	14
10	173	15
11	173	9
12	173	9
13	173	13
14	173	15
15	173	18
16	173	12
17	173	19
18	173	19
19	173	25
20	173	20
21	173	17
22	173	12
23	173	5
0	174	0
1	174	0
2	174	0
3	174	0
4	174	0
5	174	4
6	174	8
7	174	4
8	174	11
9	174	11
10	174	8
11	174	11
12	174	22
13	174	11
14	174	15
15	174	25
16	174	38
17	174	8
18	174	15
19	174	11
20	174	8
21	174	28
22	174	4
23	174	4
0	175	3
1	175	2
2	175	2
3	175	2
4	175	1
5	175	4
6	175	8
7	175	6
8	175	3
9	175	7
10	175	6
11	175	8
12	175	7
13	175	9
14	175	10
15	175	6
16	175	8
17	175	14
18	175	9
19	175	16
20	175	22
21	175	15
22	175	13
23	175	3
0	176	5
1	176	2
2	176	2
3	176	1
4	176	2
5	176	3
6	176	4
7	176	8
8	176	10
9	176	14
10	176	10
11	176	10
12	176	11
13	176	12
14	176	11
15	176	10
16	176	11
17	176	13
18	176	15
19	176	19
20	176	21
21	176	19
22	176	16
23	176	8
0	177	0
1	177	0
2	177	0
3	177	8
4	177	0
5	177	0
6	177	0
7	177	15
8	177	8
9	177	0
10	177	8
11	177	0
12	177	8
13	177	8
14	177	0
15	177	15
16	177	0
17	177	15
18	177	0
19	177	15
20	177	28
21	177	22
22	177	8
23	177	0
0	178	0
1	178	0
2	178	0
3	178	0
4	178	0
5	178	0
6	178	0
7	178	0
8	178	0
9	178	0
10	178	0
11	178	0
12	178	64
13	178	0
14	178	0
15	178	0
16	178	0
17	178	64
18	178	64
19	178	0
20	178	0
21	178	0
22	178	0
23	178	0
0	179	0
1	179	0
2	179	0
3	179	0
4	179	0
5	179	0
6	179	0
7	179	0
8	179	0
9	179	23
10	179	0
11	179	0
12	179	0
13	179	0
14	179	12
15	179	0
16	179	12
17	179	0
18	179	0
19	179	12
20	179	0
21	179	0
22	179	0
23	179	0
0	180	0
1	180	3
2	180	0
3	180	6
4	180	6
5	180	0
6	180	0
7	180	18
8	180	15
9	180	18
10	180	13
11	180	8
12	180	18
13	180	13
14	180	10
15	180	18
16	180	22
17	180	6
18	180	15
19	180	29
20	180	34
21	180	34
22	180	18
23	180	8
0	181	7
1	181	5
2	181	3
3	181	2
4	181	3
5	181	1
6	181	7
7	181	16
8	181	18
9	181	15
10	181	20
11	181	14
12	181	19
13	181	9
14	181	16
15	181	22
16	181	14
17	181	25
18	181	34
19	181	29
20	181	27
21	181	28
22	181	18
23	181	16
0	182	5
1	182	2
2	182	1
3	182	4
4	182	0
5	182	0
6	182	2
7	182	9
8	182	11
9	182	9
10	182	6
11	182	4
12	182	6
13	182	8
14	182	8
15	182	12
16	182	16
17	182	15
18	182	15
19	182	10
20	182	10
21	182	13
22	182	4
23	182	4
0	183	0
1	183	2
2	183	0
3	183	0
4	183	2
5	183	8
6	183	2
7	183	2
8	183	15
9	183	10
10	183	2
11	183	18
12	183	12
13	183	8
14	183	7
15	183	8
16	183	10
17	183	7
18	183	8
19	183	16
20	183	21
21	183	22
22	183	15
23	183	15
0	184	7
1	184	5
2	184	5
3	184	2
4	184	3
5	184	3
6	184	9
7	184	5
8	184	16
9	184	16
10	184	13
11	184	14
12	184	13
13	184	19
14	184	14
15	184	16
16	184	13
17	184	16
18	184	18
19	184	23
20	184	22
21	184	31
22	184	19
23	184	11
0	185	6
1	185	4
2	185	3
3	185	1
4	185	1
5	185	1
6	185	5
7	185	9
8	185	10
9	185	11
10	185	14
11	185	10
12	185	12
13	185	15
14	185	12
15	185	16
16	185	17
17	185	16
18	185	20
19	185	22
20	185	23
21	185	20
22	185	17
23	185	12
0	186	0
1	186	0
2	186	0
3	186	0
4	186	0
5	186	0
6	186	0
7	186	0
8	186	0
9	186	0
10	186	0
11	186	0
12	186	0
13	186	0
14	186	0
15	186	0
16	186	0
17	186	0
18	186	0
19	186	0
20	186	0
21	186	0
22	186	0
23	186	0
0	187	6
1	187	2
2	187	2
3	187	4
4	187	2
5	187	4
6	187	3
7	187	10
8	187	21
9	187	21
10	187	14
11	187	11
12	187	15
13	187	11
14	187	11
15	187	12
16	187	14
17	187	26
18	187	23
19	187	22
20	187	21
21	187	18
22	187	23
23	187	16
0	188	0
1	188	5
2	188	3
3	188	0
4	188	0
5	188	8
6	188	30
7	188	23
8	188	14
9	188	38
10	188	19
11	188	21
12	188	14
13	188	17
14	188	8
15	188	10
16	188	38
17	188	17
18	188	21
19	188	28
20	188	25
21	188	25
22	188	48
23	188	14
0	189	8
1	189	0
2	189	3
3	189	0
4	189	0
5	189	0
6	189	3
7	189	15
8	189	17
9	189	10
10	189	3
11	189	10
12	189	0
13	189	8
14	189	8
15	189	5
16	189	12
17	189	10
18	189	12
19	189	0
20	189	12
21	189	12
22	189	17
23	189	19
0	190	0
1	190	0
2	190	4
3	190	0
4	190	0
5	190	11
6	190	8
7	190	0
8	190	4
9	190	0
10	190	0
11	190	8
12	190	11
13	190	4
14	190	0
15	190	24
16	190	8
17	190	18
18	190	21
19	190	8
20	190	11
21	190	34
22	190	11
23	190	0
0	191	6
1	191	0
2	191	0
3	191	0
4	191	3
5	191	17
6	191	23
7	191	0
8	191	15
9	191	12
10	191	12
11	191	0
12	191	17
13	191	43
14	191	6
15	191	15
16	191	25
17	191	25
18	191	20
19	191	17
20	191	28
21	191	31
22	191	25
23	191	9
0	192	0
1	192	0
2	192	0
3	192	0
4	192	0
5	192	0
6	192	5
7	192	5
8	192	5
9	192	13
10	192	13
11	192	0
12	192	41
13	192	5
14	192	13
15	192	18
16	192	5
17	192	0
18	192	13
19	192	18
20	192	18
21	192	18
22	192	0
23	192	41
0	193	0
1	193	0
2	193	0
3	193	0
4	193	0
5	193	17
6	193	17
7	193	0
8	193	0
9	193	0
10	193	9
11	193	17
12	193	9
13	193	0
14	193	0
15	193	9
16	193	0
17	193	17
18	193	9
19	193	9
20	193	0
21	193	53
22	193	9
23	193	0
0	194	7
1	194	4
2	194	7
3	194	0
4	194	4
5	194	0
6	194	7
7	194	0
8	194	4
9	194	20
10	194	17
11	194	4
12	194	7
13	194	14
14	194	0
15	194	7
16	194	10
17	194	32
18	194	7
19	194	4
20	194	4
21	194	26
22	194	10
23	194	20
0	195	12
1	195	6
2	195	0
3	195	0
4	195	4
5	195	0
6	195	3
7	195	8
8	195	10
9	195	16
10	195	14
11	195	11
12	195	3
13	195	11
14	195	11
15	195	13
16	195	7
17	195	23
18	195	15
19	195	15
20	195	12
21	195	7
22	195	16
23	195	23
0	196	2
1	196	0
2	196	8
3	196	0
4	196	0
5	196	2
6	196	3
7	196	7
8	196	8
9	196	2
10	196	12
11	196	0
12	196	7
13	196	8
14	196	0
15	196	0
16	196	9
17	196	10
18	196	13
19	196	22
20	196	12
21	196	21
22	196	8
23	196	9
0	197	18
1	197	5
2	197	9
3	197	0
4	197	0
5	197	0
6	197	0
7	197	9
8	197	22
9	197	5
10	197	56
11	197	14
12	197	30
13	197	49
14	197	30
15	197	26
16	197	49
17	197	34
18	197	26
19	197	34
20	197	49
21	197	72
22	197	26
23	197	9
0	198	5
1	198	3
2	198	5
3	198	3
4	198	3
5	198	5
6	198	5
7	198	8
8	198	12
9	198	11
10	198	14
11	198	13
12	198	10
13	198	12
14	198	15
15	198	11
16	198	15
17	198	19
18	198	29
19	198	26
20	198	33
21	198	28
22	198	20
23	198	10
0	199	0
1	199	4
2	199	0
3	199	0
4	199	0
5	199	0
6	199	6
7	199	21
8	199	7
9	199	13
10	199	22
11	199	6
12	199	22
13	199	9
14	199	14
15	199	11
16	199	7
17	199	27
18	199	14
19	199	24
20	199	30
21	199	29
22	199	11
23	199	18
0	200	4
1	200	0
2	200	2
3	200	0
4	200	4
5	200	0
6	200	0
7	200	8
8	200	14
9	200	14
10	200	11
11	200	21
12	200	11
13	200	12
14	200	18
15	200	14
16	200	6
17	200	18
18	200	17
19	200	17
20	200	24
21	200	28
22	200	28
23	200	15
0	201	2
1	201	2
2	201	0
3	201	0
4	201	0
5	201	0
6	201	9
7	201	5
8	201	9
9	201	3
10	201	11
11	201	9
12	201	12
13	201	8
14	201	8
15	201	8
16	201	6
17	201	9
18	201	6
19	201	17
20	201	9
21	201	8
22	201	16
23	201	2
0	202	15
1	202	8
2	202	0
3	202	0
4	202	0
5	202	0
6	202	0
7	202	0
8	202	0
9	202	0
10	202	22
11	202	0
12	202	29
13	202	22
14	202	0
15	202	8
16	202	0
17	202	15
18	202	0
19	202	0
20	202	0
21	202	0
22	202	0
23	202	15
0	203	0
1	203	4
2	203	0
3	203	0
4	203	0
5	203	0
6	203	0
7	203	0
8	203	0
9	203	22
10	203	8
11	203	15
12	203	8
13	203	19
14	203	19
15	203	32
16	203	26
17	203	4
18	203	12
19	203	42
20	203	26
21	203	22
22	203	26
23	203	36
0	204	11
1	204	6
2	204	3
3	204	6
4	204	0
5	204	0
6	204	13
7	204	8
8	204	2
9	204	10
10	204	6
11	204	15
12	204	15
13	204	13
14	204	10
15	204	22
16	204	8
17	204	8
18	204	13
19	204	21
20	204	16
21	204	27
22	204	23
23	204	15
0	205	5
1	205	0
2	205	0
3	205	5
4	205	0
5	205	5
6	205	14
7	205	0
8	205	18
9	205	27
10	205	23
11	205	27
12	205	10
13	205	5
14	205	10
15	205	10
16	205	14
17	205	18
18	205	5
19	205	18
20	205	5
21	205	23
22	205	18
23	205	5
0	206	4
1	206	3
2	206	3
3	206	1
4	206	2
5	206	2
6	206	4
7	206	14
8	206	12
9	206	9
10	206	12
11	206	13
12	206	9
13	206	9
14	206	9
15	206	11
16	206	10
17	206	6
18	206	15
19	206	13
20	206	17
21	206	10
22	206	12
23	206	8
0	207	4
1	207	1
2	207	0
3	207	0
4	207	1
5	207	1
6	207	2
7	207	5
8	207	16
9	207	14
10	207	8
11	207	4
12	207	8
13	207	4
14	207	6
15	207	6
16	207	15
17	207	13
18	207	15
19	207	24
20	207	18
21	207	9
22	207	15
23	207	9
0	208	4
1	208	4
2	208	4
3	208	2
4	208	2
5	208	4
6	208	4
7	208	15
8	208	16
9	208	9
10	208	13
11	208	10
12	208	14
13	208	14
14	208	16
15	208	21
16	208	16
17	208	16
18	208	20
19	208	29
20	208	29
21	208	26
22	208	13
23	208	12
0	209	7
1	209	0
2	209	0
3	209	0
4	209	7
5	209	0
6	209	19
7	209	0
8	209	0
9	209	7
10	209	0
11	209	13
12	209	7
13	209	7
14	209	7
15	209	31
16	209	25
17	209	37
18	209	37
19	209	43
20	209	43
21	209	53
22	209	43
23	209	13
0	210	5
1	210	2
2	210	0
3	210	0
4	210	2
5	210	3
6	210	11
7	210	13
8	210	5
9	210	9
10	210	14
11	210	13
12	210	11
13	210	3
14	210	2
15	210	6
16	210	18
17	210	18
18	210	21
19	210	25
20	210	15
21	210	11
22	210	15
23	210	23
0	211	4
1	211	0
2	211	4
3	211	0
4	211	0
5	211	0
6	211	0
7	211	4
8	211	11
9	211	34
10	211	8
11	211	8
12	211	0
13	211	4
14	211	0
15	211	34
16	211	14
17	211	18
18	211	11
19	211	46
20	211	11
21	211	4
22	211	24
23	211	14
0	212	0
1	212	0
2	212	5
3	212	15
4	212	0
5	212	0
6	212	5
7	212	0
8	212	10
9	212	5
10	212	15
11	212	20
12	212	0
13	212	10
14	212	5
15	212	29
16	212	15
17	212	20
18	212	29
19	212	20
20	212	24
21	212	46
22	212	50
23	212	5
0	213	5
1	213	0
2	213	0
3	213	1
4	213	1
5	213	9
6	213	12
7	213	12
8	213	11
9	213	10
10	213	11
11	213	16
12	213	12
13	213	14
14	213	7
15	213	12
16	213	18
17	213	19
18	213	31
19	213	34
20	213	19
21	213	13
22	213	13
23	213	8
0	214	6
1	214	4
2	214	3
3	214	3
4	214	1
5	214	4
6	214	4
7	214	11
8	214	12
9	214	12
10	214	14
11	214	12
12	214	11
13	214	14
14	214	12
15	214	15
16	214	15
17	214	18
18	214	17
19	214	21
20	214	22
21	214	20
22	214	17
23	214	10
0	215	0
1	215	8
2	215	0
3	215	0
4	215	0
5	215	8
6	215	16
7	215	0
8	215	0
9	215	0
10	215	8
11	215	0
12	215	0
13	215	8
14	215	0
15	215	0
16	215	0
17	215	16
18	215	31
19	215	58
20	215	24
21	215	24
22	215	24
23	215	8
0	216	8
1	216	2
2	216	0
3	216	2
4	216	2
5	216	3
6	216	17
7	216	3
8	216	25
9	216	15
10	216	9
11	216	12
12	216	16
13	216	16
14	216	7
15	216	13
16	216	22
17	216	38
18	216	30
19	216	45
20	216	44
21	216	29
22	216	8
23	216	4
0	217	6
1	217	4
2	217	1
3	217	1
4	217	0
5	217	1
6	217	3
7	217	11
8	217	7
9	217	16
10	217	18
11	217	21
12	217	8
13	217	10
14	217	18
15	217	12
16	217	24
17	217	19
18	217	32
19	217	36
20	217	31
21	217	28
22	217	19
23	217	14
0	218	19
1	218	0
2	218	0
3	218	0
4	218	0
5	218	4
6	218	0
7	218	4
8	218	4
9	218	0
10	218	12
11	218	12
12	218	0
13	218	12
14	218	15
15	218	8
16	218	12
17	218	8
18	218	12
19	218	12
20	218	19
21	218	23
22	218	8
23	218	8
0	219	0
1	219	0
2	219	0
3	219	0
4	219	0
5	219	0
6	219	0
7	219	0
8	219	0
9	219	0
10	219	0
11	219	0
12	219	0
13	219	0
14	219	0
15	219	0
16	219	74
17	219	74
18	219	0
19	219	0
20	219	0
21	219	0
22	219	0
23	219	0
0	220	4
1	220	0
2	220	10
3	220	0
4	220	0
5	220	0
6	220	7
7	220	16
8	220	25
9	220	16
10	220	16
11	220	10
12	220	13
13	220	4
14	220	19
15	220	13
16	220	16
17	220	16
18	220	22
19	220	19
20	220	44
21	220	39
22	220	16
23	220	7
0	221	7
1	221	0
2	221	7
3	221	0
4	221	0
5	221	0
6	221	0
7	221	0
8	221	0
9	221	0
10	221	0
11	221	13
12	221	24
13	221	0
14	221	35
15	221	18
16	221	45
17	221	35
18	221	0
19	221	13
20	221	82
21	221	40
22	221	7
23	221	7
0	222	2
1	222	4
2	222	2
3	222	1
4	222	2
5	222	3
6	222	3
7	222	9
8	222	18
9	222	14
10	222	20
11	222	24
12	222	20
13	222	21
14	222	22
15	222	19
16	222	20
17	222	25
18	222	26
19	222	34
20	222	32
21	222	26
22	222	19
23	222	15
0	223	5
1	223	5
2	223	2
3	223	2
4	223	1
5	223	3
6	223	5
7	223	8
8	223	8
9	223	10
10	223	11
11	223	11
12	223	8
13	223	10
14	223	12
15	223	7
16	223	19
17	223	19
18	223	10
19	223	21
20	223	18
21	223	13
22	223	13
23	223	9
0	224	8
1	224	4
2	224	0
3	224	4
4	224	0
5	224	3
6	224	7
7	224	6
8	224	10
9	224	11
10	224	10
11	224	11
12	224	17
13	224	13
14	224	13
15	224	7
16	224	13
17	224	24
18	224	22
19	224	14
20	224	36
21	224	20
22	224	14
23	224	8
0	225	2
1	225	0
2	225	0
3	225	0
4	225	0
5	225	0
6	225	0
7	225	15
8	225	13
9	225	2
10	225	18
11	225	0
12	225	12
13	225	5
14	225	7
15	225	9
16	225	9
17	225	12
18	225	21
19	225	44
20	225	51
21	225	44
22	225	27
23	225	12
0	226	0
1	226	0
2	226	0
3	226	0
4	226	0
5	226	0
6	226	0
7	226	8
8	226	4
9	226	4
10	226	18
11	226	0
12	226	0
13	226	18
14	226	18
15	226	8
16	226	21
17	226	8
18	226	11
19	226	8
20	226	8
21	226	4
22	226	21
23	226	0
0	227	0
1	227	11
2	227	8
3	227	0
4	227	11
5	227	25
6	227	11
7	227	22
8	227	11
9	227	4
10	227	11
11	227	11
12	227	15
13	227	22
14	227	22
15	227	11
16	227	18
17	227	50
18	227	25
19	227	25
20	227	18
21	227	15
22	227	15
23	227	15
0	228	2
1	228	0
2	228	3
3	228	3
4	228	2
5	228	6
6	228	0
7	228	0
8	228	19
9	228	20
10	228	20
11	228	25
12	228	25
13	228	8
14	228	10
15	228	8
16	228	10
17	228	8
18	228	14
19	228	8
20	228	7
21	228	16
22	228	20
23	228	7
0	229	13
1	229	8
2	229	0
3	229	0
4	229	0
5	229	3
6	229	3
7	229	6
8	229	8
9	229	23
10	229	13
11	229	8
12	229	16
13	229	11
14	229	11
15	229	13
16	229	25
17	229	8
18	229	18
19	229	18
20	229	21
21	229	39
22	229	21
23	229	16
0	230	6
1	230	3
2	230	2
3	230	1
4	230	1
5	230	2
6	230	8
7	230	9
8	230	10
9	230	10
10	230	12
11	230	10
12	230	15
13	230	15
14	230	12
15	230	11
16	230	15
17	230	19
18	230	25
19	230	23
20	230	27
21	230	26
22	230	18
23	230	9
0	231	8
1	231	3
2	231	3
3	231	3
4	231	1
5	231	2
6	231	5
7	231	7
8	231	8
9	231	11
10	231	13
11	231	11
12	231	16
13	231	13
14	231	13
15	231	16
16	231	18
17	231	19
18	231	19
19	231	21
20	231	22
21	231	24
22	231	14
23	231	12
0	232	10
1	232	0
2	232	2
3	232	4
4	232	12
5	232	4
6	232	0
7	232	9
8	232	10
9	232	18
10	232	10
11	232	13
12	232	21
13	232	13
14	232	16
15	232	2
16	232	2
17	232	5
18	232	24
19	232	10
20	232	16
21	232	12
22	232	7
23	232	25
0	233	0
1	233	0
2	233	0
3	233	0
4	233	0
5	233	0
6	233	0
7	233	0
8	233	0
9	233	0
10	233	0
11	233	0
12	233	0
13	233	0
14	233	72
15	233	0
16	233	0
17	233	0
18	233	0
19	233	0
20	233	0
21	233	0
22	233	0
23	233	0
0	234	6
1	234	0
2	234	0
3	234	0
4	234	0
5	234	18
6	234	6
7	234	0
8	234	12
9	234	0
10	234	45
11	234	12
12	234	0
13	234	18
14	234	12
15	234	0
16	234	12
17	234	40
18	234	12
19	234	50
20	234	18
21	234	45
22	234	6
23	234	0
0	235	3
1	235	9
2	235	3
3	235	0
4	235	4
5	235	3
6	235	7
7	235	6
8	235	6
9	235	5
10	235	7
11	235	12
12	235	6
13	235	11
14	235	19
15	235	12
16	235	10
17	235	18
18	235	24
19	235	11
20	235	17
21	235	16
22	235	17
23	235	8
0	236	5
1	236	3
2	236	0
3	236	2
4	236	2
5	236	2
6	236	4
7	236	3
8	236	8
9	236	13
10	236	7
11	236	9
12	236	14
13	236	12
14	236	5
15	236	7
16	236	8
17	236	11
18	236	12
19	236	12
20	236	13
21	236	15
22	236	10
23	236	5
0	237	0
1	237	0
2	237	0
3	237	0
4	237	0
5	237	0
6	237	0
7	237	0
8	237	0
9	237	35
10	237	0
11	237	0
12	237	0
13	237	0
14	237	0
15	237	0
16	237	35
17	237	64
18	237	35
19	237	35
20	237	35
21	237	0
22	237	0
23	237	0
0	238	5
1	238	0
2	238	0
3	238	2
4	238	3
5	238	3
6	238	5
7	238	8
8	238	3
9	238	13
10	238	8
11	238	6
12	238	9
13	238	15
14	238	5
15	238	9
16	238	10
17	238	7
18	238	25
19	238	8
20	238	17
21	238	18
22	238	16
23	238	7
0	239	0
1	239	0
2	239	0
3	239	0
4	239	0
5	239	0
6	239	0
7	239	0
8	239	0
9	239	0
10	239	30
11	239	0
12	239	0
13	239	30
14	239	0
15	239	0
16	239	0
17	239	30
18	239	0
19	239	0
20	239	0
21	239	0
22	239	0
23	239	55
0	240	0
1	240	8
2	240	12
3	240	8
4	240	0
5	240	0
6	240	3
7	240	12
8	240	14
9	240	3
10	240	5
11	240	3
12	240	12
13	240	12
14	240	10
15	240	14
16	240	17
17	240	14
18	240	12
19	240	23
20	240	25
21	240	34
22	240	25
23	240	8
0	241	7
1	241	2
2	241	2
3	241	1
4	241	1
5	241	3
6	241	6
7	241	8
8	241	6
9	241	7
10	241	9
11	241	9
12	241	9
13	241	12
14	241	13
15	241	9
16	241	10
17	241	12
18	241	17
19	241	17
20	241	21
21	241	20
22	241	13
23	241	10
0	242	8
1	242	2
2	242	3
3	242	2
4	242	0
5	242	2
6	242	5
7	242	5
8	242	8
9	242	9
10	242	11
11	242	8
12	242	10
13	242	10
14	242	9
15	242	10
16	242	13
17	242	16
18	242	20
19	242	23
20	242	19
21	242	21
22	242	14
23	242	11
0	243	9
1	243	2
2	243	5
3	243	0
4	243	2
5	243	6
6	243	5
7	243	6
8	243	13
9	243	17
10	243	16
11	243	8
12	243	15
13	243	9
14	243	10
15	243	8
16	243	13
17	243	17
18	243	17
19	243	9
20	243	20
21	243	21
22	243	16
23	243	8
0	244	10
1	244	0
2	244	0
3	244	0
4	244	0
5	244	0
6	244	0
7	244	0
8	244	20
9	244	24
10	244	15
11	244	29
12	244	29
13	244	10
14	244	24
15	244	0
16	244	20
17	244	15
18	244	10
19	244	10
20	244	20
21	244	46
22	244	24
23	244	10
0	245	8
1	245	3
2	245	3
3	245	0
4	245	0
5	245	0
6	245	6
7	245	3
8	245	19
9	245	3
10	245	8
11	245	0
12	245	8
13	245	6
14	245	16
15	245	31
16	245	21
17	245	3
18	245	19
19	245	16
20	245	47
21	245	14
22	245	0
23	245	6
0	246	4
1	246	2
2	246	5
3	246	3
4	246	1
5	246	1
6	246	3
7	246	7
8	246	10
9	246	10
10	246	14
11	246	16
12	246	20
13	246	15
14	246	16
15	246	11
16	246	12
17	246	18
18	246	21
19	246	19
20	246	20
21	246	15
22	246	16
23	246	6
0	247	7
1	247	3
2	247	2
3	247	2
4	247	4
5	247	4
6	247	14
7	247	19
8	247	23
9	247	19
10	247	15
11	247	4
12	247	14
13	247	14
14	247	13
15	247	20
16	247	12
17	247	20
18	247	18
19	247	19
20	247	26
21	247	30
22	247	23
23	247	14
0	248	7
1	248	4
2	248	2
3	248	2
4	248	1
5	248	2
6	248	6
7	248	9
8	248	9
9	248	13
10	248	10
11	248	10
12	248	7
13	248	15
14	248	13
15	248	14
16	248	19
17	248	18
18	248	14
19	248	23
20	248	21
21	248	20
22	248	16
23	248	12
0	249	6
1	249	3
2	249	2
3	249	2
4	249	2
5	249	3
6	249	4
7	249	6
8	249	9
9	249	15
10	249	12
11	249	12
12	249	15
13	249	11
14	249	9
15	249	10
16	249	12
17	249	14
18	249	24
19	249	20
20	249	24
21	249	19
22	249	17
23	249	9
0	250	6
1	250	4
2	250	3
3	250	2
4	250	1
5	250	4
6	250	5
7	250	9
8	250	12
9	250	16
10	250	14
11	250	16
12	250	15
13	250	12
14	250	13
15	250	16
16	250	20
17	250	22
18	250	23
19	250	24
20	250	26
21	250	24
22	250	18
23	250	13
0	251	0
1	251	0
2	251	0
3	251	0
4	251	0
5	251	0
6	251	0
7	251	0
8	251	0
9	251	0
10	251	0
11	251	70
12	251	70
13	251	38
14	251	0
15	251	0
16	251	0
17	251	0
18	251	0
19	251	0
20	251	70
21	251	38
22	251	38
23	251	0
0	252	0
1	252	0
2	252	0
3	252	0
4	252	0
5	252	0
6	252	0
7	252	0
8	252	0
9	252	88
10	252	0
11	252	0
12	252	88
13	252	145
14	252	0
15	252	0
16	252	88
17	252	0
18	252	145
19	252	0
20	252	88
21	252	0
22	252	0
23	252	0
0	253	9
1	253	0
2	253	13
3	253	0
4	253	0
5	253	0
6	253	0
7	253	9
8	253	9
9	253	0
10	253	9
11	253	21
12	253	9
13	253	9
14	253	13
15	253	9
16	253	17
17	253	0
18	253	9
19	253	5
20	253	32
21	253	5
22	253	5
23	253	21
0	254	2
1	254	6
2	254	0
3	254	0
4	254	0
5	254	0
6	254	4
7	254	0
8	254	4
9	254	2
10	254	2
11	254	6
12	254	10
13	254	2
14	254	0
15	254	4
16	254	10
17	254	4
18	254	6
19	254	10
20	254	19
21	254	13
22	254	8
23	254	17
0	255	4
1	255	3
2	255	3
3	255	2
4	255	3
5	255	5
6	255	7
7	255	8
8	255	11
9	255	11
10	255	9
11	255	12
12	255	10
13	255	12
14	255	11
15	255	11
16	255	15
17	255	17
18	255	14
19	255	19
20	255	19
21	255	24
22	255	14
23	255	10
0	256	2
1	256	8
2	256	2
3	256	0
4	256	2
5	256	8
6	256	7
7	256	5
8	256	4
9	256	19
10	256	11
11	256	8
12	256	16
13	256	24
14	256	8
15	256	8
16	256	14
17	256	20
18	256	14
19	256	26
20	256	17
21	256	22
22	256	20
23	256	5
0	257	19
1	257	0
2	257	4
3	257	0
4	257	0
5	257	0
6	257	15
7	257	12
8	257	4
9	257	15
10	257	19
11	257	8
12	257	19
13	257	12
14	257	8
15	257	22
16	257	0
17	257	8
18	257	19
19	257	39
20	257	22
21	257	19
22	257	12
23	257	26
0	258	5
1	258	5
2	258	2
3	258	2
4	258	1
5	258	5
6	258	6
7	258	7
8	258	7
9	258	3
10	258	12
11	258	6
12	258	7
13	258	8
14	258	5
15	258	18
16	258	8
17	258	9
18	258	25
19	258	19
20	258	19
21	258	17
22	258	5
23	258	14
0	259	9
1	259	3
2	259	0
3	259	3
4	259	0
5	259	0
6	259	22
7	259	0
8	259	5
9	259	5
10	259	5
11	259	14
12	259	7
13	259	20
14	259	9
15	259	11
16	259	9
17	259	5
18	259	20
19	259	32
20	259	41
21	259	16
22	259	22
23	259	11
0	260	0
1	260	0
2	260	0
3	260	0
4	260	0
5	260	0
6	260	0
7	260	0
8	260	0
9	260	0
10	260	0
11	260	0
12	260	26
13	260	14
14	260	0
15	260	0
16	260	0
17	260	0
18	260	0
19	260	0
20	260	0
21	260	0
22	260	14
23	260	14
0	261	0
1	261	16
2	261	0
3	261	0
4	261	0
5	261	6
6	261	6
7	261	0
8	261	0
9	261	11
10	261	11
11	261	11
12	261	48
13	261	25
14	261	16
15	261	16
16	261	30
17	261	25
18	261	25
19	261	21
20	261	30
21	261	25
22	261	25
23	261	11
0	262	5
1	262	3
2	262	2
3	262	2
4	262	2
5	262	3
6	262	6
7	262	9
8	262	12
9	262	15
10	262	14
11	262	14
12	262	16
13	262	15
14	262	14
15	262	15
16	262	16
17	262	17
18	262	18
19	262	19
20	262	20
21	262	19
22	262	14
23	262	9
0	263	4
1	263	3
2	263	3
3	263	5
4	263	2
5	263	4
6	263	12
7	263	7
8	263	7
9	263	13
10	263	14
11	263	7
12	263	9
13	263	13
14	263	11
15	263	8
16	263	11
17	263	16
18	263	15
19	263	21
20	263	20
21	263	12
22	263	7
23	263	6
0	264	11
1	264	0
2	264	8
3	264	0
4	264	0
5	264	0
6	264	0
7	264	14
8	264	4
9	264	18
10	264	11
11	264	31
12	264	0
13	264	18
14	264	4
15	264	0
16	264	11
17	264	24
18	264	24
19	264	14
20	264	18
21	264	21
22	264	8
23	264	4
0	265	5
1	265	4
2	265	3
3	265	1
4	265	0
5	265	3
6	265	13
7	265	7
8	265	11
9	265	16
10	265	15
11	265	14
12	265	14
13	265	15
14	265	14
15	265	22
16	265	13
17	265	17
18	265	23
19	265	29
20	265	21
21	265	20
22	265	16
23	265	12
0	266	4
1	266	2
2	266	3
3	266	3
4	266	1
5	266	3
6	266	7
7	266	7
8	266	12
9	266	15
10	266	10
11	266	13
12	266	14
13	266	15
14	266	13
15	266	15
16	266	18
17	266	20
18	266	22
19	266	20
20	266	23
21	266	25
22	266	18
23	266	10
0	267	6
1	267	6
2	267	0
3	267	0
4	267	0
5	267	0
6	267	17
7	267	6
8	267	27
9	267	37
10	267	27
11	267	17
12	267	0
13	267	6
14	267	0
15	267	17
16	267	22
17	267	0
18	267	22
19	267	27
20	267	37
21	267	17
22	267	12
23	267	0
0	268	3
1	268	0
2	268	2
3	268	0
4	268	2
5	268	0
6	268	5
7	268	4
8	268	11
9	268	6
10	268	11
11	268	10
12	268	14
13	268	14
14	268	21
15	268	4
16	268	13
17	268	16
18	268	16
19	268	11
20	268	13
21	268	18
22	268	14
23	268	4
0	269	6
1	269	3
2	269	3
3	269	2
4	269	2
5	269	3
6	269	4
7	269	8
8	269	12
9	269	12
10	269	12
11	269	11
12	269	12
13	269	12
14	269	13
15	269	14
16	269	15
17	269	17
18	269	18
19	269	18
20	269	21
21	269	20
22	269	16
23	269	9
0	270	0
1	270	3
2	270	3
3	270	0
4	270	0
5	270	0
6	270	6
7	270	15
8	270	18
9	270	26
10	270	31
11	270	26
12	270	6
13	270	18
14	270	15
15	270	28
16	270	6
17	270	26
18	270	0
19	270	12
20	270	26
21	270	18
22	270	28
23	270	9
0	271	11
1	271	6
2	271	0
3	271	0
4	271	0
5	271	0
6	271	0
7	271	11
8	271	6
9	271	0
10	271	6
11	271	0
12	271	17
13	271	0
14	271	17
15	271	0
16	271	6
17	271	6
18	271	6
19	271	6
20	271	42
21	271	17
22	271	27
23	271	11
0	272	7
1	272	1
2	272	2
3	272	4
4	272	3
5	272	2
6	272	10
7	272	6
8	272	14
9	272	15
10	272	16
11	272	19
12	272	19
13	272	14
14	272	10
15	272	8
16	272	8
17	272	23
18	272	16
19	272	15
20	272	24
21	272	18
22	272	14
23	272	11
0	273	0
1	273	0
2	273	0
3	273	0
4	273	0
5	273	0
6	273	7
7	273	0
8	273	0
9	273	0
10	273	0
11	273	0
12	273	0
13	273	0
14	273	7
15	273	19
16	273	7
17	273	19
18	273	13
19	273	7
20	273	19
21	273	30
22	273	19
23	273	13
0	274	5
1	274	2
2	274	3
3	274	2
4	274	2
5	274	7
6	274	9
7	274	17
8	274	11
9	274	10
10	274	12
11	274	10
12	274	9
13	274	7
14	274	8
15	274	12
16	274	14
17	274	14
18	274	8
19	274	16
20	274	26
21	274	13
22	274	14
23	274	8
0	275	0
1	275	0
2	275	0
3	275	0
4	275	0
5	275	0
6	275	0
7	275	0
8	275	0
9	275	0
10	275	0
11	275	0
12	275	0
13	275	0
14	275	0
15	275	0
16	275	0
17	275	0
18	275	0
19	275	0
20	275	0
21	275	0
22	275	0
23	275	0
0	276	22
1	276	0
2	276	8
3	276	0
4	276	8
5	276	0
6	276	0
7	276	0
8	276	8
9	276	0
10	276	8
11	276	8
12	276	15
13	276	22
14	276	8
15	276	8
16	276	0
17	276	0
18	276	8
19	276	0
20	276	0
21	276	0
22	276	0
23	276	0
