Counts for Sony(13) in Ireland(21):
Hour	Location Index	Count
0	0	1
1	0	0
2	0	0
3	0	1
4	0	1
5	0	0
6	0	1
7	0	1
8	0	3
9	0	3
10	0	1
11	0	2
12	0	4
13	0	5
14	0	3
15	0	4
16	0	3
17	0	3
18	0	6
19	0	3
20	0	4
21	0	3
22	0	4
23	0	2
0	1	5
1	1	0
2	1	0
3	1	0
4	1	0
5	1	0
6	1	0
7	1	0
8	1	0
9	1	0
10	1	0
11	1	0
12	1	0
13	1	0
14	1	0
15	1	0
16	1	0
17	1	0
18	1	5
19	1	18
20	1	0
21	1	0
22	1	0
23	1	0
0	2	0
1	2	3
2	2	0
3	2	0
4	2	0
5	2	0
6	2	0
7	2	5
8	2	7
9	2	7
10	2	3
11	2	3
12	2	0
13	2	3
14	2	0
15	2	3
16	2	3
17	2	5
18	2	0
19	2	0
20	2	0
21	2	3
22	2	5
23	2	0
0	3	2
1	3	0
2	3	0
3	3	0
4	3	0
5	3	0
6	3	1
7	3	0
8	3	7
9	3	2
10	3	0
11	3	1
12	3	3
13	3	3
14	3	0
15	3	4
16	3	3
17	3	5
18	3	4
19	3	7
20	3	0
21	3	2
22	3	5
23	3	3
0	4	1
1	4	0
2	4	0
3	4	4
4	4	0
5	4	0
6	4	0
7	4	3
8	4	9
9	4	2
10	4	3
11	4	2
12	4	9
13	4	2
14	4	8
15	4	3
16	4	2
17	4	5
18	4	8
19	4	3
20	4	7
21	4	5
22	4	6
23	4	5
0	5	0
1	5	0
2	5	7
3	5	0
4	5	2
5	5	2
6	5	0
7	5	0
8	5	0
9	5	4
10	5	4
11	5	2
12	5	5
13	5	0
14	5	5
15	5	10
16	5	5
17	5	0
18	5	0
19	5	4
20	5	0
21	5	10
22	5	2
23	5	0
0	6	1
1	6	1
2	6	1
3	6	0
4	6	0
5	6	0
6	6	0
7	6	5
8	6	6
9	6	1
10	6	2
11	6	2
12	6	2
13	6	2
14	6	2
15	6	3
16	6	7
17	6	4
18	6	4
19	6	4
20	6	6
21	6	5
22	6	4
23	6	5
0	7	0
1	7	0
2	7	0
3	7	0
4	7	3
5	7	0
6	7	3
7	7	0
8	7	5
9	7	0
10	7	0
11	7	0
12	7	3
13	7	3
14	7	0
15	7	0
16	7	0
17	7	0
18	7	5
19	7	0
20	7	0
21	7	0
22	7	5
23	7	0
0	8	0
1	8	2
2	8	0
3	8	0
4	8	0
5	8	0
6	8	0
7	8	4
8	8	0
9	8	4
10	8	0
11	8	2
12	8	5
13	8	2
14	8	2
15	8	5
16	8	4
17	8	2
18	8	8
19	8	0
20	8	2
21	8	2
22	8	0
23	8	2
0	9	1
1	9	1
2	9	0
3	9	0
4	9	0
5	9	0
6	9	0
7	9	0
8	9	1
9	9	4
10	9	4
11	9	3
12	9	3
13	9	0
14	9	2
15	9	4
16	9	1
17	9	12
18	9	6
19	9	8
20	9	8
21	9	7
22	9	9
23	9	4
0	10	0
1	10	0
2	10	0
3	10	0
4	10	0
5	10	0
6	10	0
7	10	0
8	10	0
9	10	0
10	10	0
11	10	0
12	10	0
13	10	0
14	10	0
15	10	0
16	10	0
17	10	0
18	10	0
19	10	0
20	10	0
21	10	0
22	10	0
23	10	0
0	11	0
1	11	0
2	11	0
3	11	0
4	11	0
5	11	0
6	11	0
7	11	0
8	11	0
9	11	0
10	11	0
11	11	85
12	11	0
13	11	0
14	11	0
15	11	0
16	11	0
17	11	0
18	11	0
19	11	0
20	11	0
21	11	0
22	11	0
23	11	0
0	12	3
1	12	0
2	12	0
3	12	0
4	12	0
5	12	0
6	12	7
7	12	0
8	12	0
9	12	7
10	12	5
11	12	5
12	12	3
13	12	7
14	12	3
15	12	3
16	12	15
17	12	0
18	12	9
19	12	3
20	12	3
21	12	3
22	12	3
23	12	13
0	13	0
1	13	0
2	13	0
3	13	0
4	13	0
5	13	0
6	13	0
7	13	0
8	13	0
9	13	0
10	13	7
11	13	0
12	13	0
13	13	0
14	13	13
15	13	0
16	13	0
17	13	0
18	13	0
19	13	13
20	13	0
21	13	0
22	13	0
23	13	7
0	14	0
1	14	0
2	14	0
3	14	0
4	14	0
5	14	5
6	14	0
7	14	0
8	14	0
9	14	0
10	14	0
11	14	5
12	14	5
13	14	5
14	14	0
15	14	5
16	14	0
17	14	5
18	14	5
19	14	9
20	14	0
21	14	9
22	14	0
23	14	9
0	15	0
1	15	0
2	15	0
3	15	0
4	15	0
5	15	0
6	15	0
7	15	2
8	15	0
9	15	4
10	15	4
11	15	4
12	15	12
13	15	4
14	15	2
15	15	5
16	15	15
17	15	0
18	15	10
19	15	5
20	15	7
21	15	12
22	15	7
23	15	4
0	16	0
1	16	0
2	16	0
3	16	0
4	16	2
5	16	0
6	16	4
7	16	0
8	16	5
9	16	0
10	16	5
11	16	6
12	16	2
13	16	2
14	16	2
15	16	0
16	16	6
17	16	11
18	16	14
19	16	4
20	16	18
21	16	0
22	16	0
23	16	0
0	17	1
1	17	2
2	17	1
3	17	0
4	17	0
5	17	1
6	17	2
7	17	3
8	17	2
9	17	3
10	17	2
11	17	4
12	17	2
13	17	4
14	17	4
15	17	3
16	17	3
17	17	6
18	17	4
19	17	5
20	17	6
21	17	5
22	17	3
23	17	2
0	18	0
1	18	0
2	18	0
3	18	0
4	18	0
5	18	0
6	18	0
7	18	0
8	18	0
9	18	0
10	18	0
11	18	0
12	18	0
13	18	0
14	18	0
15	18	0
16	18	0
17	18	0
18	18	0
19	18	0
20	18	0
21	18	0
22	18	0
23	18	0
0	19	0
1	19	0
2	19	0
3	19	0
4	19	0
5	19	0
6	19	0
7	19	0
8	19	0
9	19	0
10	19	0
11	19	0
12	19	0
13	19	0
14	19	0
15	19	4
16	19	0
17	19	0
18	19	0
19	19	4
20	19	7
21	19	4
22	19	14
23	19	23
0	20	1
1	20	1
2	20	1
3	20	1
4	20	1
5	20	1
6	20	1
7	20	3
8	20	3
9	20	2
10	20	3
11	20	2
12	20	4
13	20	3
14	20	4
15	20	3
16	20	5
17	20	7
18	20	6
19	20	5
20	20	7
21	20	6
22	20	4
23	20	2
0	21	0
1	21	0
2	21	0
3	21	0
4	21	0
5	21	4
6	21	0
7	21	0
8	21	0
9	21	0
10	21	0
11	21	0
12	21	0
13	21	0
14	21	0
15	21	0
16	21	0
17	21	4
18	21	0
19	21	4
20	21	0
21	21	0
22	21	0
23	21	0
0	22	2
1	22	1
2	22	0
3	22	0
4	22	1
5	22	0
6	22	2
7	22	0
8	22	0
9	22	1
10	22	0
11	22	2
12	22	0
13	22	1
14	22	2
15	22	3
16	22	3
17	22	6
18	22	3
19	22	4
20	22	3
21	22	4
22	22	4
23	22	1
0	23	0
1	23	0
2	23	0
3	23	0
4	23	0
5	23	0
6	23	0
7	23	0
8	23	0
9	23	0
10	23	0
11	23	0
12	23	0
13	23	0
14	23	0
15	23	0
16	23	0
17	23	0
18	23	0
19	23	0
20	23	0
21	23	0
22	23	0
23	23	0
0	24	2
1	24	0
2	24	0
3	24	0
4	24	0
5	24	0
6	24	0
7	24	1
8	24	2
9	24	3
10	24	0
11	24	3
12	24	3
13	24	3
14	24	2
15	24	2
16	24	2
17	24	3
18	24	3
19	24	2
20	24	2
21	24	4
22	24	4
23	24	0
0	25	0
1	25	0
2	25	0
3	25	0
4	25	0
5	25	0
6	25	0
7	25	0
8	25	0
9	25	0
10	25	0
11	25	0
12	25	0
13	25	0
14	25	0
15	25	0
16	25	0
17	25	0
18	25	0
19	25	0
20	25	0
21	25	0
22	25	0
23	25	0
0	26	0
1	26	0
2	26	0
3	26	0
4	26	0
5	26	0
6	26	0
7	26	0
8	26	0
9	26	0
10	26	0
11	26	0
12	26	0
13	26	0
14	26	0
15	26	0
16	26	0
17	26	0
18	26	0
19	26	0
20	26	12
21	26	0
22	26	0
23	26	0
0	27	2
1	27	1
2	27	1
3	27	1
4	27	1
5	27	1
6	27	2
7	27	2
8	27	3
9	27	3
10	27	3
11	27	3
12	27	4
13	27	4
14	27	4
15	27	4
16	27	4
17	27	4
18	27	4
19	27	5
20	27	5
21	27	4
22	27	3
23	27	2
0	28	0
1	28	0
2	28	0
3	28	0
4	28	0
5	28	0
6	28	0
7	28	0
8	28	0
9	28	0
10	28	0
11	28	0
12	28	0
13	28	0
14	28	0
15	28	0
16	28	0
17	28	0
18	28	0
19	28	0
20	28	0
21	28	0
22	28	0
23	28	0
0	29	1
1	29	1
2	29	0
3	29	0
4	29	0
5	29	0
6	29	2
7	29	1
8	29	4
9	29	5
10	29	2
11	29	4
12	29	8
13	29	2
14	29	2
15	29	0
16	29	2
17	29	4
18	29	5
19	29	2
20	29	4
21	29	7
22	29	3
23	29	1
0	30	0
1	30	0
2	30	0
3	30	0
4	30	0
5	30	0
6	30	1
7	30	1
8	30	4
9	30	3
10	30	3
11	30	1
12	30	3
13	30	3
14	30	0
15	30	3
16	30	3
17	30	3
18	30	3
19	30	1
20	30	5
21	30	7
22	30	5
23	30	2
0	31	0
1	31	0
2	31	0
3	31	0
4	31	0
5	31	0
6	31	0
7	31	0
8	31	0
9	31	0
10	31	0
11	31	0
12	31	0
13	31	0
14	31	0
15	31	0
16	31	0
17	31	0
18	31	0
19	31	0
20	31	0
21	31	0
22	31	0
23	31	0
0	32	0
1	32	0
2	32	0
3	32	0
4	32	5
5	32	0
6	32	0
7	32	0
8	32	2
9	32	0
10	32	0
11	32	2
12	32	2
13	32	15
14	32	10
15	32	5
16	32	0
17	32	5
18	32	2
19	32	2
20	32	0
21	32	7
22	32	0
23	32	0
0	33	0
1	33	0
2	33	0
3	33	0
4	33	0
5	33	0
6	33	0
7	33	0
8	33	3
9	33	0
10	33	0
11	33	0
12	33	3
13	33	0
14	33	0
15	33	24
16	33	0
17	33	0
18	33	18
19	33	0
20	33	0
21	33	3
22	33	0
23	33	0
0	34	3
1	34	6
2	34	3
3	34	2
4	34	0
5	34	0
6	34	1
7	34	2
8	34	3
9	34	1
10	34	2
11	34	3
12	34	1
13	34	2
14	34	2
15	34	1
16	34	5
17	34	11
18	34	5
19	34	3
20	34	5
21	34	4
22	34	1
23	34	1
0	35	0
1	35	0
2	35	0
3	35	0
4	35	0
5	35	0
6	35	0
7	35	0
8	35	6
9	35	0
10	35	6
11	35	3
12	35	0
13	35	0
14	35	0
15	35	0
16	35	0
17	35	6
18	35	0
19	35	0
20	35	0
21	35	3
22	35	3
23	35	0
0	36	0
1	36	0
2	36	0
3	36	0
4	36	0
5	36	0
6	36	0
7	36	0
8	36	0
9	36	0
10	36	4
11	36	0
12	36	0
13	36	0
14	36	0
15	36	0
16	36	0
17	36	15
18	36	0
19	36	0
20	36	0
21	36	0
22	36	0
23	36	0
0	37	0
1	37	0
2	37	0
3	37	0
4	37	0
5	37	0
6	37	0
7	37	3
8	37	3
9	37	0
10	37	0
11	37	3
12	37	5
13	37	7
14	37	0
15	37	0
16	37	3
17	37	3
18	37	3
19	37	0
20	37	3
21	37	5
22	37	9
23	37	0
0	38	0
1	38	0
2	38	0
3	38	0
4	38	0
5	38	0
6	38	0
7	38	0
8	38	1
9	38	2
10	38	1
11	38	2
12	38	2
13	38	2
14	38	5
15	38	4
16	38	2
17	38	2
18	38	3
19	38	6
20	38	3
21	38	6
22	38	4
23	38	3
0	39	0
1	39	0
2	39	0
3	39	0
4	39	0
5	39	6
6	39	0
7	39	0
8	39	0
9	39	0
10	39	0
11	39	0
12	39	0
13	39	0
14	39	0
15	39	0
16	39	0
17	39	0
18	39	6
19	39	0
20	39	0
21	39	0
22	39	0
23	39	0
0	40	0
1	40	0
2	40	0
3	40	0
4	40	0
5	40	0
6	40	0
7	40	0
8	40	0
9	40	0
10	40	0
11	40	0
12	40	0
13	40	0
14	40	0
15	40	0
16	40	0
17	40	0
18	40	0
19	40	0
20	40	11
21	40	0
22	40	6
23	40	0
0	41	2
1	41	1
2	41	1
3	41	0
4	41	1
5	41	1
6	41	1
7	41	2
8	41	2
9	41	6
10	41	4
11	41	6
12	41	4
13	41	3
14	41	2
15	41	4
16	41	4
17	41	4
18	41	3
19	41	4
20	41	5
21	41	4
22	41	4
23	41	2
0	42	2
1	42	1
2	42	0
3	42	1
4	42	0
5	42	1
6	42	1
7	42	2
8	42	3
9	42	2
10	42	4
11	42	4
12	42	2
13	42	6
14	42	3
15	42	4
16	42	4
17	42	4
18	42	4
19	42	6
20	42	3
21	42	7
22	42	2
23	42	3
0	43	23
1	43	0
2	43	0
3	43	0
4	43	0
5	43	0
6	43	0
7	43	0
8	43	0
9	43	6
10	43	6
11	43	0
12	43	23
13	43	12
14	43	0
15	43	0
16	43	0
17	43	29
18	43	0
19	43	6
20	43	0
21	43	29
22	43	6
23	43	0
0	44	1
1	44	0
2	44	1
3	44	1
4	44	1
5	44	1
6	44	2
7	44	3
8	44	5
9	44	4
10	44	3
11	44	2
12	44	3
13	44	4
14	44	6
15	44	3
16	44	3
17	44	4
18	44	6
19	44	7
20	44	8
21	44	6
22	44	4
23	44	2
0	45	0
1	45	0
2	45	0
3	45	0
4	45	0
5	45	0
6	45	0
7	45	0
8	45	0
9	45	0
10	45	0
11	45	0
12	45	0
13	45	0
14	45	0
15	45	0
16	45	0
17	45	0
18	45	27
19	45	0
20	45	0
21	45	0
22	45	0
23	45	0
0	46	1
1	46	1
2	46	1
3	46	1
4	46	1
5	46	1
6	46	1
7	46	1
8	46	1
9	46	1
10	46	3
11	46	2
12	46	3
13	46	2
14	46	2
15	46	1
16	46	2
17	46	3
18	46	3
19	46	4
20	46	5
21	46	3
22	46	4
23	46	2
0	47	4
1	47	0
2	47	4
3	47	0
4	47	0
5	47	0
6	47	0
7	47	0
8	47	0
9	47	0
10	47	4
11	47	11
12	47	0
13	47	8
14	47	0
15	47	0
16	47	4
17	47	0
18	47	4
19	47	11
20	47	21
21	47	8
22	47	11
23	47	0
0	48	0
1	48	0
2	48	0
3	48	0
4	48	0
5	48	0
6	48	4
7	48	0
8	48	0
9	48	0
10	48	0
11	48	0
12	48	0
13	48	0
14	48	0
15	48	0
16	48	0
17	48	4
18	48	0
19	48	0
20	48	0
21	48	4
22	48	0
23	48	0
0	49	0
1	49	0
2	49	0
3	49	0
4	49	0
5	49	0
6	49	0
7	49	0
8	49	0
9	49	0
10	49	0
11	49	0
12	49	0
13	49	0
14	49	0
15	49	6
16	49	0
17	49	0
18	49	0
19	49	6
20	49	0
21	49	0
22	49	0
23	49	0
0	50	0
1	50	0
2	50	0
3	50	0
4	50	0
5	50	0
6	50	0
7	50	0
8	50	3
9	50	0
10	50	0
11	50	0
12	50	0
13	50	13
14	50	3
15	50	0
16	50	0
17	50	0
18	50	0
19	50	5
20	50	5
21	50	0
22	50	0
23	50	3
0	51	0
1	51	0
2	51	0
3	51	0
4	51	0
5	51	0
6	51	0
7	51	15
8	51	0
9	51	15
10	51	8
11	51	15
12	51	0
13	51	0
14	51	0
15	51	15
16	51	15
17	51	0
18	51	8
19	51	15
20	51	8
21	51	8
22	51	0
23	51	0
0	52	1
1	52	1
2	52	0
3	52	1
4	52	0
5	52	0
6	52	10
7	52	1
8	52	2
9	52	6
10	52	2
11	52	0
12	52	2
13	52	2
14	52	0
15	52	2
16	52	3
17	52	1
18	52	2
19	52	3
20	52	4
21	52	2
22	52	3
23	52	4
0	53	0
1	53	0
2	53	0
3	53	0
4	53	0
5	53	0
6	53	0
7	53	0
8	53	0
9	53	4
10	53	0
11	53	0
12	53	18
13	53	0
14	53	0
15	53	0
16	53	11
17	53	0
18	53	4
19	53	4
20	53	0
21	53	0
22	53	18
23	53	4
0	54	1
1	54	1
2	54	1
3	54	0
4	54	0
5	54	0
6	54	0
7	54	0
8	54	0
9	54	0
10	54	0
11	54	1
12	54	0
13	54	1
14	54	1
15	54	1
16	54	0
17	54	0
18	54	2
19	54	1
20	54	1
21	54	3
22	54	3
23	54	1
0	55	0
1	55	0
2	55	0
3	55	2
4	55	0
5	55	2
6	55	2
7	55	0
8	55	6
9	55	4
10	55	6
11	55	0
12	55	0
13	55	0
14	55	14
15	55	2
16	55	0
17	55	7
18	55	6
19	55	6
20	55	2
21	55	6
22	55	0
23	55	0
0	56	2
1	56	2
2	56	1
3	56	0
4	56	0
5	56	1
6	56	2
7	56	1
8	56	2
9	56	5
10	56	6
11	56	4
12	56	7
13	56	4
14	56	1
15	56	5
16	56	4
17	56	7
18	56	6
19	56	6
20	56	9
21	56	7
22	56	4
23	56	2
0	57	0
1	57	0
2	57	0
3	57	0
4	57	0
5	57	0
6	57	0
7	57	0
8	57	0
9	57	0
10	57	11
11	57	0
12	57	0
13	57	0
14	57	0
15	57	0
16	57	0
17	57	0
18	57	0
19	57	0
20	57	0
21	57	0
22	57	0
23	57	11
0	58	5
1	58	0
2	58	0
3	58	0
4	58	0
5	58	0
6	58	2
7	58	0
8	58	2
9	58	7
10	58	0
11	58	3
12	58	13
13	58	6
14	58	3
15	58	4
16	58	2
17	58	8
18	58	3
19	58	7
20	58	5
21	58	6
22	58	15
23	58	0
0	59	0
1	59	0
2	59	0
3	59	0
4	59	0
5	59	0
6	59	2
7	59	2
8	59	0
9	59	0
10	59	0
11	59	0
12	59	0
13	59	0
14	59	0
15	59	0
16	59	4
17	59	0
18	59	0
19	59	7
20	59	6
21	59	4
22	59	0
23	59	0
0	60	0
1	60	0
2	60	0
3	60	0
4	60	0
5	60	0
6	60	0
7	60	0
8	60	0
9	60	0
10	60	0
11	60	12
12	60	0
13	60	12
14	60	0
15	60	12
16	60	0
17	60	0
18	60	0
19	60	0
20	60	0
21	60	0
22	60	0
23	60	0
0	61	1
1	61	0
2	61	0
3	61	0
4	61	0
5	61	0
6	61	0
7	61	0
8	61	3
9	61	1
10	61	3
11	61	0
12	61	0
13	61	1
14	61	0
15	61	2
16	61	10
17	61	2
18	61	0
19	61	1
20	61	4
21	61	3
22	61	4
23	61	7
0	62	5
1	62	0
2	62	0
3	62	0
4	62	0
5	62	0
6	62	0
7	62	7
8	62	0
9	62	5
10	62	0
11	62	3
12	62	0
13	62	11
14	62	5
15	62	0
16	62	0
17	62	0
18	62	5
19	62	0
20	62	0
21	62	0
22	62	0
23	62	5
0	63	0
1	63	0
2	63	0
3	63	8
4	63	0
5	63	8
6	63	0
7	63	0
8	63	0
9	63	0
10	63	8
11	63	0
12	63	15
13	63	0
14	63	0
15	63	0
16	63	0
17	63	0
18	63	0
19	63	0
20	63	0
21	63	15
22	63	8
23	63	0
0	64	0
1	64	0
2	64	0
3	64	0
4	64	0
5	64	0
6	64	3
7	64	6
8	64	0
9	64	0
10	64	0
11	64	0
12	64	0
13	64	0
14	64	0
15	64	0
16	64	11
17	64	8
18	64	6
19	64	11
20	64	3
21	64	0
22	64	0
23	64	0
0	65	4
1	65	5
2	65	0
3	65	2
4	65	2
5	65	4
6	65	4
7	65	4
8	65	4
9	65	9
10	65	6
11	65	6
12	65	10
13	65	25
14	65	12
15	65	10
16	65	18
17	65	12
18	65	9
19	65	5
20	65	11
21	65	10
22	65	11
23	65	15
0	66	0
1	66	0
2	66	0
3	66	0
4	66	0
5	66	0
6	66	0
7	66	0
8	66	0
9	66	0
10	66	8
11	66	22
12	66	0
13	66	0
14	66	0
15	66	8
16	66	0
17	66	0
18	66	0
19	66	0
20	66	0
21	66	0
22	66	0
23	66	0
0	67	0
1	67	22
2	67	16
3	67	0
4	67	0
5	67	0
6	67	0
7	67	0
8	67	0
9	67	0
10	67	6
11	67	6
12	67	0
13	67	0
14	67	0
15	67	0
16	67	0
17	67	6
18	67	0
19	67	0
20	67	0
21	67	0
22	67	0
23	67	0
0	68	2
1	68	0
2	68	2
3	68	0
4	68	0
5	68	0
6	68	0
7	68	0
8	68	0
9	68	0
10	68	0
11	68	0
12	68	0
13	68	7
14	68	2
15	68	0
16	68	14
17	68	2
18	68	6
19	68	4
20	68	2
21	68	4
22	68	4
23	68	2
0	69	2
1	69	0
2	69	0
3	69	0
4	69	0
5	69	0
6	69	0
7	69	4
8	69	8
9	69	2
10	69	2
11	69	0
12	69	2
13	69	2
14	69	2
15	69	3
16	69	3
17	69	4
18	69	3
19	69	8
20	69	3
21	69	9
22	69	8
23	69	2
0	70	1
1	70	2
2	70	0
3	70	2
4	70	1
5	70	0
6	70	1
7	70	2
8	70	1
9	70	3
10	70	2
11	70	3
12	70	3
13	70	2
14	70	2
15	70	3
16	70	2
17	70	3
18	70	3
19	70	2
20	70	4
21	70	5
22	70	3
23	70	1
0	71	6
1	71	4
2	71	4
3	71	0
4	71	0
5	71	0
6	71	0
7	71	0
8	71	7
9	71	16
10	71	28
11	71	19
12	71	19
13	71	30
14	71	14
15	71	7
16	71	16
17	71	14
18	71	7
19	71	6
20	71	12
21	71	9
22	71	4
23	71	2
0	72	6
1	72	0
2	72	0
3	72	0
4	72	0
5	72	0
6	72	0
7	72	0
8	72	0
9	72	6
10	72	3
11	72	0
12	72	0
13	72	0
14	72	0
15	72	15
16	72	3
17	72	0
18	72	3
19	72	9
20	72	6
21	72	9
22	72	0
23	72	0
0	73	0
1	73	0
2	73	0
3	73	0
4	73	0
5	73	0
6	73	13
7	73	0
8	73	15
9	73	0
10	73	5
11	73	5
12	73	5
13	73	0
14	73	9
15	73	22
16	73	37
17	73	7
18	73	11
19	73	20
20	73	11
21	73	7
22	73	7
23	73	5
0	74	0
1	74	0
2	74	0
3	74	0
4	74	0
5	74	0
6	74	0
7	74	0
8	74	0
9	74	0
10	74	0
11	74	0
12	74	0
13	74	0
14	74	0
15	74	0
16	74	23
17	74	0
18	74	0
19	74	0
20	74	0
21	74	0
22	74	0
23	74	0
0	75	0
1	75	2
2	75	2
3	75	0
4	75	0
5	75	0
6	75	2
7	75	2
8	75	0
9	75	2
10	75	3
11	75	2
12	75	5
13	75	5
14	75	2
15	75	5
16	75	9
17	75	5
18	75	8
19	75	0
20	75	2
21	75	2
22	75	3
23	75	3
0	76	0
1	76	0
2	76	0
3	76	0
4	76	0
5	76	0
6	76	0
7	76	0
8	76	0
9	76	3
10	76	6
11	76	3
12	76	0
13	76	3
14	76	0
15	76	9
16	76	0
17	76	3
18	76	6
19	76	3
20	76	17
21	76	14
22	76	3
23	76	0
0	77	0
1	77	0
2	77	0
3	77	0
4	77	0
5	77	0
6	77	0
7	77	3
8	77	2
9	77	2
10	77	0
11	77	5
12	77	2
13	77	4
14	77	1
15	77	5
16	77	10
17	77	9
18	77	8
19	77	11
20	77	10
21	77	2
22	77	1
23	77	0
0	78	20
1	78	0
2	78	0
3	78	0
4	78	0
5	78	0
6	78	0
7	78	0
8	78	0
9	78	0
10	78	0
11	78	0
12	78	0
13	78	0
14	78	0
15	78	11
16	78	0
17	78	0
18	78	11
19	78	0
20	78	0
21	78	0
22	78	0
23	78	0
0	79	5
1	79	0
2	79	0
3	79	0
4	79	0
5	79	0
6	79	1
7	79	7
8	79	1
9	79	0
10	79	3
11	79	8
12	79	7
13	79	3
14	79	5
15	79	11
16	79	4
17	79	3
18	79	5
19	79	0
20	79	3
21	79	6
22	79	6
23	79	2
0	80	0
1	80	0
2	80	0
3	80	0
4	80	0
5	80	0
6	80	0
7	80	0
8	80	0
9	80	0
10	80	0
11	80	0
12	80	0
13	80	0
14	80	0
15	80	0
16	80	0
17	80	0
18	80	0
19	80	0
20	80	0
21	80	0
22	80	0
23	80	0
0	81	0
1	81	0
2	81	0
3	81	0
4	81	0
5	81	0
6	81	0
7	81	0
8	81	0
9	81	0
10	81	0
11	81	0
12	81	0
13	81	0
14	81	0
15	81	0
16	81	0
17	81	0
18	81	0
19	81	0
20	81	0
21	81	0
22	81	0
23	81	0
0	82	1
1	82	0
2	82	0
3	82	0
4	82	0
5	82	0
6	82	1
7	82	0
8	82	2
9	82	1
10	82	5
11	82	1
12	82	1
13	82	2
14	82	3
15	82	3
16	82	5
17	82	1
18	82	0
19	82	7
20	82	2
21	82	0
22	82	5
23	82	2
0	83	0
1	83	0
2	83	0
3	83	0
4	83	0
5	83	0
6	83	0
7	83	0
8	83	3
9	83	20
10	83	3
11	83	15
12	83	0
13	83	0
14	83	3
15	83	15
16	83	12
17	83	3
18	83	6
19	83	9
20	83	12
21	83	3
22	83	9
23	83	0
0	84	0
1	84	0
2	84	0
3	84	0
4	84	0
5	84	0
6	84	0
7	84	0
8	84	0
9	84	0
10	84	0
11	84	0
12	84	0
13	84	0
14	84	0
15	84	0
16	84	0
17	84	0
18	84	9
19	84	0
20	84	0
21	84	18
22	84	0
23	84	9
0	85	0
1	85	3
2	85	0
3	85	0
4	85	0
5	85	0
6	85	7
7	85	0
8	85	3
9	85	0
10	85	0
11	85	5
12	85	3
13	85	3
14	85	3
15	85	3
16	85	5
17	85	9
18	85	3
19	85	3
20	85	3
21	85	5
22	85	0
23	85	0
0	86	2
1	86	1
2	86	2
3	86	1
4	86	1
5	86	1
6	86	2
7	86	2
8	86	4
9	86	5
10	86	4
11	86	3
12	86	3
13	86	4
14	86	2
15	86	5
16	86	4
17	86	4
18	86	4
19	86	7
20	86	4
21	86	4
22	86	5
23	86	3
0	87	3
1	87	1
2	87	0
3	87	0
4	87	0
5	87	1
6	87	0
7	87	0
8	87	0
9	87	0
10	87	3
11	87	0
12	87	3
13	87	5
14	87	3
15	87	1
16	87	0
17	87	2
18	87	4
19	87	3
20	87	1
21	87	2
22	87	1
23	87	0
0	88	0
1	88	0
2	88	0
3	88	0
4	88	0
5	88	0
6	88	0
7	88	0
8	88	0
9	88	0
10	88	0
11	88	0
12	88	0
13	88	0
14	88	0
15	88	0
16	88	0
17	88	0
18	88	0
19	88	0
20	88	0
21	88	0
22	88	0
23	88	0
0	89	0
1	89	17
2	89	0
3	89	0
4	89	0
5	89	0
6	89	0
7	89	4
8	89	0
9	89	4
10	89	4
11	89	4
12	89	0
13	89	0
14	89	0
15	89	0
16	89	4
17	89	0
18	89	7
19	89	0
20	89	11
21	89	4
22	89	14
23	89	4
0	90	2
1	90	1
2	90	1
3	90	1
4	90	1
5	90	1
6	90	2
7	90	3
8	90	2
9	90	3
10	90	4
11	90	3
12	90	3
13	90	4
14	90	3
15	90	3
16	90	5
17	90	5
18	90	5
19	90	5
20	90	4
21	90	4
22	90	3
23	90	3
0	91	0
1	91	4
2	91	4
3	91	0
4	91	0
5	91	7
6	91	0
7	91	0
8	91	0
9	91	0
10	91	0
11	91	0
12	91	0
13	91	7
14	91	0
15	91	16
16	91	7
17	91	0
18	91	7
19	91	0
20	91	0
21	91	0
22	91	4
23	91	10
0	92	2
1	92	0
2	92	0
3	92	0
4	92	2
5	92	2
6	92	0
7	92	0
8	92	0
9	92	3
10	92	6
11	92	4
12	92	2
13	92	0
14	92	5
15	92	3
16	92	8
17	92	3
18	92	7
19	92	5
20	92	9
21	92	4
22	92	2
23	92	3
0	93	0
1	93	0
2	93	0
3	93	0
4	93	0
5	93	0
6	93	0
7	93	0
8	93	0
9	93	0
10	93	0
11	93	0
12	93	0
13	93	0
14	93	0
15	93	0
16	93	0
17	93	0
18	93	0
19	93	0
20	93	0
21	93	0
22	93	0
23	93	0
0	94	1
1	94	0
2	94	1
3	94	1
4	94	0
5	94	2
6	94	2
7	94	2
8	94	1
9	94	3
10	94	3
11	94	2
12	94	10
13	94	7
14	94	4
15	94	5
16	94	5
17	94	8
18	94	7
19	94	11
20	94	12
21	94	3
22	94	6
23	94	3
0	95	0
1	95	0
2	95	0
3	95	0
4	95	0
5	95	0
6	95	0
7	95	0
8	95	0
9	95	0
10	95	0
11	95	0
12	95	0
13	95	0
14	95	0
15	95	0
16	95	0
17	95	0
18	95	0
19	95	0
20	95	0
21	95	0
22	95	0
23	95	0
0	96	0
1	96	0
2	96	0
3	96	0
4	96	0
5	96	0
6	96	0
7	96	0
8	96	0
9	96	0
10	96	0
11	96	0
12	96	0
13	96	0
14	96	0
15	96	0
16	96	0
17	96	0
18	96	0
19	96	0
20	96	0
21	96	0
22	96	0
23	96	0
0	97	1
1	97	1
2	97	1
3	97	0
4	97	1
5	97	2
6	97	1
7	97	2
8	97	2
9	97	4
10	97	2
11	97	4
12	97	4
13	97	4
14	97	5
15	97	5
16	97	5
17	97	4
18	97	5
19	97	6
20	97	7
21	97	6
22	97	4
23	97	3
0	98	0
1	98	0
2	98	0
3	98	0
4	98	0
5	98	0
6	98	0
7	98	0
8	98	0
9	98	0
10	98	0
11	98	2
12	98	0
13	98	0
14	98	0
15	98	0
16	98	4
17	98	0
18	98	0
19	98	0
20	98	0
21	98	0
22	98	0
23	98	0
0	99	0
1	99	0
2	99	0
3	99	0
4	99	0
5	99	0
6	99	0
7	99	0
8	99	0
9	99	0
10	99	0
11	99	0
12	99	0
13	99	0
14	99	0
15	99	0
16	99	0
17	99	0
18	99	0
19	99	0
20	99	0
21	99	0
22	99	0
23	99	0
0	100	1
1	100	0
2	100	0
3	100	0
4	100	0
5	100	0
6	100	3
7	100	2
8	100	2
9	100	4
10	100	5
11	100	1
12	100	6
13	100	4
14	100	0
15	100	12
16	100	3
17	100	4
18	100	8
19	100	4
20	100	11
21	100	4
22	100	8
23	100	2
0	101	0
1	101	0
2	101	0
3	101	0
4	101	0
5	101	0
6	101	0
7	101	0
8	101	0
9	101	0
10	101	0
11	101	0
12	101	0
13	101	0
14	101	0
15	101	0
16	101	0
17	101	0
18	101	0
19	101	0
20	101	0
21	101	0
22	101	0
23	101	0
0	102	0
1	102	0
2	102	0
3	102	0
4	102	0
5	102	0
6	102	0
7	102	0
8	102	4
9	102	0
10	102	0
11	102	0
12	102	0
13	102	4
14	102	0
15	102	0
16	102	0
17	102	0
18	102	4
19	102	0
20	102	0
21	102	0
22	102	4
23	102	0
0	103	0
1	103	0
2	103	0
3	103	0
4	103	0
5	103	0
6	103	0
7	103	0
8	103	0
9	103	0
10	103	18
11	103	0
12	103	0
13	103	0
14	103	0
15	103	0
16	103	0
17	103	0
18	103	18
19	103	0
20	103	9
21	103	9
22	103	0
23	103	0
0	104	3
1	104	1
2	104	1
3	104	1
4	104	1
5	104	1
6	104	1
7	104	2
8	104	3
9	104	3
10	104	4
11	104	4
12	104	5
13	104	5
14	104	4
15	104	3
16	104	6
17	104	5
18	104	7
19	104	8
20	104	7
21	104	6
22	104	5
23	104	3
0	105	0
1	105	0
2	105	0
3	105	0
4	105	0
5	105	2
6	105	0
7	105	4
8	105	4
9	105	0
10	105	0
11	105	0
12	105	0
13	105	0
14	105	2
15	105	2
16	105	0
17	105	0
18	105	0
19	105	0
20	105	18
21	105	6
22	105	0
23	105	2
0	106	0
1	106	0
2	106	0
3	106	0
4	106	0
5	106	0
6	106	0
7	106	0
8	106	0
9	106	0
10	106	0
11	106	0
12	106	0
13	106	0
14	106	0
15	106	0
16	106	0
17	106	0
18	106	7
19	106	0
20	106	0
21	106	0
22	106	0
23	106	0
0	107	2
1	107	0
2	107	0
3	107	0
4	107	0
5	107	0
6	107	0
7	107	2
8	107	2
9	107	0
10	107	5
11	107	5
12	107	4
13	107	4
14	107	5
15	107	0
16	107	2
17	107	4
18	107	2
19	107	2
20	107	2
21	107	4
22	107	7
23	107	4
0	108	0
1	108	0
2	108	0
3	108	0
4	108	0
5	108	0
6	108	0
7	108	0
8	108	22
9	108	22
10	108	0
11	108	0
12	108	0
13	108	15
14	108	0
15	108	0
16	108	8
17	108	0
18	108	0
19	108	0
20	108	0
21	108	0
22	108	0
23	108	0
0	109	2
1	109	1
2	109	0
3	109	0
4	109	1
5	109	0
6	109	2
7	109	0
8	109	4
9	109	3
10	109	4
11	109	2
12	109	1
13	109	6
14	109	3
15	109	1
16	109	1
17	109	1
18	109	3
19	109	3
20	109	5
21	109	3
22	109	2
23	109	1
0	110	0
1	110	0
2	110	0
3	110	0
4	110	0
5	110	0
6	110	0
7	110	0
8	110	0
9	110	0
10	110	32
11	110	46
12	110	0
13	110	0
14	110	0
15	110	17
16	110	46
17	110	0
18	110	0
19	110	0
20	110	0
21	110	0
22	110	0
23	110	0
0	111	0
1	111	0
2	111	0
3	111	0
4	111	0
5	111	0
6	111	0
7	111	3
8	111	23
9	111	0
10	111	6
11	111	3
12	111	3
13	111	0
14	111	11
15	111	0
16	111	6
17	111	6
18	111	3
19	111	6
20	111	14
21	111	8
22	111	0
23	111	6
0	112	0
1	112	0
2	112	0
3	112	0
4	112	3
5	112	2
6	112	0
7	112	2
8	112	0
9	112	2
10	112	0
11	112	5
12	112	5
13	112	0
14	112	5
15	112	9
16	112	5
17	112	10
18	112	6
19	112	5
20	112	10
21	112	9
22	112	5
23	112	3
0	113	0
1	113	0
2	113	0
3	113	0
4	113	0
5	113	0
6	113	0
7	113	0
8	113	0
9	113	0
10	113	0
11	113	8
12	113	0
13	113	0
14	113	0
15	113	4
16	113	15
17	113	0
18	113	0
19	113	4
20	113	12
21	113	0
22	113	0
23	113	0
0	114	4
1	114	1
2	114	0
3	114	3
4	114	0
5	114	0
6	114	3
7	114	3
8	114	1
9	114	1
10	114	3
11	114	0
12	114	3
13	114	3
14	114	2
15	114	5
16	114	5
17	114	1
18	114	5
19	114	9
20	114	9
21	114	6
22	114	8
23	114	6
0	115	0
1	115	0
2	115	0
3	115	0
4	115	0
5	115	0
6	115	0
7	115	16
8	115	0
9	115	0
10	115	0
11	115	0
12	115	0
13	115	0
14	115	0
15	115	0
16	115	0
17	115	0
18	115	0
19	115	0
20	115	0
21	115	0
22	115	0
23	115	0
0	116	0
1	116	0
2	116	0
3	116	0
4	116	0
5	116	0
6	116	11
7	116	11
8	116	11
9	116	0
10	116	0
11	116	0
12	116	0
13	116	0
14	116	0
15	116	0
16	116	0
17	116	0
18	116	0
19	116	0
20	116	0
21	116	0
22	116	0
23	116	0
0	117	0
1	117	0
2	117	0
3	117	0
4	117	0
5	117	0
6	117	0
7	117	0
8	117	0
9	117	0
10	117	0
11	117	0
12	117	0
13	117	0
14	117	0
15	117	0
16	117	7
17	117	7
18	117	0
19	117	0
20	117	0
21	117	0
22	117	0
23	117	0
0	118	1
1	118	3
2	118	2
3	118	0
4	118	0
5	118	1
6	118	1
7	118	2
8	118	2
9	118	3
10	118	5
11	118	4
12	118	5
13	118	3
14	118	3
15	118	2
16	118	8
17	118	4
18	118	4
19	118	3
20	118	3
21	118	7
22	118	6
23	118	2
0	119	0
1	119	0
2	119	0
3	119	0
4	119	0
5	119	0
6	119	0
7	119	0
8	119	0
9	119	0
10	119	0
11	119	0
12	119	0
13	119	0
14	119	0
15	119	0
16	119	0
17	119	0
18	119	0
19	119	0
20	119	0
21	119	0
22	119	0
23	119	0
0	120	0
1	120	0
2	120	0
3	120	1
4	120	0
5	120	0
6	120	0
7	120	0
8	120	0
9	120	2
10	120	1
11	120	4
12	120	4
13	120	1
14	120	1
15	120	3
16	120	1
17	120	0
18	120	4
19	120	2
20	120	0
21	120	0
22	120	3
23	120	3
0	121	0
1	121	5
2	121	0
3	121	0
4	121	0
5	121	0
6	121	0
7	121	0
8	121	3
9	121	5
10	121	5
11	121	0
12	121	9
13	121	3
14	121	3
15	121	5
16	121	3
17	121	0
18	121	3
19	121	0
20	121	9
21	121	0
22	121	0
23	121	0
0	122	8
1	122	8
2	122	0
3	122	0
4	122	0
5	122	0
6	122	0
7	122	0
8	122	0
9	122	0
10	122	0
11	122	0
12	122	0
13	122	0
14	122	8
15	122	8
16	122	21
17	122	0
18	122	0
19	122	0
20	122	21
21	122	0
22	122	8
23	122	0
0	123	4
1	123	0
2	123	0
3	123	0
4	123	0
5	123	5
6	123	5
7	123	0
8	123	4
9	123	0
10	123	0
11	123	4
12	123	0
13	123	0
14	123	0
15	123	0
16	123	0
17	123	7
18	123	0
19	123	2
20	123	4
21	123	5
22	123	4
23	123	0
0	124	0
1	124	0
2	124	0
3	124	0
4	124	0
5	124	0
6	124	0
7	124	0
8	124	0
9	124	0
10	124	0
11	124	0
12	124	0
13	124	0
14	124	24
15	124	0
16	124	0
17	124	0
18	124	0
19	124	0
20	124	0
21	124	0
22	124	0
23	124	0
0	125	2
1	125	1
2	125	0
3	125	1
4	125	1
5	125	1
6	125	1
7	125	2
8	125	3
9	125	2
10	125	2
11	125	3
12	125	2
13	125	3
14	125	3
15	125	5
16	125	3
17	125	3
18	125	3
19	125	3
20	125	4
21	125	4
22	125	4
23	125	2
0	126	0
1	126	0
2	126	0
3	126	0
4	126	0
5	126	0
6	126	0
7	126	0
8	126	3
9	126	0
10	126	0
11	126	7
12	126	0
13	126	9
14	126	0
15	126	5
16	126	3
17	126	0
18	126	3
19	126	3
20	126	3
21	126	5
22	126	0
23	126	0
0	127	4
1	127	1
2	127	1
3	127	3
4	127	0
5	127	1
6	127	1
7	127	5
8	127	3
9	127	3
10	127	4
11	127	6
12	127	2
13	127	4
14	127	4
15	127	5
16	127	6
17	127	8
18	127	5
19	127	4
20	127	10
21	127	4
22	127	4
23	127	2
0	128	2
1	128	1
2	128	1
3	128	0
4	128	1
5	128	1
6	128	2
7	128	2
8	128	4
9	128	5
10	128	4
11	128	3
12	128	5
13	128	3
14	128	4
15	128	4
16	128	6
17	128	3
18	128	6
19	128	4
20	128	6
21	128	4
22	128	4
23	128	2
0	129	0
1	129	9
2	129	0
3	129	0
4	129	0
5	129	0
6	129	3
7	129	6
8	129	0
9	129	0
10	129	3
11	129	31
12	129	6
13	129	12
14	129	0
15	129	9
16	129	15
17	129	6
18	129	6
19	129	3
20	129	28
21	129	3
22	129	3
23	129	0
0	130	0
1	130	0
2	130	0
3	130	6
4	130	0
5	130	0
6	130	0
7	130	0
8	130	12
9	130	0
10	130	6
11	130	0
12	130	6
13	130	6
14	130	6
15	130	0
16	130	12
17	130	18
18	130	12
19	130	0
20	130	6
21	130	0
22	130	6
23	130	0
0	131	0
1	131	15
2	131	0
3	131	15
4	131	15
5	131	0
6	131	0
7	131	0
8	131	0
9	131	0
10	131	15
11	131	54
12	131	105
13	131	0
14	131	0
15	131	96
16	131	0
17	131	41
18	131	0
19	131	0
20	131	0
21	131	0
22	131	0
23	131	0
0	132	5
1	132	2
2	132	1
3	132	1
4	132	0
5	132	0
6	132	1
7	132	2
8	132	7
9	132	4
10	132	5
11	132	7
12	132	4
13	132	6
14	132	6
15	132	4
16	132	4
17	132	4
18	132	7
19	132	5
20	132	9
21	132	7
22	132	3
23	132	3
0	133	0
1	133	1
2	133	1
3	133	0
4	133	1
5	133	0
6	133	0
7	133	0
8	133	0
9	133	3
10	133	1
11	133	1
12	133	3
13	133	1
14	133	5
15	133	4
16	133	3
17	133	2
18	133	3
19	133	2
20	133	4
21	133	4
22	133	6
23	133	3
0	134	0
1	134	0
2	134	0
3	134	0
4	134	0
5	134	0
6	134	0
7	134	0
8	134	0
9	134	0
10	134	0
11	134	0
12	134	0
13	134	0
14	134	0
15	134	0
16	134	0
17	134	17
18	134	0
19	134	5
20	134	0
21	134	0
22	134	5
23	134	0
0	135	0
1	135	0
2	135	0
3	135	0
4	135	0
5	135	0
6	135	0
7	135	0
8	135	0
9	135	0
10	135	0
11	135	0
12	135	0
13	135	0
14	135	0
15	135	0
16	135	0
17	135	0
18	135	0
19	135	0
20	135	0
21	135	0
22	135	13
23	135	0
0	136	0
1	136	0
2	136	0
3	136	0
4	136	0
5	136	0
6	136	0
7	136	0
8	136	0
9	136	0
10	136	7
11	136	0
12	136	0
13	136	0
14	136	0
15	136	0
16	136	0
17	136	0
18	136	0
19	136	0
20	136	0
21	136	0
22	136	4
23	136	0
0	137	0
1	137	0
2	137	0
3	137	0
4	137	0
5	137	0
6	137	0
7	137	0
8	137	0
9	137	0
10	137	7
11	137	0
12	137	4
13	137	0
14	137	0
15	137	0
16	137	4
17	137	14
18	137	7
19	137	7
20	137	7
21	137	0
22	137	14
23	137	17
0	138	0
1	138	0
2	138	0
3	138	0
4	138	0
5	138	0
6	138	0
7	138	3
8	138	4
9	138	2
10	138	9
11	138	4
12	138	6
13	138	2
14	138	0
15	138	2
16	138	4
17	138	2
18	138	2
19	138	7
20	138	4
21	138	4
22	138	0
23	138	3
0	139	0
1	139	0
2	139	0
3	139	0
4	139	0
5	139	0
6	139	0
7	139	0
8	139	0
9	139	0
10	139	0
11	139	0
12	139	0
13	139	0
14	139	0
15	139	0
16	139	0
17	139	10
18	139	0
19	139	0
20	139	0
21	139	0
22	139	0
23	139	0
0	140	1
1	140	1
2	140	1
3	140	1
4	140	0
5	140	1
6	140	1
7	140	1
8	140	1
9	140	2
10	140	1
11	140	1
12	140	2
13	140	2
14	140	3
15	140	2
16	140	3
17	140	4
18	140	3
19	140	4
20	140	4
21	140	5
22	140	3
23	140	1
0	141	2
1	141	2
2	141	1
3	141	1
4	141	1
5	141	1
6	141	1
7	141	2
8	141	3
9	141	4
10	141	4
11	141	4
12	141	4
13	141	4
14	141	4
15	141	5
16	141	5
17	141	5
18	141	5
19	141	5
20	141	6
21	141	6
22	141	5
23	141	4
0	142	0
1	142	0
2	142	0
3	142	0
4	142	0
5	142	0
6	142	0
7	142	0
8	142	0
9	142	0
10	142	9
11	142	0
12	142	0
13	142	6
14	142	0
15	142	0
16	142	0
17	142	0
18	142	0
19	142	0
20	142	0
21	142	0
22	142	0
23	142	0
0	143	0
1	143	0
2	143	0
3	143	0
4	143	0
5	143	0
6	143	0
7	143	0
8	143	6
9	143	0
10	143	0
11	143	0
12	143	0
13	143	0
14	143	0
15	143	0
16	143	0
17	143	0
18	143	0
19	143	0
20	143	0
21	143	0
22	143	0
23	143	0
0	144	2
1	144	0
2	144	0
3	144	0
4	144	0
5	144	1
6	144	0
7	144	2
8	144	1
9	144	2
10	144	6
11	144	4
12	144	4
13	144	3
14	144	2
15	144	2
16	144	4
17	144	4
18	144	6
19	144	2
20	144	4
21	144	7
22	144	5
23	144	7
0	145	1
1	145	0
2	145	1
3	145	0
4	145	0
5	145	0
6	145	3
7	145	0
8	145	6
9	145	2
10	145	4
11	145	4
12	145	2
13	145	4
14	145	5
15	145	5
16	145	5
17	145	7
18	145	4
19	145	7
20	145	7
21	145	3
22	145	5
23	145	3
0	146	0
1	146	0
2	146	0
3	146	0
4	146	0
5	146	0
6	146	0
7	146	0
8	146	0
9	146	0
10	146	0
11	146	0
12	146	0
13	146	0
14	146	0
15	146	0
16	146	0
17	146	0
18	146	0
19	146	0
20	146	0
21	146	0
22	146	0
23	146	0
0	147	1
1	147	2
2	147	0
3	147	0
4	147	1
5	147	0
6	147	0
7	147	1
8	147	3
9	147	4
10	147	1
11	147	2
12	147	5
13	147	3
14	147	3
15	147	4
16	147	3
17	147	4
18	147	3
19	147	4
20	147	5
21	147	3
22	147	3
23	147	2
0	148	0
1	148	0
2	148	0
3	148	0
4	148	0
5	148	0
6	148	0
7	148	0
8	148	0
9	148	9
10	148	0
11	148	0
12	148	0
13	148	0
14	148	0
15	148	0
16	148	0
17	148	0
18	148	0
19	148	0
20	148	0
21	148	0
22	148	0
23	148	0
0	149	0
1	149	0
2	149	0
3	149	0
4	149	0
5	149	0
6	149	0
7	149	0
8	149	0
9	149	9
10	149	3
11	149	3
12	149	7
13	149	7
14	149	7
15	149	3
16	149	7
17	149	0
18	149	3
19	149	0
20	149	3
21	149	3
22	149	3
23	149	5
0	150	0
1	150	0
2	150	0
3	150	0
4	150	0
5	150	0
6	150	0
7	150	0
8	150	0
9	150	0
10	150	0
11	150	0
12	150	0
13	150	0
14	150	0
15	150	0
16	150	0
17	150	0
18	150	0
19	150	0
20	150	0
21	150	0
22	150	0
23	150	0
0	151	3
1	151	2
2	151	1
3	151	1
4	151	2
5	151	1
6	151	3
7	151	3
8	151	4
9	151	3
10	151	4
11	151	4
12	151	7
13	151	7
14	151	5
15	151	4
16	151	5
17	151	8
18	151	5
19	151	7
20	151	6
21	151	6
22	151	5
23	151	5
0	152	0
1	152	0
2	152	0
3	152	0
4	152	0
5	152	0
6	152	0
7	152	0
8	152	0
9	152	0
10	152	0
11	152	0
12	152	0
13	152	7
14	152	7
15	152	0
16	152	0
17	152	0
18	152	19
19	152	0
20	152	0
21	152	0
22	152	0
23	152	0
0	153	1
1	153	1
2	153	0
3	153	1
4	153	1
5	153	1
6	153	1
7	153	1
8	153	2
9	153	3
10	153	2
11	153	2
12	153	3
13	153	1
14	153	2
15	153	2
16	153	2
17	153	2
18	153	3
19	153	3
20	153	4
21	153	4
22	153	2
23	153	2
0	154	0
1	154	0
2	154	0
3	154	0
4	154	0
5	154	0
6	154	0
7	154	0
8	154	0
9	154	0
10	154	0
11	154	0
12	154	0
13	154	0
14	154	0
15	154	0
16	154	0
17	154	0
18	154	0
19	154	0
20	154	0
21	154	0
22	154	0
23	154	0
0	155	4
1	155	6
2	155	1
3	155	0
4	155	0
5	155	0
6	155	1
7	155	3
8	155	6
9	155	1
10	155	2
11	155	2
12	155	2
13	155	2
14	155	2
15	155	1
16	155	2
17	155	4
18	155	4
19	155	2
20	155	4
21	155	9
22	155	2
23	155	1
0	156	2
1	156	0
2	156	1
3	156	2
4	156	0
5	156	0
6	156	1
7	156	1
8	156	0
9	156	1
10	156	1
11	156	1
12	156	1
13	156	0
14	156	2
15	156	1
16	156	3
17	156	1
18	156	1
19	156	5
20	156	5
21	156	5
22	156	1
23	156	1
0	157	0
1	157	0
2	157	0
3	157	0
4	157	0
5	157	0
6	157	8
7	157	0
8	157	0
9	157	0
10	157	0
11	157	0
12	157	0
13	157	8
14	157	0
15	157	0
16	157	0
17	157	8
18	157	8
19	157	0
20	157	0
21	157	0
22	157	0
23	157	0
0	158	0
1	158	0
2	158	0
3	158	0
4	158	0
5	158	0
6	158	4
7	158	2
8	158	2
9	158	3
10	158	0
11	158	0
12	158	2
13	158	0
14	158	3
15	158	0
16	158	3
17	158	0
18	158	2
19	158	0
20	158	3
21	158	0
22	158	0
23	158	2
0	159	6
1	159	2
2	159	0
3	159	0
4	159	0
5	159	0
6	159	0
7	159	0
8	159	0
9	159	0
10	159	0
11	159	2
12	159	0
13	159	0
14	159	2
15	159	13
16	159	0
17	159	0
18	159	0
19	159	0
20	159	10
21	159	6
22	159	0
23	159	0
0	160	0
1	160	0
2	160	3
3	160	0
4	160	0
5	160	0
6	160	0
7	160	0
8	160	0
9	160	6
10	160	6
11	160	0
12	160	0
13	160	0
14	160	0
15	160	0
16	160	0
17	160	3
18	160	3
19	160	3
20	160	0
21	160	6
22	160	3
23	160	6
0	161	0
1	161	0
2	161	0
3	161	0
4	161	0
5	161	0
6	161	0
7	161	0
8	161	0
9	161	0
10	161	0
11	161	0
12	161	0
13	161	0
14	161	0
15	161	0
16	161	0
17	161	0
18	161	0
19	161	0
20	161	0
21	161	0
22	161	0
23	161	0
0	162	0
1	162	4
2	162	0
3	162	0
4	162	0
5	162	0
6	162	0
7	162	0
8	162	4
9	162	0
10	162	0
11	162	0
12	162	0
13	162	0
14	162	4
15	162	0
16	162	0
17	162	0
18	162	8
19	162	4
20	162	0
21	162	4
22	162	0
23	162	0
0	163	0
1	163	1
2	163	0
3	163	0
4	163	0
5	163	0
6	163	0
7	163	4
8	163	4
9	163	4
10	163	0
11	163	3
12	163	2
13	163	0
14	163	6
15	163	3
16	163	1
17	163	1
18	163	0
19	163	5
20	163	3
21	163	8
22	163	2
23	163	2
0	164	0
1	164	0
2	164	0
3	164	0
4	164	0
5	164	0
6	164	0
7	164	0
8	164	4
9	164	0
10	164	0
11	164	0
12	164	0
13	164	7
14	164	11
15	164	0
16	164	0
17	164	7
18	164	0
19	164	0
20	164	0
21	164	4
22	164	4
23	164	0
0	165	0
1	165	0
2	165	0
3	165	0
4	165	0
5	165	0
6	165	0
7	165	0
8	165	0
9	165	0
10	165	0
11	165	0
12	165	0
13	165	0
14	165	0
15	165	0
16	165	0
17	165	0
18	165	0
19	165	0
20	165	0
21	165	0
22	165	0
23	165	0
0	166	0
1	166	0
2	166	0
3	166	0
4	166	0
5	166	0
6	166	1
7	166	0
8	166	2
9	166	3
10	166	2
11	166	5
12	166	4
13	166	0
14	166	1
15	166	4
16	166	0
17	166	2
18	166	3
19	166	1
20	166	2
21	166	2
22	166	2
23	166	1
0	167	0
1	167	0
2	167	0
3	167	0
4	167	0
5	167	0
6	167	0
7	167	0
8	167	0
9	167	0
10	167	0
11	167	0
12	167	0
13	167	78
14	167	0
15	167	0
16	167	0
17	167	0
18	167	64
19	167	35
20	167	18
21	167	0
22	167	18
23	167	0
0	168	0
1	168	0
2	168	0
3	168	0
4	168	0
5	168	0
6	168	0
7	168	0
8	168	0
9	168	6
10	168	0
11	168	0
12	168	0
13	168	11
14	168	2
15	168	8
16	168	0
17	168	6
18	168	3
19	168	5
20	168	15
21	168	6
22	168	0
23	168	4
0	169	0
1	169	0
2	169	0
3	169	0
4	169	0
5	169	0
6	169	0
7	169	1
8	169	0
9	169	1
10	169	3
11	169	2
12	169	2
13	169	2
14	169	2
15	169	3
16	169	2
17	169	1
18	169	2
19	169	3
20	169	3
21	169	2
22	169	2
23	169	0
0	170	16
1	170	0
2	170	0
3	170	0
4	170	0
5	170	0
6	170	0
7	170	0
8	170	31
9	170	0
10	170	0
11	170	0
12	170	0
13	170	0
14	170	0
15	170	0
16	170	0
17	170	0
18	170	0
19	170	0
20	170	0
21	170	0
22	170	0
23	170	0
0	171	0
1	171	0
2	171	0
3	171	0
4	171	0
5	171	0
6	171	0
7	171	0
8	171	0
9	171	0
10	171	0
11	171	38
12	171	0
13	171	0
14	171	0
15	171	0
16	171	0
17	171	0
18	171	0
19	171	0
20	171	0
21	171	0
22	171	0
23	171	0
0	172	1
1	172	0
2	172	0
3	172	1
4	172	0
5	172	0
6	172	0
7	172	2
8	172	4
9	172	3
10	172	3
11	172	5
12	172	2
13	172	3
14	172	4
15	172	3
16	172	3
17	172	5
18	172	2
19	172	3
20	172	6
21	172	4
22	172	4
23	172	2
0	173	2
1	173	1
2	173	1
3	173	0
4	173	2
5	173	0
6	173	0
7	173	4
8	173	6
9	173	2
10	173	0
11	173	0
12	173	3
13	173	3
14	173	2
15	173	8
16	173	15
17	173	7
18	173	4
19	173	7
20	173	1
21	173	7
22	173	5
23	173	1
0	174	0
1	174	0
2	174	0
3	174	0
4	174	0
5	174	0
6	174	0
7	174	0
8	174	0
9	174	0
10	174	0
11	174	0
12	174	4
13	174	0
14	174	0
15	174	0
16	174	0
17	174	0
18	174	8
19	174	0
20	174	8
21	174	0
22	174	0
23	174	0
0	175	3
1	175	0
2	175	0
3	175	0
4	175	0
5	175	1
6	175	3
7	175	2
8	175	4
9	175	4
10	175	4
11	175	6
12	175	2
13	175	3
14	175	3
15	175	3
16	175	7
17	175	4
18	175	2
19	175	3
20	175	5
21	175	3
22	175	3
23	175	2
0	176	1
1	176	2
2	176	1
3	176	0
4	176	1
5	176	1
6	176	2
7	176	2
8	176	2
9	176	2
10	176	2
11	176	1
12	176	2
13	176	1
14	176	2
15	176	3
16	176	2
17	176	2
18	176	3
19	176	4
20	176	3
21	176	4
22	176	4
23	176	2
0	177	0
1	177	0
2	177	0
3	177	0
4	177	0
5	177	0
6	177	0
7	177	0
8	177	0
9	177	0
10	177	0
11	177	0
12	177	0
13	177	0
14	177	0
15	177	0
16	177	0
17	177	0
18	177	8
19	177	0
20	177	8
21	177	0
22	177	0
23	177	0
0	178	0
1	178	0
2	178	0
3	178	0
4	178	0
5	178	0
6	178	0
7	178	0
8	178	0
9	178	0
10	178	0
11	178	0
12	178	0
13	178	0
14	178	0
15	178	0
16	178	0
17	178	0
18	178	0
19	178	0
20	178	0
21	178	0
22	178	0
23	178	0
0	179	0
1	179	0
2	179	0
3	179	0
4	179	0
5	179	0
6	179	0
7	179	0
8	179	0
9	179	0
10	179	0
11	179	0
12	179	0
13	179	0
14	179	0
15	179	0
16	179	0
17	179	0
18	179	0
19	179	0
20	179	0
21	179	0
22	179	0
23	179	0
0	180	0
1	180	0
2	180	0
3	180	0
4	180	0
5	180	0
6	180	0
7	180	0
8	180	0
9	180	0
10	180	0
11	180	0
12	180	0
13	180	0
14	180	0
15	180	3
16	180	0
17	180	0
18	180	8
19	180	3
20	180	0
21	180	0
22	180	8
23	180	0
0	181	1
1	181	2
2	181	0
3	181	0
4	181	0
5	181	0
6	181	1
7	181	3
8	181	0
9	181	5
10	181	6
11	181	4
12	181	5
13	181	5
14	181	0
15	181	3
16	181	6
17	181	2
18	181	5
19	181	6
20	181	7
21	181	6
22	181	9
23	181	3
0	182	0
1	182	0
2	182	0
3	182	0
4	182	0
5	182	1
6	182	3
7	182	1
8	182	1
9	182	3
10	182	1
11	182	4
12	182	4
13	182	2
14	182	2
15	182	3
16	182	4
17	182	1
18	182	3
19	182	6
20	182	3
21	182	3
22	182	8
23	182	2
0	183	0
1	183	0
2	183	0
3	183	0
4	183	0
5	183	0
6	183	0
7	183	7
8	183	0
9	183	7
10	183	4
11	183	7
12	183	0
13	183	7
14	183	4
15	183	7
16	183	2
17	183	10
18	183	10
19	183	12
20	183	10
21	183	13
22	183	10
23	183	4
0	184	2
1	184	1
2	184	1
3	184	0
4	184	0
5	184	0
6	184	2
7	184	7
8	184	3
9	184	5
10	184	5
11	184	3
12	184	5
13	184	3
14	184	3
15	184	7
16	184	7
17	184	6
18	184	5
19	184	6
20	184	9
21	184	6
22	184	3
23	184	4
0	185	5
1	185	1
2	185	1
3	185	1
4	185	1
5	185	2
6	185	1
7	185	1
8	185	2
9	185	5
10	185	3
11	185	3
12	185	5
13	185	3
14	185	4
15	185	5
16	185	6
17	185	4
18	185	4
19	185	4
20	185	6
21	185	5
22	185	4
23	185	3
0	186	0
1	186	0
2	186	0
3	186	0
4	186	0
5	186	0
6	186	0
7	186	0
8	186	0
9	186	0
10	186	0
11	186	0
12	186	0
13	186	0
14	186	0
15	186	0
16	186	0
17	186	0
18	186	0
19	186	0
20	186	0
21	186	0
22	186	0
23	186	0
0	187	1
1	187	1
2	187	0
3	187	0
4	187	0
5	187	0
6	187	0
7	187	3
8	187	2
9	187	3
10	187	6
11	187	8
12	187	8
13	187	4
14	187	6
15	187	6
16	187	5
17	187	9
18	187	6
19	187	5
20	187	3
21	187	3
22	187	5
23	187	2
0	188	0
1	188	0
2	188	0
3	188	0
4	188	0
5	188	0
6	188	0
7	188	0
8	188	0
9	188	0
10	188	0
11	188	10
12	188	3
13	188	5
14	188	3
15	188	8
16	188	8
17	188	0
18	188	3
19	188	8
20	188	5
21	188	0
22	188	3
23	188	3
0	189	0
1	189	0
2	189	0
3	189	0
4	189	0
5	189	0
6	189	3
7	189	0
8	189	3
9	189	0
10	189	5
11	189	3
12	189	8
13	189	0
14	189	0
15	189	3
16	189	3
17	189	0
18	189	0
19	189	10
20	189	5
21	189	10
22	189	3
23	189	10
0	190	0
1	190	0
2	190	0
3	190	0
4	190	0
5	190	0
6	190	11
7	190	8
8	190	0
9	190	0
10	190	4
11	190	0
12	190	0
13	190	4
14	190	0
15	190	0
16	190	11
17	190	21
18	190	11
19	190	4
20	190	21
21	190	8
22	190	0
23	190	0
0	191	0
1	191	6
2	191	0
3	191	0
4	191	0
5	191	0
6	191	0
7	191	0
8	191	0
9	191	0
10	191	0
11	191	0
12	191	0
13	191	0
14	191	0
15	191	0
16	191	9
17	191	0
18	191	9
19	191	12
20	191	15
21	191	6
22	191	0
23	191	0
0	192	0
1	192	9
2	192	0
3	192	0
4	192	5
5	192	0
6	192	0
7	192	0
8	192	0
9	192	0
10	192	18
11	192	5
12	192	5
13	192	0
14	192	0
15	192	0
16	192	0
17	192	0
18	192	9
19	192	0
20	192	0
21	192	5
22	192	5
23	192	5
0	193	0
1	193	0
2	193	0
3	193	0
4	193	0
5	193	0
6	193	0
7	193	0
8	193	0
9	193	0
10	193	0
11	193	0
12	193	0
13	193	0
14	193	0
15	193	0
16	193	0
17	193	0
18	193	0
19	193	0
20	193	0
21	193	0
22	193	0
23	193	9
0	194	0
1	194	0
2	194	0
3	194	0
4	194	0
5	194	0
6	194	0
7	194	0
8	194	0
9	194	4
10	194	0
11	194	0
12	194	0
13	194	4
14	194	0
15	194	0
16	194	0
17	194	0
18	194	0
19	194	0
20	194	0
21	194	4
22	194	4
23	194	0
0	195	0
1	195	0
2	195	0
3	195	0
4	195	0
5	195	0
6	195	4
7	195	2
8	195	0
9	195	2
10	195	2
11	195	2
12	195	0
13	195	2
14	195	0
15	195	0
16	195	2
17	195	0
18	195	2
19	195	0
20	195	0
21	195	5
22	195	0
23	195	3
0	196	0
1	196	0
2	196	0
3	196	0
4	196	0
5	196	0
6	196	0
7	196	0
8	196	5
9	196	2
10	196	0
11	196	0
12	196	0
13	196	2
14	196	0
15	196	0
16	196	2
17	196	0
18	196	3
19	196	2
20	196	2
21	196	2
22	196	9
23	196	2
0	197	0
1	197	14
2	197	0
3	197	0
4	197	0
5	197	5
6	197	0
7	197	9
8	197	0
9	197	0
10	197	0
11	197	0
12	197	0
13	197	0
14	197	0
15	197	0
16	197	0
17	197	0
18	197	0
19	197	0
20	197	18
21	197	0
22	197	0
23	197	0
0	198	1
1	198	2
2	198	1
3	198	0
4	198	1
5	198	1
6	198	1
7	198	1
8	198	5
9	198	5
10	198	3
11	198	4
12	198	4
13	198	3
14	198	5
15	198	3
16	198	5
17	198	6
18	198	6
19	198	2
20	198	5
21	198	3
22	198	4
23	198	2
0	199	2
1	199	0
2	199	2
3	199	0
4	199	0
5	199	0
6	199	2
7	199	0
8	199	0
9	199	6
10	199	4
11	199	2
12	199	7
13	199	13
14	199	13
15	199	4
16	199	4
17	199	6
18	199	14
19	199	14
20	199	6
21	199	6
22	199	6
23	199	2
0	200	2
1	200	0
2	200	0
3	200	0
4	200	0
5	200	0
6	200	2
7	200	0
8	200	0
9	200	4
10	200	0
11	200	0
12	200	0
13	200	2
14	200	0
15	200	4
16	200	5
17	200	4
18	200	2
19	200	0
20	200	0
21	200	4
22	200	2
23	200	2
0	201	2
1	201	0
2	201	0
3	201	0
4	201	0
5	201	0
6	201	9
7	201	6
8	201	8
9	201	42
10	201	57
11	201	38
12	201	31
13	201	33
14	201	24
15	201	21
16	201	6
17	201	2
18	201	2
19	201	2
20	201	9
21	201	2
22	201	0
23	201	5
0	202	0
1	202	0
2	202	0
3	202	0
4	202	0
5	202	0
6	202	0
7	202	0
8	202	8
9	202	0
10	202	0
11	202	0
12	202	8
13	202	0
14	202	0
15	202	0
16	202	0
17	202	8
18	202	0
19	202	0
20	202	15
21	202	8
22	202	8
23	202	0
0	203	0
1	203	0
2	203	0
3	203	0
4	203	0
5	203	0
6	203	0
7	203	0
8	203	0
9	203	4
10	203	0
11	203	8
12	203	0
13	203	0
14	203	8
15	203	4
16	203	0
17	203	15
18	203	0
19	203	26
20	203	0
21	203	4
22	203	0
23	203	4
0	204	0
1	204	0
2	204	2
3	204	0
4	204	6
5	204	4
6	204	0
7	204	2
8	204	4
9	204	10
10	204	4
11	204	5
12	204	4
13	204	2
14	204	4
15	204	4
16	204	3
17	204	2
18	204	6
19	204	6
20	204	4
21	204	6
22	204	2
23	204	7
0	205	0
1	205	0
2	205	0
3	205	0
4	205	0
5	205	0
6	205	0
7	205	5
8	205	10
9	205	10
10	205	0
11	205	0
12	205	0
13	205	0
14	205	0
15	205	0
16	205	0
17	205	5
18	205	5
19	205	5
20	205	0
21	205	0
22	205	0
23	205	5
0	206	0
1	206	0
2	206	0
3	206	0
4	206	1
5	206	0
6	206	0
7	206	2
8	206	2
9	206	3
10	206	1
11	206	0
12	206	2
13	206	0
14	206	2
15	206	2
16	206	0
17	206	1
18	206	3
19	206	4
20	206	3
21	206	6
22	206	1
23	206	0
0	207	11
1	207	0
2	207	5
3	207	3
4	207	0
5	207	1
6	207	0
7	207	5
8	207	7
9	207	2
10	207	6
11	207	1
12	207	0
13	207	10
14	207	10
15	207	10
16	207	4
17	207	11
18	207	17
19	207	4
20	207	4
21	207	7
22	207	7
23	207	5
0	208	0
1	208	0
2	208	0
3	208	1
4	208	0
5	208	0
6	208	0
7	208	2
8	208	4
9	208	2
10	208	3
11	208	2
12	208	1
13	208	5
14	208	3
15	208	5
16	208	3
17	208	4
18	208	4
19	208	8
20	208	5
21	208	7
22	208	4
23	208	3
0	209	0
1	209	0
2	209	0
3	209	0
4	209	0
5	209	0
6	209	0
7	209	0
8	209	0
9	209	0
10	209	31
11	209	25
12	209	0
13	209	0
14	209	7
15	209	0
16	209	0
17	209	0
18	209	0
19	209	13
20	209	7
21	209	0
22	209	0
23	209	0
0	210	7
1	210	0
2	210	0
3	210	0
4	210	0
5	210	0
6	210	0
7	210	2
8	210	0
9	210	1
10	210	0
11	210	0
12	210	0
13	210	4
14	210	2
15	210	5
16	210	17
17	210	6
18	210	16
19	210	3
20	210	6
21	210	8
22	210	4
23	210	3
0	211	8
1	211	0
2	211	0
3	211	0
4	211	0
5	211	0
6	211	4
7	211	0
8	211	4
9	211	8
10	211	0
11	211	0
12	211	8
13	211	4
14	211	4
15	211	0
16	211	21
17	211	11
18	211	24
19	211	11
20	211	4
21	211	11
22	211	8
23	211	0
0	212	0
1	212	0
2	212	0
3	212	0
4	212	0
5	212	0
6	212	0
7	212	5
8	212	0
9	212	0
10	212	0
11	212	0
12	212	10
13	212	0
14	212	0
15	212	0
16	212	0
17	212	29
18	212	0
19	212	5
20	212	5
21	212	0
22	212	0
23	212	0
0	213	0
1	213	3
2	213	0
3	213	0
4	213	0
5	213	0
6	213	0
7	213	2
8	213	3
9	213	5
10	213	5
11	213	0
12	213	5
13	213	5
14	213	7
15	213	10
16	213	4
17	213	1
18	213	4
19	213	3
20	213	6
21	213	3
22	213	4
23	213	0
0	214	1
1	214	1
2	214	1
3	214	1
4	214	1
5	214	1
6	214	2
7	214	1
8	214	3
9	214	2
10	214	5
11	214	3
12	214	4
13	214	3
14	214	3
15	214	4
16	214	4
17	214	6
18	214	6
19	214	6
20	214	6
21	214	4
22	214	4
23	214	4
0	215	16
1	215	0
2	215	0
3	215	0
4	215	0
5	215	0
6	215	0
7	215	8
8	215	0
9	215	0
10	215	0
11	215	0
12	215	16
13	215	0
14	215	0
15	215	8
16	215	8
17	215	0
18	215	8
19	215	0
20	215	0
21	215	0
22	215	0
23	215	0
0	216	0
1	216	3
2	216	0
3	216	0
4	216	0
5	216	0
6	216	0
7	216	0
8	216	2
9	216	0
10	216	2
11	216	0
12	216	0
13	216	2
14	216	2
15	216	2
16	216	4
17	216	3
18	216	2
19	216	8
20	216	4
21	216	2
22	216	2
23	216	2
0	217	0
1	217	0
2	217	0
3	217	0
4	217	0
5	217	0
6	217	1
7	217	0
8	217	1
9	217	1
10	217	1
11	217	3
12	217	2
13	217	2
14	217	2
15	217	0
16	217	14
17	217	7
18	217	2
19	217	1
20	217	0
21	217	2
22	217	0
23	217	9
0	218	15
1	218	0
2	218	0
3	218	0
4	218	0
5	218	4
6	218	0
7	218	0
8	218	0
9	218	4
10	218	4
11	218	0
12	218	23
13	218	4
14	218	0
15	218	8
16	218	0
17	218	4
18	218	4
19	218	0
20	218	0
21	218	0
22	218	0
23	218	0
0	219	0
1	219	0
2	219	0
3	219	0
4	219	0
5	219	0
6	219	0
7	219	0
8	219	40
9	219	0
10	219	40
11	219	0
12	219	0
13	219	0
14	219	0
15	219	0
16	219	0
17	219	0
18	219	0
19	219	0
20	219	0
21	219	0
22	219	0
23	219	0
0	220	0
1	220	0
2	220	0
3	220	0
4	220	4
5	220	0
6	220	4
7	220	0
8	220	0
9	220	0
10	220	0
11	220	0
12	220	0
13	220	0
14	220	7
15	220	4
16	220	0
17	220	0
18	220	0
19	220	0
20	220	4
21	220	4
22	220	0
23	220	7
0	221	0
1	221	0
2	221	0
3	221	0
4	221	0
5	221	0
6	221	0
7	221	0
8	221	0
9	221	7
10	221	13
11	221	0
12	221	0
13	221	0
14	221	0
15	221	0
16	221	0
17	221	7
18	221	0
19	221	0
20	221	0
21	221	0
22	221	0
23	221	0
0	222	3
1	222	0
2	222	1
3	222	0
4	222	0
5	222	1
6	222	1
7	222	2
8	222	1
9	222	5
10	222	3
11	222	5
12	222	5
13	222	9
14	222	5
15	222	4
16	222	2
17	222	5
18	222	7
19	222	3
20	222	5
21	222	6
22	222	4
23	222	6
0	223	1
1	223	1
2	223	0
3	223	1
4	223	0
5	223	1
6	223	1
7	223	2
8	223	2
9	223	2
10	223	2
11	223	1
12	223	1
13	223	3
14	223	2
15	223	2
16	223	2
17	223	3
18	223	1
19	223	2
20	223	4
21	223	3
22	223	2
23	223	2
0	224	0
1	224	0
2	224	2
3	224	0
4	224	1
5	224	0
6	224	0
7	224	0
8	224	3
9	224	4
10	224	6
11	224	3
12	224	3
13	224	11
14	224	1
15	224	5
16	224	8
17	224	7
18	224	2
19	224	6
20	224	9
21	224	5
22	224	4
23	224	6
0	225	0
1	225	0
2	225	0
3	225	0
4	225	2
5	225	0
6	225	0
7	225	0
8	225	2
9	225	0
10	225	0
11	225	9
12	225	0
13	225	0
14	225	0
15	225	0
16	225	0
17	225	2
18	225	0
19	225	2
20	225	4
21	225	2
22	225	0
23	225	2
0	226	0
1	226	0
2	226	0
3	226	0
4	226	0
5	226	4
6	226	0
7	226	4
8	226	0
9	226	0
10	226	0
11	226	0
12	226	0
13	226	0
14	226	0
15	226	4
16	226	4
17	226	0
18	226	0
19	226	0
20	226	18
21	226	11
22	226	4
23	226	15
0	227	0
1	227	0
2	227	0
3	227	0
4	227	0
5	227	0
6	227	0
7	227	0
8	227	0
9	227	0
10	227	0
11	227	4
12	227	0
13	227	4
14	227	0
15	227	0
16	227	4
17	227	0
18	227	0
19	227	4
20	227	0
21	227	0
22	227	0
23	227	0
0	228	2
1	228	0
2	228	0
3	228	0
4	228	0
5	228	0
6	228	0
7	228	2
8	228	2
9	228	6
10	228	2
11	228	0
12	228	0
13	228	0
14	228	2
15	228	8
16	228	5
17	228	3
18	228	5
19	228	5
20	228	2
21	228	0
22	228	0
23	228	3
0	229	0
1	229	0
2	229	0
3	229	0
4	229	0
5	229	0
6	229	3
7	229	3
8	229	0
9	229	0
10	229	6
11	229	0
12	229	0
13	229	6
14	229	3
15	229	0
16	229	3
17	229	6
18	229	0
19	229	0
20	229	0
21	229	6
22	229	6
23	229	0
0	230	1
1	230	2
2	230	2
3	230	1
4	230	1
5	230	2
6	230	0
7	230	1
8	230	3
9	230	6
10	230	4
11	230	4
12	230	5
13	230	6
14	230	5
15	230	6
16	230	9
17	230	7
18	230	14
19	230	13
20	230	6
21	230	4
22	230	3
23	230	3
0	231	3
1	231	3
2	231	1
3	231	1
4	231	1
5	231	1
6	231	1
7	231	2
8	231	2
9	231	4
10	231	3
11	231	2
12	231	4
13	231	4
14	231	4
15	231	4
16	231	3
17	231	6
18	231	5
19	231	6
20	231	6
21	231	7
22	231	5
23	231	5
0	232	0
1	232	0
2	232	0
3	232	0
4	232	0
5	232	0
6	232	0
7	232	0
8	232	0
9	232	0
10	232	0
11	232	0
12	232	0
13	232	0
14	232	7
15	232	7
16	232	0
17	232	0
18	232	0
19	232	0
20	232	0
21	232	7
22	232	2
23	232	2
0	233	0
1	233	0
2	233	0
3	233	0
4	233	0
5	233	0
6	233	0
7	233	0
8	233	0
9	233	0
10	233	0
11	233	0
12	233	0
13	233	0
14	233	0
15	233	0
16	233	0
17	233	0
18	233	0
19	233	0
20	233	0
21	233	0
22	233	0
23	233	0
0	234	0
1	234	0
2	234	0
3	234	0
4	234	0
5	234	0
6	234	0
7	234	0
8	234	0
9	234	0
10	234	6
11	234	6
12	234	0
13	234	0
14	234	6
15	234	0
16	234	0
17	234	12
18	234	0
19	234	0
20	234	0
21	234	18
22	234	0
23	234	0
0	235	0
1	235	3
2	235	3
3	235	0
4	235	0
5	235	0
6	235	0
7	235	0
8	235	6
9	235	3
10	235	4
11	235	5
12	235	7
13	235	4
14	235	2
15	235	4
16	235	3
17	235	3
18	235	18
19	235	9
20	235	4
21	235	11
22	235	0
23	235	0
0	236	0
1	236	1
2	236	0
3	236	0
4	236	0
5	236	1
6	236	0
7	236	3
8	236	1
9	236	3
10	236	2
11	236	0
12	236	2
13	236	5
14	236	2
15	236	1
16	236	1
17	236	5
18	236	2
19	236	2
20	236	6
21	236	3
22	236	1
23	236	1
0	237	0
1	237	0
2	237	0
3	237	0
4	237	0
5	237	0
6	237	0
7	237	0
8	237	0
9	237	0
10	237	0
11	237	0
12	237	0
13	237	0
14	237	0
15	237	0
16	237	0
17	237	0
18	237	0
19	237	0
20	237	0
21	237	0
22	237	0
23	237	0
0	238	1
1	238	0
2	238	0
3	238	0
4	238	0
5	238	1
6	238	1
7	238	3
8	238	1
9	238	0
10	238	5
11	238	0
12	238	1
13	238	0
14	238	0
15	238	1
16	238	1
17	238	0
18	238	1
19	238	2
20	238	1
21	238	4
22	238	3
23	238	0
0	239	55
1	239	0
2	239	0
3	239	0
4	239	0
5	239	0
6	239	0
7	239	0
8	239	0
9	239	30
10	239	0
11	239	0
12	239	30
13	239	55
14	239	0
15	239	0
16	239	30
17	239	0
18	239	0
19	239	30
20	239	55
21	239	30
22	239	146
23	239	30
0	240	0
1	240	0
2	240	0
3	240	0
4	240	0
5	240	0
6	240	0
7	240	0
8	240	0
9	240	3
10	240	0
11	240	0
12	240	0
13	240	0
14	240	0
15	240	0
16	240	0
17	240	3
18	240	3
19	240	0
20	240	3
21	240	3
22	240	0
23	240	0
0	241	0
1	241	1
2	241	1
3	241	0
4	241	1
5	241	0
6	241	1
7	241	3
8	241	2
9	241	3
10	241	3
11	241	2
12	241	2
13	241	3
14	241	2
15	241	2
16	241	3
17	241	3
18	241	2
19	241	2
20	241	3
21	241	3
22	241	3
23	241	1
0	242	1
1	242	0
2	242	1
3	242	0
4	242	1
5	242	1
6	242	2
7	242	2
8	242	3
9	242	3
10	242	3
11	242	2
12	242	4
13	242	2
14	242	2
15	242	3
16	242	1
17	242	2
18	242	2
19	242	3
20	242	5
21	242	4
22	242	3
23	242	2
0	243	0
1	243	0
2	243	0
3	243	5
4	243	0
5	243	2
6	243	0
7	243	0
8	243	0
9	243	2
10	243	0
11	243	0
12	243	0
13	243	2
14	243	2
15	243	0
16	243	0
17	243	3
18	243	0
19	243	2
20	243	3
21	243	0
22	243	2
23	243	0
0	244	0
1	244	0
2	244	0
3	244	0
4	244	0
5	244	0
6	244	0
7	244	0
8	244	0
9	244	0
10	244	0
11	244	5
12	244	0
13	244	0
14	244	0
15	244	0
16	244	0
17	244	10
18	244	10
19	244	0
20	244	0
21	244	0
22	244	0
23	244	0
0	245	0
1	245	3
2	245	3
3	245	0
4	245	0
5	245	0
6	245	0
7	245	0
8	245	0
9	245	3
10	245	3
11	245	3
12	245	0
13	245	0
14	245	8
15	245	0
16	245	0
17	245	3
18	245	0
19	245	0
20	245	0
21	245	6
22	245	8
23	245	0
0	246	2
1	246	0
2	246	0
3	246	0
4	246	0
5	246	0
6	246	3
7	246	2
8	246	3
9	246	2
10	246	2
11	246	2
12	246	0
13	246	2
14	246	0
15	246	3
16	246	5
17	246	5
18	246	4
19	246	2
20	246	6
21	246	4
22	246	10
23	246	1
0	247	1
1	247	1
2	247	0
3	247	3
4	247	2
5	247	1
6	247	3
7	247	4
8	247	2
9	247	3
10	247	1
11	247	2
12	247	1
13	247	0
14	247	3
15	247	2
16	247	2
17	247	2
18	247	0
19	247	2
20	247	3
21	247	6
22	247	3
23	247	2
0	248	0
1	248	1
2	248	1
3	248	0
4	248	0
5	248	0
6	248	1
7	248	1
8	248	1
9	248	1
10	248	2
11	248	1
12	248	3
13	248	2
14	248	2
15	248	5
16	248	2
17	248	2
18	248	4
19	248	2
20	248	2
21	248	1
22	248	3
23	248	2
0	249	1
1	249	1
2	249	1
3	249	0
4	249	0
5	249	0
6	249	0
7	249	1
8	249	3
9	249	2
10	249	5
11	249	3
12	249	4
13	249	3
14	249	4
15	249	2
16	249	3
17	249	3
18	249	2
19	249	3
20	249	3
21	249	4
22	249	5
23	249	3
0	250	2
1	250	1
2	250	1
3	250	1
4	250	1
5	250	1
6	250	2
7	250	2
8	250	2
9	250	2
10	250	3
11	250	2
12	250	3
13	250	2
14	250	3
15	250	4
16	250	5
17	250	6
18	250	5
19	250	5
20	250	6
21	250	5
22	250	5
23	250	3
0	251	0
1	251	0
2	251	0
3	251	0
4	251	0
5	251	0
6	251	0
7	251	0
8	251	0
9	251	0
10	251	0
11	251	0
12	251	0
13	251	0
14	251	0
15	251	0
16	251	0
17	251	38
18	251	0
19	251	0
20	251	0
21	251	0
22	251	0
23	251	0
0	252	0
1	252	0
2	252	0
3	252	0
4	252	0
5	252	0
6	252	0
7	252	0
8	252	0
9	252	0
10	252	0
11	252	0
12	252	0
13	252	0
14	252	0
15	252	0
16	252	0
17	252	0
18	252	0
19	252	0
20	252	0
21	252	0
22	252	0
23	252	0
0	253	0
1	253	0
2	253	0
3	253	0
4	253	0
5	253	0
6	253	0
7	253	5
8	253	5
9	253	5
10	253	5
11	253	0
12	253	0
13	253	0
14	253	0
15	253	5
16	253	0
17	253	0
18	253	0
19	253	5
20	253	17
21	253	0
22	253	0
23	253	0
0	254	0
1	254	0
2	254	2
3	254	0
4	254	0
5	254	0
6	254	2
7	254	0
8	254	0
9	254	2
10	254	0
11	254	0
12	254	0
13	254	2
14	254	0
15	254	0
16	254	6
17	254	0
18	254	0
19	254	0
20	254	4
21	254	2
22	254	0
23	254	0
0	255	2
1	255	1
2	255	1
3	255	1
4	255	1
5	255	1
6	255	1
7	255	1
8	255	3
9	255	2
10	255	3
11	255	3
12	255	5
13	255	3
14	255	5
15	255	3
16	255	3
17	255	4
18	255	4
19	255	5
20	255	5
21	255	4
22	255	2
23	255	3
0	256	0
1	256	0
2	256	0
3	256	0
4	256	0
5	256	0
6	256	0
7	256	2
8	256	0
9	256	0
10	256	0
11	256	0
12	256	0
13	256	2
14	256	0
15	256	5
16	256	5
17	256	4
18	256	8
19	256	7
20	256	11
21	256	7
22	256	10
23	256	4
0	257	0
1	257	0
2	257	0
3	257	0
4	257	0
5	257	0
6	257	8
7	257	0
8	257	4
9	257	4
10	257	4
11	257	0
12	257	12
13	257	8
14	257	4
15	257	0
16	257	12
17	257	8
18	257	0
19	257	0
20	257	0
21	257	0
22	257	4
23	257	0
0	258	0
1	258	0
2	258	1
3	258	0
4	258	1
5	258	1
6	258	0
7	258	1
8	258	2
9	258	1
10	258	2
11	258	1
12	258	0
13	258	3
14	258	3
15	258	2
16	258	2
17	258	2
18	258	4
19	258	5
20	258	5
21	258	8
22	258	0
23	258	3
0	259	3
1	259	0
2	259	3
3	259	0
4	259	0
5	259	3
6	259	0
7	259	0
8	259	0
9	259	0
10	259	5
11	259	0
12	259	0
13	259	5
14	259	0
15	259	5
16	259	5
17	259	7
18	259	0
19	259	5
20	259	3
21	259	7
22	259	0
23	259	0
0	260	0
1	260	0
2	260	0
3	260	0
4	260	0
5	260	0
6	260	0
7	260	0
8	260	0
9	260	0
10	260	14
11	260	0
12	260	0
13	260	0
14	260	0
15	260	0
16	260	0
17	260	14
18	260	14
19	260	14
20	260	0
21	260	0
22	260	0
23	260	0
0	261	0
1	261	0
2	261	0
3	261	0
4	261	0
5	261	0
6	261	0
7	261	0
8	261	0
9	261	0
10	261	0
11	261	0
12	261	0
13	261	0
14	261	16
15	261	0
16	261	0
17	261	0
18	261	0
19	261	30
20	261	39
21	261	6
22	261	0
23	261	0
0	262	2
1	262	1
2	262	1
3	262	1
4	262	1
5	262	1
6	262	2
7	262	3
8	262	3
9	262	4
10	262	4
11	262	4
12	262	4
13	262	4
14	262	4
15	262	4
16	262	5
17	262	5
18	262	5
19	262	5
20	262	5
21	262	5
22	262	4
23	262	3
0	263	2
1	263	4
2	263	6
3	263	1
4	263	2
5	263	1
6	263	2
7	263	3
8	263	2
9	263	2
10	263	1
11	263	4
12	263	3
13	263	6
14	263	8
15	263	4
16	263	5
17	263	5
18	263	10
19	263	6
20	263	7
21	263	7
22	263	6
23	263	5
0	264	0
1	264	0
2	264	4
3	264	0
4	264	0
5	264	0
6	264	0
7	264	0
8	264	0
9	264	0
10	264	4
11	264	0
12	264	0
13	264	0
14	264	0
15	264	0
16	264	8
17	264	0
18	264	4
19	264	0
20	264	24
21	264	18
22	264	18
23	264	4
0	265	0
1	265	2
2	265	2
3	265	0
4	265	0
5	265	0
6	265	0
7	265	1
8	265	0
9	265	0
10	265	0
11	265	0
12	265	0
13	265	8
14	265	4
15	265	5
16	265	4
17	265	4
18	265	4
19	265	5
20	265	2
21	265	5
22	265	3
23	265	3
0	266	1
1	266	2
2	266	1
3	266	0
4	266	0
5	266	1
6	266	1
7	266	2
8	266	2
9	266	3
10	266	3
11	266	1
12	266	3
13	266	1
14	266	3
15	266	2
16	266	4
17	266	1
18	266	4
19	266	5
20	266	5
21	266	5
22	266	3
23	266	4
0	267	0
1	267	12
2	267	0
3	267	0
4	267	0
5	267	0
6	267	0
7	267	0
8	267	0
9	267	0
10	267	0
11	267	12
12	267	37
13	267	6
14	267	0
15	267	0
16	267	0
17	267	22
18	267	0
19	267	0
20	267	0
21	267	0
22	267	0
23	267	0
0	268	3
1	268	0
2	268	0
3	268	0
4	268	0
5	268	0
6	268	0
7	268	2
8	268	6
9	268	11
10	268	3
11	268	0
12	268	5
13	268	3
14	268	8
15	268	10
16	268	0
17	268	0
18	268	3
19	268	12
20	268	5
21	268	2
22	268	2
23	268	4
0	269	2
1	269	1
2	269	1
3	269	1
4	269	1
5	269	1
6	269	2
7	269	2
8	269	2
9	269	3
10	269	3
11	269	3
12	269	3
13	269	3
14	269	3
15	269	4
16	269	4
17	269	5
18	269	5
19	269	5
20	269	6
21	269	5
22	269	4
23	269	3
0	270	0
1	270	0
2	270	0
3	270	0
4	270	0
5	270	0
6	270	0
7	270	0
8	270	0
9	270	0
10	270	0
11	270	0
12	270	0
13	270	3
14	270	3
15	270	0
16	270	0
17	270	0
18	270	3
19	270	3
20	270	6
21	270	0
22	270	12
23	270	3
0	271	0
1	271	0
2	271	0
3	271	0
4	271	0
5	271	0
6	271	0
7	271	0
8	271	11
9	271	6
10	271	32
11	271	0
12	271	0
13	271	0
14	271	0
15	271	0
16	271	6
17	271	22
18	271	22
19	271	11
20	271	0
21	271	6
22	271	6
23	271	0
0	272	3
1	272	1
2	272	2
3	272	0
4	272	0
5	272	0
6	272	1
7	272	2
8	272	5
9	272	2
10	272	4
11	272	4
12	272	3
13	272	4
14	272	8
15	272	3
16	272	3
17	272	2
18	272	5
19	272	8
20	272	3
21	272	5
22	272	1
23	272	2
0	273	0
1	273	0
2	273	0
3	273	0
4	273	0
5	273	0
6	273	0
7	273	51
8	273	0
9	273	0
10	273	46
11	273	0
12	273	0
13	273	0
14	273	0
15	273	0
16	273	0
17	273	0
18	273	0
19	273	0
20	273	0
21	273	13
22	273	7
23	273	0
0	274	0
1	274	0
2	274	1
3	274	2
4	274	1
5	274	0
6	274	1
7	274	4
8	274	3
9	274	4
10	274	8
11	274	1
12	274	0
13	274	0
14	274	1
15	274	2
16	274	2
17	274	4
18	274	7
19	274	5
20	274	4
21	274	4
22	274	4
23	274	3
0	275	0
1	275	0
2	275	0
3	275	0
4	275	0
5	275	0
6	275	0
7	275	0
8	275	0
9	275	0
10	275	0
11	275	0
12	275	0
13	275	0
14	275	0
15	275	0
16	275	0
17	275	0
18	275	0
19	275	0
20	275	0
21	275	0
22	275	0
23	275	0
0	276	0
1	276	0
2	276	0
3	276	0
4	276	0
5	276	0
6	276	0
7	276	0
8	276	8
9	276	0
10	276	29
11	276	0
12	276	0
13	276	0
14	276	0
15	276	0
16	276	0
17	276	0
18	276	0
19	276	0
20	276	0
21	276	0
22	276	0
23	276	0
