Counts for Apple(2) in Ireland(21):
Hour	Location Index	Count
0	0	9
1	0	8
2	0	5
3	0	3
4	0	4
5	0	4
6	0	7
7	0	15
8	0	24
9	0	26
10	0	21
11	0	29
12	0	24
13	0	23
14	0	29
15	0	35
16	0	38
17	0	37
18	0	41
19	0	48
20	0	58
21	0	55
22	0	41
23	0	30
0	1	5
1	1	0
2	1	5
3	1	0
4	1	0
5	1	5
6	1	5
7	1	9
8	1	22
9	1	26
10	1	5
11	1	38
12	1	9
13	1	5
14	1	9
15	1	18
16	1	5
17	1	26
18	1	26
19	1	26
20	1	77
21	1	57
22	1	18
23	1	26
0	2	11
1	2	3
2	2	7
3	2	5
4	2	5
5	2	0
6	2	9
7	2	18
8	2	18
9	2	32
10	2	22
11	2	18
12	2	45
13	2	39
14	2	30
15	2	26
16	2	47
17	2	54
18	2	45
19	2	47
20	2	52
21	2	48
22	2	39
23	2	47
0	3	22
1	3	3
2	3	1
3	3	7
4	3	5
5	3	4
6	3	7
7	3	11
8	3	23
9	3	19
10	3	30
11	3	34
12	3	37
13	3	24
14	3	30
15	3	33
16	3	48
17	3	42
18	3	30
19	3	39
20	3	51
21	3	52
22	3	36
23	3	25
0	4	16
1	4	7
2	4	3
3	4	2
4	4	2
5	4	6
6	4	11
7	4	32
8	4	35
9	4	30
10	4	22
11	4	22
12	4	22
13	4	34
14	4	28
15	4	36
16	4	35
17	4	46
18	4	37
19	4	54
20	4	58
21	4	53
22	4	39
23	4	28
0	5	14
1	5	11
2	5	0
3	5	0
4	5	2
5	5	2
6	5	17
7	5	34
8	5	17
9	5	37
10	5	30
11	5	23
12	5	41
13	5	26
14	5	41
15	5	30
16	5	58
17	5	38
18	5	43
19	5	43
20	5	45
21	5	48
22	5	28
23	5	14
0	6	15
1	6	6
2	6	5
3	6	4
4	6	7
5	6	11
6	6	15
7	6	31
8	6	30
9	6	31
10	6	24
11	6	18
12	6	30
13	6	36
14	6	28
15	6	33
16	6	29
17	6	34
18	6	48
19	6	54
20	6	54
21	6	53
22	6	42
23	6	21
0	7	17
1	7	5
2	7	0
3	7	3
4	7	5
5	7	0
6	7	8
7	7	3
8	7	31
9	7	24
10	7	42
11	7	62
12	7	73
13	7	78
14	7	22
15	7	35
16	7	31
17	7	54
18	7	60
19	7	48
20	7	52
21	7	46
22	7	54
23	7	31
0	8	13
1	8	10
2	8	8
3	8	0
4	8	7
5	8	2
6	8	17
7	8	13
8	8	19
9	8	27
10	8	33
11	8	37
12	8	22
13	8	17
14	8	20
15	8	29
16	8	34
17	8	45
18	8	34
19	8	40
20	8	39
21	8	41
22	8	45
23	8	30
0	9	14
1	9	8
2	9	4
3	9	7
4	9	5
5	9	7
6	9	18
7	9	10
8	9	23
9	9	36
10	9	25
11	9	17
12	9	31
13	9	18
14	9	27
15	9	35
16	9	38
17	9	43
18	9	53
19	9	46
20	9	58
21	9	59
22	9	44
23	9	22
0	10	0
1	10	0
2	10	0
3	10	0
4	10	0
5	10	0
6	10	0
7	10	95
8	10	0
9	10	95
10	10	0
11	10	0
12	10	95
13	10	0
14	10	53
15	10	53
16	10	0
17	10	53
18	10	0
19	10	128
20	10	154
21	10	95
22	10	0
23	10	0
0	11	0
1	11	0
2	11	0
3	11	0
4	11	0
5	11	0
6	11	0
7	11	0
8	11	47
9	11	47
10	11	47
11	11	116
12	11	85
13	11	0
14	11	85
15	11	0
16	11	47
17	11	0
18	11	0
19	11	0
20	11	0
21	11	0
22	11	0
23	11	0
0	12	7
1	12	11
2	12	0
3	12	5
4	12	3
5	12	5
6	12	7
7	12	15
8	12	29
9	12	23
10	12	27
11	12	27
12	12	19
13	12	23
14	12	25
15	12	31
16	12	41
17	12	35
18	12	50
19	12	53
20	12	39
21	12	74
22	12	42
23	12	19
0	13	18
1	13	7
2	13	18
3	13	0
4	13	0
5	13	7
6	13	30
7	13	30
8	13	55
9	13	55
10	13	30
11	13	24
12	13	0
13	13	24
14	13	45
15	13	30
16	13	35
17	13	30
18	13	69
19	13	55
20	13	95
21	13	69
22	13	55
23	13	24
0	14	21
1	14	5
2	14	0
3	14	13
4	14	13
5	14	9
6	14	9
7	14	13
8	14	13
9	14	25
10	14	46
11	14	13
12	14	28
13	14	0
14	14	17
15	14	32
16	14	39
17	14	53
18	14	32
19	14	72
20	14	66
21	14	56
22	14	60
23	14	36
0	15	4
1	15	7
2	15	2
3	15	5
4	15	4
5	15	4
6	15	10
7	15	7
8	15	13
9	15	29
10	15	26
11	15	29
12	15	21
13	15	27
14	15	15
15	15	18
16	15	27
17	15	24
18	15	34
19	15	39
20	15	34
21	15	42
22	15	27
23	15	20
0	16	6
1	16	4
2	16	8
3	16	4
4	16	2
5	16	4
6	16	8
7	16	22
8	16	12
9	16	25
10	16	15
11	16	28
12	16	37
13	16	18
14	16	21
15	16	25
16	16	32
17	16	37
18	16	47
19	16	38
20	16	49
21	16	59
22	16	29
23	16	17
0	17	13
1	17	6
2	17	5
3	17	3
4	17	3
5	17	7
6	17	13
7	17	20
8	17	26
9	17	28
10	17	23
11	17	21
12	17	25
13	17	27
14	17	29
15	17	30
16	17	36
17	17	37
18	17	42
19	17	49
20	17	56
21	17	55
22	17	36
23	17	22
0	18	0
1	18	0
2	18	0
3	18	0
4	18	0
5	18	24
6	18	0
7	18	83
8	18	150
9	18	0
10	18	46
11	18	24
12	18	24
13	18	65
14	18	0
15	18	0
16	18	24
17	18	114
18	18	0
19	18	24
20	18	65
21	18	65
22	18	24
23	18	46
0	19	17
1	19	4
2	19	14
3	19	4
4	19	10
5	19	7
6	19	10
7	19	29
8	19	52
9	19	17
10	19	44
11	19	20
12	19	32
13	19	46
14	19	41
15	19	44
16	19	35
17	19	54
18	19	54
19	19	46
20	19	60
21	19	38
22	19	60
23	19	49
0	20	12
1	20	8
2	20	5
3	20	3
4	20	8
5	20	10
6	20	19
7	20	22
8	20	34
9	20	32
10	20	28
11	20	27
12	20	30
13	20	27
14	20	26
15	20	30
16	20	37
17	20	40
18	20	46
19	20	51
20	20	52
21	20	56
22	20	41
23	20	19
0	21	13
1	21	7
2	21	0
3	21	0
4	21	4
5	21	0
6	21	13
7	21	7
8	21	4
9	21	39
10	21	28
11	21	55
12	21	19
13	21	31
14	21	19
15	21	19
16	21	19
17	21	33
18	21	19
19	21	39
20	21	76
21	21	31
22	21	33
23	21	16
0	22	17
1	22	9
2	22	6
3	22	3
4	22	4
5	22	3
6	22	16
7	22	14
8	22	30
9	22	39
10	22	30
11	22	28
12	22	41
13	22	30
14	22	40
15	22	34
16	22	28
17	22	47
18	22	42
19	22	45
20	22	58
21	22	58
22	22	38
23	22	28
0	23	0
1	23	0
2	23	0
3	23	0
4	23	0
5	23	0
6	23	0
7	23	0
8	23	0
9	23	0
10	23	0
11	23	0
12	23	0
13	23	0
14	23	0
15	23	0
16	23	0
17	23	0
18	23	175
19	23	0
20	23	230
21	23	175
22	23	0
23	23	0
0	24	12
1	24	6
2	24	5
3	24	1
4	24	3
5	24	8
6	24	17
7	24	21
8	24	29
9	24	34
10	24	32
11	24	32
12	24	29
13	24	34
14	24	44
15	24	35
16	24	38
17	24	37
18	24	34
19	24	57
20	24	48
21	24	57
22	24	38
23	24	21
0	25	0
1	25	0
2	25	25
3	25	0
4	25	0
5	25	0
6	25	0
7	25	0
8	25	25
9	25	48
10	25	48
11	25	48
12	25	0
13	25	25
14	25	48
15	25	68
16	25	143
17	25	0
18	25	25
19	25	68
20	25	86
21	25	25
22	25	86
23	25	48
0	26	12
1	26	0
2	26	0
3	26	12
4	26	23
5	26	12
6	26	0
7	26	23
8	26	12
9	26	62
10	26	53
11	26	33
12	26	33
13	26	0
14	26	12
15	26	12
16	26	33
17	26	33
18	26	43
19	26	53
20	26	33
21	26	102
22	26	23
23	26	0
0	27	10
1	27	6
2	27	4
3	27	3
4	27	4
5	27	6
6	27	14
7	27	22
8	27	28
9	27	31
10	27	32
11	27	32
12	27	34
13	27	32
14	27	31
15	27	32
16	27	34
17	27	36
18	27	38
19	27	42
20	27	45
21	27	44
22	27	34
23	27	20
0	28	0
1	28	0
2	28	0
3	28	0
4	28	0
5	28	0
6	28	0
7	28	0
8	28	0
9	28	0
10	28	0
11	28	0
12	28	0
13	28	0
14	28	0
15	28	0
16	28	0
17	28	0
18	28	0
19	28	0
20	28	0
21	28	0
22	28	0
23	28	0
0	29	15
1	29	4
2	29	7
3	29	3
4	29	6
5	29	5
6	29	11
7	29	13
8	29	23
9	29	28
10	29	36
11	29	29
12	29	31
13	29	36
14	29	34
15	29	26
16	29	37
17	29	38
18	29	34
19	29	52
20	29	51
21	29	45
22	29	37
23	29	16
0	30	25
1	30	9
2	30	11
3	30	8
4	30	4
5	30	7
6	30	8
7	30	22
8	30	22
9	30	23
10	30	24
11	30	27
12	30	28
13	30	24
14	30	37
15	30	39
16	30	36
17	30	49
18	30	34
19	30	42
20	30	52
21	30	51
22	30	37
23	30	23
0	31	17
1	31	0
2	31	0
3	31	0
4	31	0
5	31	0
6	31	60
7	31	46
8	31	17
9	31	60
10	31	95
11	31	32
12	31	17
13	31	32
14	31	32
15	31	46
16	31	84
17	31	17
18	31	32
19	31	46
20	31	46
21	31	17
22	31	32
23	31	32
0	32	10
1	32	4
2	32	4
3	32	0
4	32	5
5	32	4
6	32	14
7	32	10
8	32	15
9	32	26
10	32	12
11	32	15
12	32	21
13	32	32
14	32	39
15	32	42
16	32	42
17	32	23
18	32	35
19	32	61
20	32	64
21	32	50
22	32	32
23	32	23
0	33	9
1	33	5
2	33	5
3	33	9
4	33	14
5	33	5
6	33	12
7	33	22
8	33	46
9	33	26
10	33	16
11	33	46
12	33	26
13	33	26
14	33	36
15	33	24
16	33	24
17	33	50
18	33	60
19	33	36
20	33	44
21	33	53
22	33	55
23	33	18
0	34	18
1	34	14
2	34	8
3	34	3
4	34	6
5	34	3
6	34	14
7	34	12
8	34	23
9	34	36
10	34	38
11	34	37
12	34	31
13	34	35
14	34	42
15	34	35
16	34	33
17	34	32
18	34	39
19	34	46
20	34	42
21	34	48
22	34	47
23	34	27
0	35	11
1	35	3
2	35	3
3	35	0
4	35	3
5	35	6
6	35	13
7	35	43
8	35	32
9	35	13
10	35	11
11	35	25
12	35	30
13	35	25
14	35	27
15	35	36
16	35	32
17	35	36
18	35	52
19	35	41
20	35	45
21	35	49
22	35	34
23	35	30
0	36	4
1	36	0
2	36	8
3	36	15
4	36	4
5	36	8
6	36	15
7	36	22
8	36	35
9	36	31
10	36	44
11	36	28
12	36	25
13	36	35
14	36	22
15	36	35
16	36	31
17	36	35
18	36	47
19	36	56
20	36	50
21	36	80
22	36	28
23	36	28
0	37	12
1	37	3
2	37	0
3	37	0
4	37	5
5	37	3
6	37	18
7	37	42
8	37	44
9	37	67
10	37	32
11	37	53
12	37	30
13	37	36
14	37	36
15	37	46
16	37	46
17	37	47
18	37	56
19	37	46
20	37	67
21	37	90
22	37	49
23	37	28
0	38	14
1	38	4
2	38	3
3	38	3
4	38	6
5	38	8
6	38	14
7	38	28
8	38	39
9	38	30
10	38	42
11	38	36
12	38	34
13	38	37
14	38	33
15	38	39
16	38	36
17	38	40
18	38	46
19	38	54
20	38	57
21	38	61
22	38	53
23	38	23
0	39	15
1	39	10
2	39	0
3	39	0
4	39	0
5	39	0
6	39	6
7	39	20
8	39	34
9	39	47
10	39	34
11	39	10
12	39	15
13	39	10
14	39	15
15	39	25
16	39	51
17	39	47
18	39	47
19	39	34
20	39	34
21	39	91
22	39	55
23	39	47
0	40	11
1	40	20
2	40	0
3	40	0
4	40	0
5	40	16
6	40	11
7	40	6
8	40	34
9	40	47
10	40	20
11	40	39
12	40	56
13	40	16
14	40	30
15	40	52
16	40	11
17	40	39
18	40	82
19	40	34
20	40	43
21	40	39
22	40	20
23	40	20
0	41	15
1	41	6
2	41	3
3	41	3
4	41	2
5	41	5
6	41	12
7	41	18
8	41	30
9	41	35
10	41	32
11	41	34
12	41	36
13	41	33
14	41	31
15	41	32
16	41	32
17	41	37
18	41	37
19	41	43
20	41	41
21	41	49
22	41	37
23	41	22
0	42	13
1	42	9
2	42	7
3	42	5
4	42	4
5	42	7
6	42	15
7	42	20
8	42	31
9	42	32
10	42	38
11	42	35
12	42	36
13	42	33
14	42	28
15	42	36
16	42	32
17	42	44
18	42	41
19	42	51
20	42	52
21	42	52
22	42	46
23	42	33
0	43	18
1	43	0
2	43	12
3	43	23
4	43	6
5	43	12
6	43	12
7	43	18
8	43	29
9	43	12
10	43	18
11	43	23
12	43	23
13	43	12
14	43	18
15	43	18
16	43	18
17	43	85
18	43	54
19	43	34
20	43	59
21	43	54
22	43	68
23	43	29
0	44	14
1	44	5
2	44	4
3	44	2
4	44	2
5	44	6
6	44	11
7	44	25
8	44	29
9	44	29
10	44	25
11	44	27
12	44	30
13	44	24
14	44	26
15	44	35
16	44	40
17	44	39
18	44	47
19	44	51
20	44	59
21	44	54
22	44	37
23	44	27
0	45	27
1	45	0
2	45	0
3	45	0
4	45	0
5	45	0
6	45	0
7	45	40
8	45	51
9	45	27
10	45	14
11	45	62
12	45	27
13	45	83
14	45	14
15	45	40
16	45	27
17	45	51
18	45	92
19	45	40
20	45	14
21	45	27
22	45	27
23	45	51
0	46	13
1	46	7
2	46	5
3	46	4
4	46	2
5	46	5
6	46	17
7	46	26
8	46	29
9	46	33
10	46	33
11	46	29
12	46	31
13	46	27
14	46	30
15	46	33
16	46	38
17	46	40
18	46	41
19	46	51
20	46	60
21	46	55
22	46	43
23	46	26
0	47	0
1	47	0
2	47	0
3	47	4
4	47	0
5	47	4
6	47	8
7	47	46
8	47	49
9	47	31
10	47	31
11	47	21
12	47	63
13	47	46
14	47	31
15	47	34
16	47	28
17	47	37
18	47	37
19	47	54
20	47	40
21	47	71
22	47	31
23	47	24
0	48	8
1	48	4
2	48	0
3	48	0
4	48	8
5	48	16
6	48	16
7	48	23
8	48	40
9	48	12
10	48	16
11	48	0
12	48	8
13	48	19
14	48	8
15	48	37
16	48	34
17	48	27
18	48	4
19	48	30
20	48	44
21	48	44
22	48	56
23	48	23
0	49	0
1	49	0
2	49	6
3	49	0
4	49	6
5	49	6
6	49	25
7	49	47
8	49	30
9	49	43
10	49	30
11	49	39
12	49	25
13	49	30
14	49	20
15	49	39
16	49	43
17	49	75
18	49	56
19	49	64
20	49	67
21	49	96
22	49	79
23	49	25
0	50	11
1	50	5
2	50	5
3	50	0
4	50	0
5	50	3
6	50	5
7	50	21
8	50	27
9	50	52
10	50	45
11	50	43
12	50	32
13	50	39
14	50	28
15	50	36
16	50	38
17	50	25
18	50	27
19	50	61
20	50	68
21	50	52
22	50	34
23	50	19
0	51	15
1	51	0
2	51	0
3	51	0
4	51	8
5	51	0
6	51	8
7	51	0
8	51	42
9	51	35
10	51	8
11	51	8
12	51	15
13	51	35
14	51	48
15	51	42
16	51	35
17	51	22
18	51	65
19	51	54
20	51	54
21	51	48
22	51	35
23	51	8
0	52	15
1	52	7
2	52	8
3	52	10
4	52	4
5	52	9
6	52	28
7	52	32
8	52	36
9	52	36
10	52	28
11	52	34
12	52	37
13	52	29
14	52	30
15	52	38
16	52	38
17	52	51
18	52	43
19	52	56
20	52	62
21	52	64
22	52	50
23	52	22
0	53	11
1	53	8
2	53	8
3	53	4
4	53	0
5	53	0
6	53	15
7	53	8
8	53	18
9	53	38
10	53	56
11	53	15
12	53	28
13	53	22
14	53	35
15	53	38
16	53	38
17	53	41
18	53	44
19	53	53
20	53	56
21	53	35
22	53	44
23	53	15
0	54	15
1	54	5
2	54	6
3	54	5
4	54	4
5	54	9
6	54	27
7	54	29
8	54	26
9	54	37
10	54	29
11	54	30
12	54	25
13	54	26
14	54	37
15	54	42
16	54	32
17	54	38
18	54	51
19	54	59
20	54	66
21	54	77
22	54	57
23	54	27
0	55	6
1	55	2
2	55	2
3	55	2
4	55	0
5	55	11
6	55	14
7	55	15
8	55	46
9	55	29
10	55	20
11	55	28
12	55	50
13	55	32
14	55	52
15	55	35
16	55	28
17	55	32
18	55	58
19	55	69
20	55	68
21	55	66
22	55	29
23	55	23
0	56	18
1	56	11
2	56	8
3	56	9
4	56	4
5	56	8
6	56	17
7	56	28
8	56	21
9	56	26
10	56	26
11	56	24
12	56	23
13	56	21
14	56	23
15	56	38
16	56	32
17	56	38
18	56	38
19	56	58
20	56	75
21	56	66
22	56	48
23	56	29
0	57	0
1	57	0
2	57	0
3	57	0
4	57	0
5	57	0
6	57	11
7	57	30
8	57	30
9	57	39
10	57	30
11	57	48
12	57	64
13	57	0
14	57	21
15	57	56
16	57	48
17	57	48
18	57	56
19	57	56
20	57	64
21	57	93
22	57	39
23	57	11
0	58	17
1	58	7
2	58	3
3	58	2
4	58	2
5	58	5
6	58	9
7	58	21
8	58	21
9	58	36
10	58	29
11	58	28
12	58	29
13	58	19
14	58	25
15	58	31
16	58	27
17	58	11
18	58	35
19	58	53
20	58	46
21	58	32
22	58	41
23	58	26
0	59	30
1	59	6
2	59	4
3	59	7
4	59	9
5	59	6
6	59	25
7	59	28
8	59	27
9	59	43
10	59	27
11	59	39
12	59	36
13	59	28
14	59	30
15	59	27
16	59	33
17	59	40
18	59	54
19	59	46
20	59	58
21	59	74
22	59	54
23	59	20
0	60	12
1	60	12
2	60	23
3	60	23
4	60	0
5	60	0
6	60	12
7	60	33
8	60	43
9	60	62
10	60	23
11	60	33
12	60	43
13	60	78
14	60	12
15	60	0
16	60	62
17	60	12
18	60	70
19	60	23
20	60	62
21	60	52
22	60	33
23	60	33
0	61	8
1	61	4
2	61	2
3	61	1
4	61	2
5	61	3
6	61	10
7	61	14
8	61	8
9	61	25
10	61	26
11	61	26
12	61	20
13	61	28
14	61	22
15	61	22
16	61	27
17	61	27
18	61	46
19	61	40
20	61	49
21	61	40
22	61	30
23	61	23
0	62	18
1	62	11
2	62	3
3	62	0
4	62	3
5	62	11
6	62	20
7	62	31
8	62	48
9	62	54
10	62	50
11	62	20
12	62	30
13	62	43
14	62	45
15	62	52
16	62	50
17	62	39
18	62	54
19	62	45
20	62	45
21	62	37
22	62	31
23	62	22
0	63	0
1	63	22
2	63	0
3	63	15
4	63	0
5	63	0
6	63	0
7	63	0
8	63	8
9	63	8
10	63	22
11	63	22
12	63	15
13	63	22
14	63	29
15	63	8
16	63	15
17	63	15
18	63	48
19	63	8
20	63	59
21	63	29
22	63	41
23	63	0
0	64	18
1	64	15
2	64	0
3	64	3
4	64	0
5	64	0
6	64	15
7	64	15
8	64	18
9	64	20
10	64	13
11	64	20
12	64	45
13	64	13
14	64	13
15	64	20
16	64	27
17	64	43
18	64	45
19	64	47
20	64	76
21	64	61
22	64	45
23	64	18
0	65	17
1	65	7
2	65	4
3	65	6
4	65	5
5	65	8
6	65	11
7	65	25
8	65	25
9	65	23
10	65	31
11	65	26
12	65	26
13	65	23
14	65	26
15	65	31
16	65	32
17	65	28
18	65	24
19	65	30
20	65	43
21	65	33
22	65	34
23	65	16
0	66	8
1	66	0
2	66	0
3	66	0
4	66	0
5	66	15
6	66	15
7	66	70
8	66	15
9	66	22
10	66	15
11	66	47
12	66	22
13	66	41
14	66	41
15	66	35
16	66	28
17	66	47
18	66	59
19	66	47
20	66	28
21	66	64
22	66	85
23	66	22
0	67	6
1	67	6
2	67	0
3	67	0
4	67	0
5	67	0
6	67	22
7	67	31
8	67	27
9	67	31
10	67	31
11	67	11
12	67	11
13	67	31
14	67	16
15	67	16
16	67	27
17	67	45
18	67	50
19	67	54
20	67	100
21	67	54
22	67	67
23	67	50
0	68	10
1	68	6
2	68	2
3	68	2
4	68	2
5	68	15
6	68	15
7	68	12
8	68	31
9	68	19
10	68	28
11	68	22
12	68	40
13	68	31
14	68	35
15	68	34
16	68	29
17	68	49
18	68	47
19	68	45
20	68	44
21	68	41
22	68	34
23	68	22
0	69	9
1	69	3
2	69	3
3	69	4
4	69	7
5	69	2
6	69	15
7	69	17
8	69	20
9	69	33
10	69	36
11	69	31
12	69	29
13	69	35
14	69	39
15	69	38
16	69	34
17	69	62
18	69	75
19	69	75
20	69	69
21	69	64
22	69	47
23	69	23
0	70	14
1	70	4
2	70	4
3	70	4
4	70	2
5	70	6
6	70	10
7	70	21
8	70	22
9	70	31
10	70	25
11	70	22
12	70	30
13	70	32
14	70	29
15	70	36
16	70	26
17	70	40
18	70	40
19	70	48
20	70	58
21	70	52
22	70	39
23	70	29
0	71	24
1	71	16
2	71	20
3	71	17
4	71	4
5	71	2
6	71	6
7	71	17
8	71	25
9	71	22
10	71	27
11	71	24
12	71	28
13	71	17
14	71	30
15	71	27
16	71	42
17	71	30
18	71	39
19	71	52
20	71	68
21	71	47
22	71	25
23	71	16
0	72	12
1	72	15
2	72	3
3	72	0
4	72	0
5	72	0
6	72	6
7	72	21
8	72	15
9	72	15
10	72	31
11	72	12
12	72	37
13	72	23
14	72	21
15	72	23
16	72	52
17	72	29
18	72	49
19	72	59
20	72	52
21	72	72
22	72	44
23	72	31
0	73	5
1	73	5
2	73	5
3	73	0
4	73	0
5	73	5
6	73	9
7	73	13
8	73	28
9	73	22
10	73	30
11	73	16
12	73	30
13	73	20
14	73	35
15	73	26
16	73	39
17	73	35
18	73	63
19	73	60
20	73	40
21	73	59
22	73	22
23	73	16
0	74	0
1	74	0
2	74	0
3	74	0
4	74	0
5	74	0
6	74	23
7	74	0
8	74	0
9	74	23
10	74	0
11	74	43
12	74	0
13	74	78
14	74	23
15	74	43
16	74	61
17	74	0
18	74	43
19	74	23
20	74	43
21	74	61
22	74	43
23	74	0
0	75	31
1	75	6
2	75	0
3	75	2
4	75	0
5	75	2
6	75	11
7	75	8
8	75	17
9	75	28
10	75	32
11	75	23
12	75	28
13	75	38
14	75	24
15	75	25
16	75	42
17	75	25
18	75	27
19	75	50
20	75	56
21	75	54
22	75	34
23	75	31
0	76	6
1	76	3
2	76	6
3	76	9
4	76	3
5	76	6
6	76	14
7	76	23
8	76	23
9	76	33
10	76	35
11	76	23
12	76	14
13	76	23
14	76	33
15	76	30
16	76	33
17	76	33
18	76	45
19	76	35
20	76	54
21	76	61
22	76	20
23	76	17
0	77	13
1	77	4
2	77	2
3	77	3
4	77	3
5	77	7
6	77	24
7	77	28
8	77	38
9	77	35
10	77	33
11	77	24
12	77	34
13	77	29
14	77	34
15	77	39
16	77	44
17	77	39
18	77	59
19	77	59
20	77	71
21	77	74
22	77	53
23	77	21
0	78	29
1	78	11
2	78	20
3	78	0
4	78	0
5	78	0
6	78	11
7	78	11
8	78	0
9	78	38
10	78	11
11	78	29
12	78	20
13	78	11
14	78	70
15	78	11
16	78	47
17	78	47
18	78	20
19	78	29
20	78	47
21	78	98
22	78	0
23	78	20
0	79	13
1	79	7
2	79	4
3	79	5
4	79	4
5	79	5
6	79	17
7	79	28
8	79	39
9	79	34
10	79	26
11	79	31
12	79	18
13	79	42
14	79	31
15	79	21
16	79	29
17	79	38
18	79	62
19	79	51
20	79	50
21	79	60
22	79	47
23	79	32
0	80	0
1	80	0
2	80	0
3	80	0
4	80	0
5	80	0
6	80	28
7	80	0
8	80	0
9	80	28
10	80	53
11	80	0
12	80	95
13	80	28
14	80	112
15	80	0
16	80	112
17	80	75
18	80	112
19	80	28
20	80	28
21	80	75
22	80	0
23	80	53
0	81	0
1	81	0
2	81	0
3	81	0
4	81	0
5	81	0
6	81	0
7	81	0
8	81	0
9	81	0
10	81	0
11	81	0
12	81	230
13	81	0
14	81	0
15	81	230
16	81	0
17	81	0
18	81	0
19	81	0
20	81	0
21	81	0
22	81	0
23	81	0
0	82	9
1	82	9
2	82	6
3	82	4
4	82	3
5	82	5
6	82	20
7	82	24
8	82	22
9	82	31
10	82	36
11	82	30
12	82	34
13	82	43
14	82	36
15	82	32
16	82	37
17	82	47
18	82	47
19	82	58
20	82	62
21	82	53
22	82	44
23	82	13
0	83	9
1	83	0
2	83	0
3	83	0
4	83	15
5	83	3
6	83	6
7	83	12
8	83	9
9	83	23
10	83	28
11	83	26
12	83	26
13	83	36
14	83	57
15	83	48
16	83	48
17	83	46
18	83	38
19	83	55
20	83	46
21	83	23
22	83	43
23	83	20
0	84	0
1	84	0
2	84	0
3	84	0
4	84	0
5	84	0
6	84	26
7	84	26
8	84	41
9	84	18
10	84	26
11	84	69
12	84	41
13	84	0
14	84	56
15	84	41
16	84	49
17	84	34
18	84	49
19	84	49
20	84	82
21	84	49
22	84	9
23	84	26
0	85	13
1	85	7
2	85	3
3	85	7
4	85	3
5	85	3
6	85	24
7	85	26
8	85	28
9	85	39
10	85	24
11	85	28
12	85	15
13	85	22
14	85	49
15	85	22
16	85	32
17	85	22
18	85	39
19	85	58
20	85	48
21	85	39
22	85	44
23	85	21
0	86	10
1	86	5
2	86	5
3	86	3
4	86	2
5	86	4
6	86	12
7	86	18
8	86	27
9	86	23
10	86	25
11	86	22
12	86	26
13	86	26
14	86	25
15	86	25
16	86	35
17	86	33
18	86	40
19	86	50
20	86	50
21	86	47
22	86	35
23	86	23
0	87	23
1	87	13
2	87	8
3	87	1
4	87	3
5	87	11
6	87	13
7	87	29
8	87	34
9	87	38
10	87	33
11	87	35
12	87	28
13	87	40
14	87	32
15	87	31
16	87	38
17	87	58
18	87	45
19	87	56
20	87	60
21	87	61
22	87	48
23	87	36
0	88	0
1	88	0
2	88	0
3	88	0
4	88	0
5	88	0
6	88	0
7	88	72
8	88	27
9	88	0
10	88	27
11	88	0
12	88	27
13	88	72
14	88	51
15	88	27
16	88	72
17	88	51
18	88	27
19	88	27
20	88	51
21	88	27
22	88	27
23	88	179
0	89	4
1	89	4
2	89	4
3	89	0
4	89	4
5	89	4
6	89	14
7	89	21
8	89	17
9	89	30
10	89	17
11	89	27
12	89	17
13	89	14
14	89	45
15	89	33
16	89	53
17	89	27
18	89	50
19	89	39
20	89	45
21	89	36
22	89	61
23	89	33
0	90	13
1	90	7
2	90	4
3	90	3
4	90	3
5	90	5
6	90	11
7	90	19
8	90	25
9	90	29
10	90	29
11	90	29
12	90	28
13	90	27
14	90	28
15	90	28
16	90	34
17	90	35
18	90	39
19	90	41
20	90	46
21	90	46
22	90	41
23	90	25
0	91	32
1	91	10
2	91	4
3	91	0
4	91	4
5	91	0
6	91	21
7	91	10
8	91	30
9	91	53
10	91	58
11	91	38
12	91	32
13	91	16
14	91	27
15	91	24
16	91	43
17	91	27
18	91	30
19	91	48
20	91	60
21	91	56
22	91	38
23	91	21
0	92	10
1	92	5
2	92	7
3	92	10
4	92	8
5	92	10
6	92	16
7	92	35
8	92	43
9	92	28
10	92	28
11	92	36
12	92	45
13	92	38
14	92	34
15	92	41
16	92	36
17	92	53
18	92	44
19	92	53
20	92	38
21	92	55
22	92	53
23	92	27
0	93	0
1	93	11
2	93	0
3	93	0
4	93	0
5	93	22
6	93	31
7	93	22
8	93	41
9	93	67
10	93	22
11	93	31
12	93	41
13	93	31
14	93	31
15	93	41
16	93	50
17	93	90
18	93	41
19	93	50
20	93	50
21	93	59
22	93	22
23	93	0
0	94	13
1	94	5
2	94	3
3	94	2
4	94	2
5	94	4
6	94	11
7	94	20
8	94	38
9	94	38
10	94	30
11	94	32
12	94	26
13	94	22
14	94	29
15	94	28
16	94	28
17	94	31
18	94	41
19	94	44
20	94	43
21	94	52
22	94	49
23	94	24
0	95	6
1	95	0
2	95	0
3	95	0
4	95	0
5	95	0
6	95	6
7	95	11
8	95	72
9	95	68
10	95	42
11	95	46
12	95	42
13	95	51
14	95	42
15	95	37
16	95	27
17	95	37
18	95	46
19	95	37
20	95	91
21	95	11
22	95	22
23	95	22
0	96	0
1	96	0
2	96	0
3	96	0
4	96	0
5	96	0
6	96	0
7	96	0
8	96	0
9	96	201
10	96	0
11	96	0
12	96	0
13	96	201
14	96	0
15	96	0
16	96	0
17	96	0
18	96	0
19	96	0
20	96	0
21	96	0
22	96	0
23	96	0
0	97	10
1	97	6
2	97	5
3	97	2
4	97	5
5	97	5
6	97	11
7	97	18
8	97	25
9	97	27
10	97	24
11	97	26
12	97	26
13	97	26
14	97	28
15	97	29
16	97	30
17	97	35
18	97	36
19	97	41
20	97	50
21	97	50
22	97	42
23	97	25
0	98	4
1	98	2
2	98	9
3	98	0
4	98	12
5	98	10
6	98	15
7	98	30
8	98	35
9	98	36
10	98	49
11	98	32
12	98	27
13	98	46
14	98	39
15	98	24
16	98	26
17	98	32
18	98	68
19	98	57
20	98	81
21	98	93
22	98	50
23	98	15
0	99	17
1	99	0
2	99	0
3	99	0
4	99	0
5	99	17
6	99	17
7	99	33
8	99	61
9	99	61
10	99	33
11	99	47
12	99	33
13	99	33
14	99	47
15	99	0
16	99	107
17	99	47
18	99	47
19	99	17
20	99	74
21	99	61
22	99	33
23	99	17
0	100	12
1	100	0
2	100	4
3	100	2
4	100	3
5	100	4
6	100	15
7	100	18
8	100	37
9	100	35
10	100	26
11	100	23
12	100	22
13	100	36
14	100	23
15	100	27
16	100	35
17	100	43
18	100	43
19	100	47
20	100	60
21	100	59
22	100	47
23	100	44
0	101	0
1	101	6
2	101	0
3	101	17
4	101	0
5	101	6
6	101	11
7	101	54
8	101	46
9	101	46
10	101	46
11	101	67
12	101	11
13	101	36
14	101	46
15	101	54
16	101	32
17	101	17
18	101	27
19	101	46
20	101	36
21	101	59
22	101	11
23	101	17
0	102	11
1	102	4
2	102	4
3	102	0
4	102	4
5	102	4
6	102	14
7	102	4
8	102	24
9	102	14
10	102	27
11	102	17
12	102	17
13	102	36
14	102	21
15	102	39
16	102	14
17	102	39
18	102	33
19	102	21
20	102	33
21	102	42
22	102	21
23	102	33
0	103	0
1	103	0
2	103	0
3	103	0
4	103	0
5	103	0
6	103	0
7	103	18
8	103	56
9	103	18
10	103	18
11	103	18
12	103	18
13	103	18
14	103	41
15	103	41
16	103	76
17	103	63
18	103	69
19	103	69
20	103	56
21	103	56
22	103	82
23	103	34
0	104	12
1	104	5
2	104	6
3	104	3
4	104	3
5	104	5
6	104	10
7	104	20
8	104	24
9	104	25
10	104	26
11	104	27
12	104	26
13	104	24
14	104	24
15	104	29
16	104	32
17	104	34
18	104	42
19	104	45
20	104	52
21	104	47
22	104	37
23	104	19
0	105	6
1	105	4
2	105	0
3	105	2
4	105	10
5	105	10
6	105	10
7	105	27
8	105	29
9	105	20
10	105	32
11	105	27
12	105	29
13	105	35
14	105	34
15	105	55
16	105	38
17	105	43
18	105	54
19	105	38
20	105	40
21	105	71
22	105	38
23	105	25
0	106	7
1	106	18
2	106	0
3	106	7
4	106	13
5	106	7
6	106	13
7	106	35
8	106	35
9	106	35
10	106	18
11	106	30
12	106	24
13	106	18
14	106	46
15	106	18
16	106	70
17	106	65
18	106	24
19	106	51
20	106	70
21	106	40
22	106	13
23	106	7
0	107	5
1	107	4
2	107	2
3	107	2
4	107	7
5	107	2
6	107	10
7	107	15
8	107	36
9	107	18
10	107	32
11	107	25
12	107	20
13	107	31
14	107	29
15	107	40
16	107	37
17	107	25
18	107	40
19	107	44
20	107	41
21	107	48
22	107	49
23	107	21
0	108	0
1	108	0
2	108	0
3	108	0
4	108	0
5	108	8
6	108	22
7	108	35
8	108	22
9	108	48
10	108	29
11	108	42
12	108	15
13	108	54
14	108	15
15	108	29
16	108	71
17	108	15
18	108	35
19	108	60
20	108	109
21	108	42
22	108	48
23	108	15
0	109	8
1	109	5
2	109	3
3	109	5
4	109	3
5	109	9
6	109	14
7	109	23
8	109	31
9	109	34
10	109	39
11	109	29
12	109	39
13	109	37
14	109	29
15	109	27
16	109	33
17	109	30
18	109	43
19	109	56
20	109	85
21	109	58
22	109	47
23	109	34
0	110	17
1	110	0
2	110	0
3	110	0
4	110	0
5	110	0
6	110	0
7	110	0
8	110	17
9	110	84
10	110	46
11	110	17
12	110	0
13	110	0
14	110	32
15	110	17
16	110	17
17	110	46
18	110	46
19	110	60
20	110	32
21	110	84
22	110	95
23	110	0
0	111	21
1	111	6
2	111	6
3	111	8
4	111	8
5	111	0
6	111	11
7	111	19
8	111	31
9	111	11
10	111	19
11	111	14
12	111	14
13	111	16
14	111	21
15	111	19
16	111	28
17	111	44
18	111	44
19	111	53
20	111	67
21	111	51
22	111	21
23	111	33
0	112	8
1	112	9
2	112	6
3	112	6
4	112	2
5	112	3
6	112	12
7	112	24
8	112	13
9	112	33
10	112	29
11	112	45
12	112	16
13	112	20
14	112	30
15	112	39
16	112	34
17	112	50
18	112	42
19	112	32
20	112	49
21	112	50
22	112	39
23	112	19
0	113	29
1	113	0
2	113	4
3	113	4
4	113	0
5	113	0
6	113	36
7	113	32
8	113	51
9	113	26
10	113	45
11	113	22
12	113	15
13	113	4
14	113	22
15	113	12
16	113	29
17	113	63
18	113	72
19	113	48
20	113	57
21	113	39
22	113	22
23	113	29
0	114	11
1	114	7
2	114	5
3	114	4
4	114	4
5	114	3
6	114	11
7	114	16
8	114	13
9	114	27
10	114	27
11	114	18
12	114	28
13	114	16
14	114	18
15	114	28
16	114	23
17	114	32
18	114	28
19	114	37
20	114	47
21	114	46
22	114	25
23	114	24
0	115	16
1	115	24
2	115	16
3	115	0
4	115	8
5	115	0
6	115	0
7	115	0
8	115	31
9	115	8
10	115	0
11	115	38
12	115	24
13	115	31
14	115	24
15	115	8
16	115	38
17	115	31
18	115	16
19	115	31
20	115	51
21	115	86
22	115	57
23	115	38
0	116	22
1	116	0
2	116	0
3	116	0
4	116	0
5	116	0
6	116	32
7	116	75
8	116	41
9	116	32
10	116	22
11	116	11
12	116	32
13	116	0
14	116	41
15	116	32
16	116	59
17	116	41
18	116	11
19	116	50
20	116	67
21	116	67
22	116	67
23	116	59
0	117	10
1	117	4
2	117	4
3	117	0
4	117	0
5	117	4
6	117	7
7	117	10
8	117	40
9	117	28
10	117	10
11	117	40
12	117	45
13	117	22
14	117	4
15	117	34
16	117	45
17	117	50
18	117	37
19	117	42
20	117	56
21	117	61
22	117	42
23	117	0
0	118	14
1	118	7
2	118	6
3	118	3
4	118	1
5	118	7
6	118	12
7	118	16
8	118	19
9	118	34
10	118	27
11	118	23
12	118	30
13	118	19
14	118	25
15	118	28
16	118	27
17	118	32
18	118	30
19	118	41
20	118	48
21	118	41
22	118	37
23	118	20
0	119	44
1	119	0
2	119	0
3	119	0
4	119	0
5	119	0
6	119	23
7	119	23
8	119	44
9	119	0
10	119	63
11	119	0
12	119	80
13	119	63
14	119	63
15	119	23
16	119	0
17	119	0
18	119	23
19	119	44
20	119	23
21	119	0
22	119	23
23	119	96
0	120	13
1	120	6
2	120	6
3	120	4
4	120	5
5	120	3
6	120	12
7	120	23
8	120	32
9	120	33
10	120	31
11	120	33
12	120	42
13	120	33
14	120	31
15	120	28
16	120	36
17	120	40
18	120	44
19	120	46
20	120	57
21	120	59
22	120	44
23	120	29
0	121	9
1	121	5
2	121	5
3	121	9
4	121	0
5	121	0
6	121	17
7	121	13
8	121	19
9	121	21
10	121	29
11	121	35
12	121	37
13	121	53
14	121	37
15	121	31
16	121	31
17	121	42
18	121	53
19	121	29
20	121	46
21	121	70
22	121	46
23	121	21
0	122	8
1	122	8
2	122	0
3	122	0
4	122	0
5	122	0
6	122	0
7	122	15
8	122	47
9	122	34
10	122	15
11	122	40
12	122	34
13	122	21
14	122	34
15	122	28
16	122	40
17	122	21
18	122	15
19	122	69
20	122	64
21	122	52
22	122	40
23	122	21
0	123	7
1	123	7
2	123	5
3	123	4
4	123	4
5	123	7
6	123	7
7	123	21
8	123	35
9	123	20
10	123	17
11	123	28
12	123	13
13	123	21
14	123	31
15	123	39
16	123	26
17	123	47
18	123	52
19	123	43
20	123	66
21	123	59
22	123	52
23	123	23
0	124	0
1	124	0
2	124	0
3	124	0
4	124	0
5	124	0
6	124	0
7	124	24
8	124	24
9	124	0
10	124	24
11	124	46
12	124	24
13	124	0
14	124	24
15	124	0
16	124	0
17	124	0
18	124	24
19	124	24
20	124	0
21	124	24
22	124	0
23	124	0
0	125	8
1	125	5
2	125	5
3	125	6
4	125	19
5	125	18
6	125	20
7	125	25
8	125	40
9	125	42
10	125	41
11	125	35
12	125	32
13	125	31
14	125	34
15	125	32
16	125	38
17	125	38
18	125	33
19	125	42
20	125	42
21	125	33
22	125	19
23	125	13
0	126	11
1	126	5
2	126	0
3	126	3
4	126	0
5	126	3
6	126	7
7	126	9
8	126	28
9	126	18
10	126	38
11	126	20
12	126	22
13	126	24
14	126	30
15	126	20
16	126	32
17	126	32
18	126	45
19	126	54
20	126	53
21	126	54
22	126	34
23	126	18
0	127	16
1	127	4
2	127	2
3	127	5
4	127	7
5	127	5
6	127	12
7	127	20
8	127	27
9	127	20
10	127	29
11	127	32
12	127	36
13	127	22
14	127	40
15	127	27
16	127	31
17	127	36
18	127	46
19	127	52
20	127	67
21	127	55
22	127	36
23	127	17
0	128	13
1	128	10
2	128	6
3	128	3
4	128	4
5	128	7
6	128	11
7	128	19
8	128	28
9	128	26
10	128	25
11	128	34
12	128	38
13	128	28
14	128	28
15	128	30
16	128	31
17	128	43
18	128	39
19	128	45
20	128	45
21	128	54
22	128	39
23	128	24
0	129	12
1	129	6
2	129	3
3	129	3
4	129	0
5	129	15
6	129	15
7	129	15
8	129	23
9	129	25
10	129	12
11	129	28
12	129	12
13	129	25
14	129	43
15	129	12
16	129	33
17	129	36
18	129	55
19	129	43
20	129	46
21	129	38
22	129	48
23	129	31
0	130	12
1	130	6
2	130	0
3	130	0
4	130	0
5	130	12
6	130	12
7	130	33
8	130	23
9	130	75
10	130	33
11	130	23
12	130	28
13	130	12
14	130	28
15	130	28
16	130	12
17	130	48
18	130	28
19	130	53
20	130	66
21	130	23
22	130	58
23	130	28
0	131	0
1	131	0
2	131	0
3	131	0
4	131	0
5	131	0
6	131	0
7	131	15
8	131	0
9	131	0
10	131	29
11	131	29
12	131	41
13	131	0
14	131	15
15	131	0
16	131	29
17	131	15
18	131	15
19	131	54
20	131	143
21	131	65
22	131	54
23	131	0
0	132	13
1	132	7
2	132	6
3	132	3
4	132	5
5	132	5
6	132	9
7	132	21
8	132	20
9	132	31
10	132	31
11	132	30
12	132	34
13	132	32
14	132	20
15	132	20
16	132	25
17	132	25
18	132	29
19	132	34
20	132	38
21	132	42
22	132	34
23	132	18
0	133	12
1	133	7
2	133	4
3	133	2
4	133	5
5	133	7
6	133	14
7	133	26
8	133	28
9	133	33
10	133	25
11	133	26
12	133	23
13	133	26
14	133	36
15	133	35
16	133	44
17	133	38
18	133	48
19	133	62
20	133	58
21	133	58
22	133	32
23	133	24
0	134	9
1	134	13
2	134	0
3	134	5
4	134	13
5	134	5
6	134	13
7	134	5
8	134	5
9	134	35
10	134	17
11	134	21
12	134	43
13	134	39
14	134	21
15	134	21
16	134	24
17	134	24
18	134	21
19	134	24
20	134	28
21	134	32
22	134	17
23	134	13
0	135	13
1	135	0
2	135	0
3	135	13
4	135	0
5	135	13
6	135	0
7	135	25
8	135	46
9	135	13
10	135	36
11	135	66
12	135	46
13	135	13
14	135	0
15	135	13
16	135	0
17	135	13
18	135	36
19	135	36
20	135	84
21	135	36
22	135	66
23	135	66
0	136	33
1	136	11
2	136	14
3	136	4
4	136	4
5	136	4
6	136	14
7	136	24
8	136	14
9	136	39
10	136	62
11	136	77
12	136	21
13	136	48
14	136	27
15	136	48
16	136	51
17	136	51
18	136	45
19	136	59
20	136	64
21	136	69
22	136	89
23	136	62
0	137	0
1	137	0
2	137	0
3	137	0
4	137	0
5	137	4
6	137	14
7	137	14
8	137	20
9	137	35
10	137	62
11	137	49
12	137	20
13	137	43
14	137	49
15	137	32
16	137	29
17	137	59
18	137	32
19	137	57
20	137	72
21	137	64
22	137	59
23	137	26
0	138	8
1	138	16
2	138	8
3	138	4
4	138	0
5	138	4
6	138	5
7	138	8
8	138	40
9	138	59
10	138	54
11	138	56
12	138	44
13	138	35
14	138	34
15	138	32
16	138	17
17	138	43
18	138	24
19	138	36
20	138	39
21	138	48
22	138	23
23	138	18
0	139	7
1	139	0
2	139	3
3	139	0
4	139	3
5	139	3
6	139	12
7	139	16
8	139	21
9	139	27
10	139	16
11	139	21
12	139	31
13	139	21
14	139	16
15	139	23
16	139	31
17	139	29
18	139	39
19	139	74
20	139	82
21	139	99
22	139	72
23	139	49
0	140	11
1	140	6
2	140	5
3	140	5
4	140	4
5	140	7
6	140	14
7	140	25
8	140	28
9	140	31
10	140	30
11	140	30
12	140	32
13	140	30
14	140	33
15	140	37
16	140	40
17	140	44
18	140	50
19	140	54
20	140	59
21	140	59
22	140	45
23	140	25
0	141	13
1	141	7
2	141	5
3	141	3
4	141	3
5	141	6
6	141	11
7	141	20
8	141	25
9	141	31
10	141	29
11	141	30
12	141	33
13	141	28
14	141	29
15	141	33
16	141	35
17	141	37
18	141	38
19	141	40
20	141	45
21	141	42
22	141	36
23	141	24
0	142	12
1	142	0
2	142	0
3	142	0
4	142	0
5	142	3
6	142	12
7	142	20
8	142	12
9	142	14
10	142	33
11	142	35
12	142	37
13	142	25
14	142	17
15	142	12
16	142	30
17	142	12
18	142	37
19	142	47
20	142	58
21	142	73
22	142	37
23	142	35
0	143	17
1	143	0
2	143	6
3	143	0
4	143	12
5	143	17
6	143	6
7	143	28
8	143	56
9	143	61
10	143	42
11	143	73
12	143	38
13	143	22
14	143	28
15	143	22
16	143	47
17	143	47
18	143	22
19	143	52
20	143	61
21	143	113
22	143	81
23	143	33
0	144	14
1	144	4
2	144	2
3	144	2
4	144	7
5	144	6
6	144	17
7	144	20
8	144	25
9	144	29
10	144	26
11	144	28
12	144	28
13	144	33
14	144	32
15	144	35
16	144	42
17	144	38
18	144	44
19	144	46
20	144	69
21	144	57
22	144	45
23	144	28
0	145	20
1	145	12
2	145	5
3	145	4
4	145	5
5	145	2
6	145	11
7	145	18
8	145	32
9	145	27
10	145	27
11	145	28
12	145	28
13	145	24
14	145	38
15	145	25
16	145	34
17	145	48
18	145	35
19	145	44
20	145	55
21	145	47
22	145	34
23	145	11
0	146	0
1	146	0
2	146	0
3	146	0
4	146	0
5	146	0
6	146	0
7	146	82
8	146	0
9	146	137
10	146	82
11	146	82
12	146	0
13	146	0
14	146	175
15	146	0
16	146	82
17	146	137
18	146	0
19	146	0
20	146	0
21	146	82
22	146	0
23	146	0
0	147	9
1	147	7
2	147	3
3	147	3
4	147	4
5	147	7
6	147	17
7	147	20
8	147	24
9	147	29
10	147	21
11	147	22
12	147	23
13	147	23
14	147	28
15	147	26
16	147	30
17	147	27
18	147	39
19	147	46
20	147	52
21	147	52
22	147	34
23	147	19
0	148	21
1	148	21
2	148	13
3	148	0
4	148	0
5	148	0
6	148	40
7	148	17
8	148	43
9	148	47
10	148	29
11	148	5
12	148	21
13	148	29
14	148	60
15	148	36
16	148	43
17	148	36
18	148	73
19	148	67
20	148	85
21	148	36
22	148	50
23	148	29
0	149	11
1	149	7
2	149	3
3	149	0
4	149	3
5	149	9
6	149	15
7	149	19
8	149	23
9	149	52
10	149	36
11	149	34
12	149	25
13	149	39
14	149	53
15	149	28
16	149	48
17	149	52
18	149	50
19	149	39
20	149	60
21	149	52
22	149	36
23	149	21
0	150	0
1	150	0
2	150	0
3	150	0
4	150	0
5	150	0
6	150	0
7	150	27
8	150	27
9	150	108
10	150	27
11	150	72
12	150	27
13	150	72
14	150	27
15	150	27
16	150	0
17	150	0
18	150	27
19	150	51
20	150	0
21	150	0
22	150	0
23	150	0
0	151	12
1	151	8
2	151	7
3	151	3
4	151	4
5	151	7
6	151	13
7	151	19
8	151	23
9	151	32
10	151	25
11	151	31
12	151	31
13	151	29
14	151	32
15	151	31
16	151	30
17	151	41
18	151	43
19	151	44
20	151	48
21	151	48
22	151	36
23	151	26
0	152	7
1	152	0
2	152	7
3	152	7
4	152	0
5	152	0
6	152	13
7	152	31
8	152	42
9	152	36
10	152	13
11	152	13
12	152	36
13	152	25
14	152	31
15	152	31
16	152	47
17	152	52
18	152	47
19	152	67
20	152	47
21	152	31
22	152	25
23	152	19
0	153	10
1	153	6
2	153	4
3	153	4
4	153	4
5	153	9
6	153	15
7	153	28
8	153	30
9	153	32
10	153	29
11	153	28
12	153	32
13	153	26
14	153	32
15	153	31
16	153	34
17	153	43
18	153	50
19	153	52
20	153	59
21	153	55
22	153	41
23	153	23
0	154	6
1	154	0
2	154	6
3	154	0
4	154	11
5	154	11
6	154	6
7	154	21
8	154	21
9	154	39
10	154	21
11	154	30
12	154	53
13	154	16
14	154	11
15	154	39
16	154	16
17	154	53
18	154	57
19	154	44
20	154	94
21	154	44
22	154	84
23	154	140
0	155	19
1	155	5
2	155	6
3	155	3
4	155	2
5	155	11
6	155	11
7	155	12
8	155	22
9	155	29
10	155	35
11	155	30
12	155	30
13	155	28
14	155	32
15	155	40
16	155	34
17	155	34
18	155	41
19	155	35
20	155	45
21	155	53
22	155	43
23	155	35
0	156	14
1	156	4
2	156	4
3	156	3
4	156	4
5	156	7
6	156	17
7	156	20
8	156	28
9	156	31
10	156	26
11	156	29
12	156	32
13	156	29
14	156	30
15	156	39
16	156	43
17	156	42
18	156	51
19	156	54
20	156	60
21	156	55
22	156	46
23	156	31
0	157	21
1	157	28
2	157	0
3	157	0
4	157	0
5	157	0
6	157	0
7	157	40
8	157	8
9	157	28
10	157	74
11	157	63
12	157	46
13	157	46
14	157	21
15	157	40
16	157	28
17	157	46
18	157	58
19	157	89
20	157	79
21	157	79
22	157	40
23	157	28
0	158	9
1	158	7
2	158	9
3	158	3
4	158	4
5	158	5
6	158	13
7	158	28
8	158	26
9	158	32
10	158	25
11	158	27
12	158	47
13	158	22
14	158	32
15	158	38
16	158	41
17	158	55
18	158	68
19	158	68
20	158	66
21	158	51
22	158	63
23	158	33
0	159	10
1	159	15
2	159	11
3	159	0
4	159	2
5	159	2
6	159	10
7	159	15
8	159	20
9	159	25
10	159	24
11	159	29
12	159	15
13	159	24
14	159	40
15	159	30
16	159	22
17	159	15
18	159	46
19	159	35
20	159	35
21	159	58
22	159	65
23	159	37
0	160	3
1	160	0
2	160	0
3	160	0
4	160	12
5	160	3
6	160	18
7	160	26
8	160	23
9	160	31
10	160	34
11	160	34
12	160	23
13	160	29
14	160	9
15	160	39
16	160	63
17	160	34
18	160	47
19	160	59
20	160	81
21	160	42
22	160	31
23	160	21
0	161	0
1	161	0
2	161	0
3	161	0
4	161	0
5	161	0
6	161	0
7	161	0
8	161	0
9	161	0
10	161	0
11	161	0
12	161	0
13	161	0
14	161	0
15	161	0
16	161	0
17	161	175
18	161	0
19	161	0
20	161	0
21	161	0
22	161	0
23	161	0
0	162	16
1	162	8
2	162	20
3	162	0
4	162	0
5	162	8
6	162	0
7	162	20
8	162	51
9	162	16
10	162	8
11	162	24
12	162	20
13	162	27
14	162	20
15	162	31
16	162	24
17	162	20
18	162	27
19	162	67
20	162	60
21	162	24
22	162	54
23	162	12
0	163	15
1	163	6
2	163	2
3	163	1
4	163	4
5	163	13
6	163	13
7	163	14
8	163	27
9	163	27
10	163	38
11	163	33
12	163	29
13	163	25
14	163	41
15	163	30
16	163	46
17	163	41
18	163	43
19	163	35
20	163	45
21	163	48
22	163	47
23	163	29
0	164	14
1	164	0
2	164	7
3	164	7
4	164	11
5	164	0
6	164	24
7	164	14
8	164	27
9	164	53
10	164	30
11	164	30
12	164	24
13	164	27
14	164	17
15	164	50
16	164	27
17	164	47
18	164	30
19	164	47
20	164	50
21	164	50
22	164	50
23	164	42
0	165	0
1	165	0
2	165	0
3	165	0
4	165	0
5	165	0
6	165	0
7	165	0
8	165	0
9	165	201
10	165	0
11	165	0
12	165	0
13	165	137
14	165	0
15	165	0
16	165	0
17	165	0
18	165	0
19	165	0
20	165	0
21	165	0
22	165	0
23	165	0
0	166	14
1	166	4
2	166	4
3	166	1
4	166	3
5	166	6
6	166	17
7	166	19
8	166	25
9	166	26
10	166	32
11	166	26
12	166	32
13	166	23
14	166	30
15	166	27
16	166	25
17	166	42
18	166	49
19	166	52
20	166	60
21	166	48
22	166	36
23	166	14
0	167	0
1	167	0
2	167	0
3	167	0
4	167	0
5	167	0
6	167	18
7	167	0
8	167	0
9	167	0
10	167	0
11	167	0
12	167	50
13	167	35
14	167	0
15	167	0
16	167	18
17	167	35
18	167	101
19	167	101
20	167	50
21	167	50
22	167	18
23	167	0
0	168	10
1	168	3
2	168	0
3	168	0
4	168	0
5	168	10
6	168	20
7	168	30
8	168	18
9	168	38
10	168	29
11	168	49
12	168	36
13	168	21
14	168	22
15	168	28
16	168	40
17	168	38
18	168	52
19	168	47
20	168	47
21	168	48
22	168	32
23	168	23
0	169	13
1	169	5
2	169	5
3	169	6
4	169	4
5	169	10
6	169	20
7	169	24
8	169	31
9	169	21
10	169	32
11	169	23
12	169	26
13	169	36
14	169	26
15	169	31
16	169	43
17	169	37
18	169	37
19	169	51
20	169	54
21	169	54
22	169	42
23	169	21
0	170	16
1	170	16
2	170	16
3	170	0
4	170	0
5	170	31
6	170	0
7	170	31
8	170	31
9	170	16
10	170	58
11	170	45
12	170	31
13	170	45
14	170	58
15	170	58
16	170	16
17	170	45
18	170	16
19	170	45
20	170	103
21	170	31
22	170	58
23	170	31
0	171	0
1	171	38
2	171	0
3	171	0
4	171	0
5	171	0
6	171	0
7	171	38
8	171	120
9	171	0
10	171	0
11	171	70
12	171	70
13	171	0
14	171	0
15	171	0
16	171	157
17	171	0
18	171	0
19	171	70
20	171	70
21	171	0
22	171	38
23	171	0
0	172	18
1	172	7
2	172	3
3	172	3
4	172	3
5	172	8
6	172	14
7	172	18
8	172	33
9	172	32
10	172	34
11	172	33
12	172	38
13	172	41
14	172	42
15	172	41
16	172	43
17	172	42
18	172	51
19	172	48
20	172	64
21	172	65
22	172	48
23	172	21
0	173	13
1	173	9
2	173	7
3	173	5
4	173	3
5	173	6
6	173	15
7	173	22
8	173	20
9	173	32
10	173	34
11	173	24
12	173	40
13	173	31
14	173	28
15	173	27
16	173	33
17	173	37
18	173	48
19	173	58
20	173	65
21	173	52
22	173	40
23	173	30
0	174	31
1	174	15
2	174	8
3	174	0
4	174	0
5	174	0
6	174	18
7	174	18
8	174	11
9	174	38
10	174	47
11	174	28
12	174	38
13	174	15
14	174	25
15	174	22
16	174	25
17	174	25
18	174	56
19	174	85
20	174	78
21	174	80
22	174	70
23	174	53
0	175	18
1	175	6
2	175	3
3	175	6
4	175	4
5	175	6
6	175	12
7	175	32
8	175	29
9	175	38
10	175	28
11	175	27
12	175	28
13	175	39
14	175	36
15	175	38
16	175	34
17	175	44
18	175	52
19	175	56
20	175	60
21	175	56
22	175	50
23	175	21
0	176	13
1	176	6
2	176	5
3	176	5
4	176	5
5	176	8
6	176	16
7	176	24
8	176	33
9	176	34
10	176	33
11	176	33
12	176	31
13	176	32
14	176	30
15	176	31
16	176	39
17	176	42
18	176	49
19	176	56
20	176	67
21	176	65
22	176	50
23	176	30
0	177	35
1	177	0
2	177	15
3	177	0
4	177	0
5	177	0
6	177	35
7	177	41
8	177	0
9	177	28
10	177	8
11	177	8
12	177	41
13	177	22
14	177	15
15	177	35
16	177	41
17	177	59
18	177	65
19	177	65
20	177	53
21	177	90
22	177	65
23	177	86
0	178	0
1	178	0
2	178	0
3	178	0
4	178	0
5	178	0
6	178	0
7	178	0
8	178	64
9	178	112
10	178	148
11	178	0
12	178	0
13	178	0
14	178	64
15	178	112
16	178	0
17	178	112
18	178	64
19	178	0
20	178	0
21	178	0
22	178	64
23	178	0
0	179	23
1	179	12
2	179	0
3	179	0
4	179	0
5	179	33
6	179	43
7	179	62
8	179	62
9	179	53
10	179	23
11	179	23
12	179	33
13	179	0
14	179	12
15	179	62
16	179	62
17	179	53
18	179	102
19	179	33
20	179	71
21	179	109
22	179	62
23	179	23
0	180	15
1	180	3
2	180	8
3	180	3
4	180	3
5	180	6
6	180	10
7	180	22
8	180	20
9	180	20
10	180	27
11	180	31
12	180	6
13	180	25
14	180	36
15	180	29
16	180	49
17	180	36
18	180	27
19	180	53
20	180	53
21	180	63
22	180	68
23	180	36
0	181	16
1	181	7
2	181	9
3	181	2
4	181	2
5	181	1
6	181	11
7	181	23
8	181	20
9	181	29
10	181	26
11	181	24
12	181	33
13	181	27
14	181	29
15	181	25
16	181	28
17	181	35
18	181	32
19	181	42
20	181	48
21	181	43
22	181	44
23	181	24
0	182	11
1	182	6
2	182	4
3	182	7
4	182	10
5	182	15
6	182	29
7	182	25
8	182	34
9	182	39
10	182	35
11	182	44
12	182	43
13	182	37
14	182	31
15	182	30
16	182	37
17	182	44
18	182	44
19	182	50
20	182	71
21	182	72
22	182	47
23	182	31
0	183	15
1	183	2
2	183	4
3	183	0
4	183	2
5	183	13
6	183	4
7	183	15
8	183	28
9	183	25
10	183	22
11	183	24
12	183	39
13	183	29
14	183	35
15	183	22
16	183	28
17	183	37
18	183	43
19	183	46
20	183	39
21	183	50
22	183	41
23	183	10
0	184	11
1	184	7
2	184	3
3	184	3
4	184	1
5	184	3
6	184	11
7	184	15
8	184	19
9	184	30
10	184	26
11	184	33
12	184	21
13	184	31
14	184	24
15	184	30
16	184	32
17	184	35
18	184	35
19	184	44
20	184	44
21	184	43
22	184	36
23	184	23
0	185	15
1	185	8
2	185	3
3	185	4
4	185	3
5	185	6
6	185	14
7	185	17
8	185	29
9	185	28
10	185	27
11	185	26
12	185	30
13	185	27
14	185	26
15	185	28
16	185	33
17	185	39
18	185	41
19	185	44
20	185	52
21	185	57
22	185	42
23	185	26
0	186	0
1	186	0
2	186	0
3	186	0
4	186	0
5	186	0
6	186	0
7	186	58
8	186	137
9	186	0
10	186	0
11	186	0
12	186	58
13	186	0
14	186	58
15	186	0
16	186	58
17	186	103
18	186	137
19	186	58
20	186	164
21	186	0
22	186	0
23	186	58
0	187	13
1	187	6
2	187	4
3	187	3
4	187	6
5	187	5
6	187	13
7	187	22
8	187	19
9	187	36
10	187	35
11	187	27
12	187	26
13	187	25
14	187	29
15	187	33
16	187	40
17	187	33
18	187	35
19	187	40
20	187	46
21	187	42
22	187	34
23	187	28
0	188	8
1	188	0
2	188	0
3	188	3
4	188	3
5	188	0
6	188	5
7	188	5
8	188	32
9	188	21
10	188	23
11	188	28
12	188	32
13	188	40
14	188	32
15	188	30
16	188	40
17	188	12
18	188	25
19	188	44
20	188	30
21	188	32
22	188	38
23	188	12
0	189	8
1	189	12
2	189	3
3	189	3
4	189	10
5	189	10
6	189	10
7	189	32
8	189	43
9	189	36
10	189	36
11	189	43
12	189	45
13	189	36
14	189	24
15	189	32
16	189	47
17	189	48
18	189	56
19	189	50
20	189	65
21	189	69
22	189	26
23	189	17
0	190	11
1	190	4
2	190	0
3	190	0
4	190	4
5	190	11
6	190	14
7	190	24
8	190	31
9	190	31
10	190	37
11	190	31
12	190	28
13	190	46
14	190	54
15	190	52
16	190	21
17	190	52
18	190	31
19	190	52
20	190	78
21	190	40
22	190	40
23	190	24
0	191	15
1	191	9
2	191	12
3	191	0
4	191	0
5	191	0
6	191	6
7	191	25
8	191	25
9	191	17
10	191	28
11	191	33
12	191	28
13	191	31
14	191	12
15	191	15
16	191	20
17	191	31
18	191	41
19	191	38
20	191	68
21	191	31
22	191	38
23	191	20
0	192	5
1	192	5
2	192	5
3	192	0
4	192	0
5	192	0
6	192	0
7	192	0
8	192	26
9	192	45
10	192	22
11	192	9
12	192	22
13	192	66
14	192	48
15	192	18
16	192	37
17	192	37
18	192	69
19	192	41
20	192	96
21	192	45
22	192	37
23	192	22
0	193	17
1	193	0
2	193	0
3	193	0
4	193	0
5	193	17
6	193	0
7	193	46
8	193	9
9	193	39
10	193	24
11	193	32
12	193	32
13	193	46
14	193	66
15	193	0
16	193	39
17	193	32
18	193	24
19	193	78
20	193	84
21	193	32
22	193	60
23	193	32
0	194	7
1	194	0
2	194	10
3	194	10
4	194	7
5	194	10
6	194	10
7	194	23
8	194	43
9	194	54
10	194	23
11	194	29
12	194	35
13	194	32
14	194	43
15	194	54
16	194	43
17	194	46
18	194	32
19	194	26
20	194	49
21	194	69
22	194	43
23	194	49
0	195	14
1	195	7
2	195	5
3	195	7
4	195	12
5	195	10
6	195	17
7	195	35
8	195	37
9	195	18
10	195	34
11	195	35
12	195	47
13	195	35
14	195	23
15	195	39
16	195	31
17	195	43
18	195	54
19	195	49
20	195	56
21	195	58
22	195	38
23	195	33
0	196	12
1	196	2
2	196	0
3	196	0
4	196	4
5	196	7
6	196	18
7	196	35
8	196	55
9	196	42
10	196	46
11	196	20
12	196	32
13	196	40
14	196	40
15	196	23
16	196	41
17	196	49
18	196	42
19	196	79
20	196	59
21	196	68
22	196	58
23	196	16
0	197	18
1	197	0
2	197	0
3	197	5
4	197	0
5	197	0
6	197	5
7	197	18
8	197	22
9	197	18
10	197	22
11	197	9
12	197	9
13	197	26
14	197	14
15	197	14
16	197	52
17	197	22
18	197	14
19	197	63
20	197	26
21	197	18
22	197	22
23	197	18
0	198	7
1	198	7
2	198	5
3	198	2
4	198	3
5	198	6
6	198	15
7	198	20
8	198	24
9	198	26
10	198	26
11	198	24
12	198	26
13	198	28
14	198	28
15	198	31
16	198	40
17	198	37
18	198	47
19	198	48
20	198	54
21	198	57
22	198	34
23	198	20
0	199	19
1	199	6
2	199	7
3	199	2
4	199	2
5	199	2
6	199	6
7	199	27
8	199	24
9	199	29
10	199	18
11	199	19
12	199	33
13	199	26
14	199	36
15	199	14
16	199	27
17	199	39
18	199	57
19	199	41
20	199	41
21	199	36
22	199	39
23	199	22
0	200	12
1	200	6
2	200	4
3	200	0
4	200	2
5	200	0
6	200	24
7	200	12
8	200	21
9	200	32
10	200	33
11	200	30
12	200	32
13	200	32
14	200	37
15	200	36
16	200	36
17	200	30
18	200	43
19	200	62
20	200	74
21	200	68
22	200	34
23	200	19
0	201	11
1	201	6
2	201	3
3	201	11
4	201	0
5	201	11
6	201	6
7	201	21
8	201	33
9	201	38
10	201	19
11	201	25
12	201	27
13	201	21
14	201	31
15	201	38
16	201	21
17	201	29
18	201	48
19	201	38
20	201	48
21	201	41
22	201	41
23	201	32
0	202	35
1	202	0
2	202	0
3	202	8
4	202	0
5	202	0
6	202	41
7	202	0
8	202	65
9	202	15
10	202	22
11	202	15
12	202	35
13	202	22
14	202	76
15	202	22
16	202	48
17	202	41
18	202	41
19	202	70
20	202	59
21	202	48
22	202	65
23	202	29
0	203	4
1	203	12
2	203	8
3	203	12
4	203	0
5	203	0
6	203	19
7	203	32
8	203	32
9	203	39
10	203	22
11	203	19
12	203	22
13	203	29
14	203	29
15	203	36
16	203	12
17	203	22
18	203	36
19	203	22
20	203	54
21	203	69
22	203	51
23	203	12
0	204	20
1	204	11
2	204	11
3	204	5
4	204	8
5	204	6
6	204	12
7	204	15
8	204	10
9	204	24
10	204	33
11	204	35
12	204	34
13	204	23
14	204	25
15	204	22
16	204	41
17	204	36
18	204	32
19	204	50
20	204	55
21	204	58
22	204	32
23	204	31
0	205	10
1	205	10
2	205	5
3	205	5
4	205	0
5	205	18
6	205	5
7	205	10
8	205	10
9	205	35
10	205	18
11	205	23
12	205	14
13	205	43
14	205	27
15	205	54
16	205	43
17	205	35
18	205	23
19	205	39
20	205	68
21	205	50
22	205	46
23	205	27
0	206	18
1	206	8
2	206	4
3	206	3
4	206	5
5	206	10
6	206	33
7	206	44
8	206	27
9	206	29
10	206	27
11	206	30
12	206	39
13	206	18
14	206	26
15	206	40
16	206	40
17	206	41
18	206	51
19	206	65
20	206	68
21	206	70
22	206	52
23	206	32
0	207	9
1	207	11
2	207	6
3	207	2
4	207	1
5	207	13
6	207	19
7	207	28
8	207	39
9	207	28
10	207	25
11	207	26
12	207	36
13	207	23
14	207	45
15	207	45
16	207	45
17	207	48
18	207	34
19	207	43
20	207	64
21	207	55
22	207	34
23	207	27
0	208	10
1	208	9
2	208	5
3	208	4
4	208	4
5	208	6
6	208	11
7	208	23
8	208	31
9	208	33
10	208	28
11	208	31
12	208	31
13	208	23
14	208	33
15	208	27
16	208	30
17	208	37
18	208	51
19	208	51
20	208	55
21	208	56
22	208	40
23	208	19
0	209	7
1	209	7
2	209	7
3	209	0
4	209	13
5	209	13
6	209	25
7	209	31
8	209	19
9	209	25
10	209	13
11	209	13
12	209	13
13	209	19
14	209	25
15	209	13
16	209	25
17	209	25
18	209	25
19	209	37
20	209	58
21	209	43
22	209	7
23	209	7
0	210	12
1	210	7
2	210	9
3	210	2
4	210	2
5	210	4
6	210	33
7	210	18
8	210	28
9	210	35
10	210	29
11	210	24
12	210	35
13	210	18
14	210	27
15	210	33
16	210	45
17	210	46
18	210	40
19	210	61
20	210	64
21	210	64
22	210	47
23	210	28
0	211	24
1	211	8
2	211	8
3	211	0
4	211	0
5	211	8
6	211	11
7	211	11
8	211	11
9	211	46
10	211	28
11	211	60
12	211	18
13	211	40
14	211	21
15	211	37
16	211	28
17	211	28
18	211	49
19	211	11
20	211	49
21	211	52
22	211	40
23	211	28
0	212	37
1	212	10
2	212	0
3	212	0
4	212	0
5	212	5
6	212	29
7	212	33
8	212	15
9	212	46
10	212	15
11	212	20
12	212	20
13	212	29
14	212	20
15	212	24
16	212	29
17	212	10
18	212	20
19	212	24
20	212	50
21	212	69
22	212	29
23	212	24
0	213	12
1	213	12
2	213	6
3	213	3
4	213	3
5	213	12
6	213	23
7	213	22
8	213	15
9	213	24
10	213	21
11	213	19
12	213	33
13	213	26
14	213	26
15	213	28
16	213	36
17	213	44
18	213	55
19	213	60
20	213	60
21	213	47
22	213	38
23	213	20
0	214	12
1	214	8
2	214	6
3	214	4
4	214	5
5	214	5
6	214	12
7	214	21
8	214	30
9	214	27
10	214	26
11	214	30
12	214	28
13	214	25
14	214	28
15	214	33
16	214	35
17	214	38
18	214	44
19	214	50
20	214	49
21	214	53
22	214	45
23	214	25
0	215	24
1	215	0
2	215	0
3	215	0
4	215	0
5	215	0
6	215	16
7	215	24
8	215	45
9	215	16
10	215	31
11	215	31
12	215	16
13	215	16
14	215	8
15	215	24
16	215	38
17	215	51
18	215	38
19	215	24
20	215	70
21	215	51
22	215	45
23	215	0
0	216	13
1	216	4
2	216	8
3	216	8
4	216	2
5	216	10
6	216	29
7	216	12
8	216	39
9	216	27
10	216	12
11	216	28
12	216	25
13	216	31
14	216	20
15	216	25
16	216	30
17	216	25
18	216	30
19	216	31
20	216	55
21	216	57
22	216	48
23	216	19
0	217	11
1	217	12
2	217	3
3	217	4
4	217	2
5	217	3
6	217	14
7	217	22
8	217	21
9	217	20
10	217	22
11	217	17
12	217	17
13	217	22
14	217	36
15	217	37
16	217	36
17	217	33
18	217	30
19	217	33
20	217	52
21	217	66
22	217	38
23	217	28
0	218	26
1	218	0
2	218	8
3	218	12
4	218	0
5	218	0
6	218	4
7	218	26
8	218	49
9	218	36
10	218	43
11	218	29
12	218	15
13	218	19
14	218	12
15	218	39
16	218	15
17	218	49
18	218	46
19	218	39
20	218	15
21	218	15
22	218	61
23	218	23
0	219	0
1	219	0
2	219	0
3	219	0
4	219	0
5	219	40
6	219	74
7	219	40
8	219	40
9	219	40
10	219	40
11	219	40
12	219	0
13	219	74
14	219	0
15	219	40
16	219	40
17	219	40
18	219	40
19	219	74
20	219	74
21	219	0
22	219	0
23	219	0
0	220	16
1	220	4
2	220	0
3	220	7
4	220	4
5	220	10
6	220	4
7	220	28
8	220	19
9	220	36
10	220	25
11	220	22
12	220	31
13	220	44
14	220	10
15	220	13
16	220	36
17	220	36
18	220	36
19	220	44
20	220	60
21	220	64
22	220	42
23	220	25
0	221	0
1	221	13
2	221	0
3	221	18
4	221	0
5	221	0
6	221	7
7	221	7
8	221	30
9	221	40
10	221	18
11	221	7
12	221	45
13	221	35
14	221	40
15	221	50
16	221	18
17	221	35
18	221	24
19	221	69
20	221	65
21	221	35
22	221	45
23	221	55
0	222	7
1	222	3
2	222	1
3	222	3
4	222	2
5	222	3
6	222	12
7	222	12
8	222	25
9	222	25
10	222	20
11	222	23
12	222	29
13	222	20
14	222	18
15	222	23
16	222	16
17	222	28
18	222	31
19	222	39
20	222	48
21	222	42
22	222	38
23	222	21
0	223	7
1	223	3
2	223	4
3	223	4
4	223	5
5	223	8
6	223	18
7	223	30
8	223	36
9	223	34
10	223	32
11	223	36
12	223	27
13	223	35
14	223	29
15	223	31
16	223	37
17	223	44
18	223	49
19	223	58
20	223	63
21	223	61
22	223	44
23	223	23
0	224	18
1	224	4
2	224	1
3	224	4
4	224	1
5	224	3
6	224	13
7	224	26
8	224	25
9	224	30
10	224	23
11	224	25
12	224	30
13	224	30
14	224	22
15	224	30
16	224	39
17	224	37
18	224	61
19	224	64
20	224	53
21	224	44
22	224	33
23	224	23
0	225	17
1	225	5
2	225	4
3	225	0
4	225	2
5	225	7
6	225	9
7	225	13
8	225	26
9	225	20
10	225	26
11	225	29
12	225	24
13	225	13
14	225	27
15	225	32
16	225	30
17	225	64
18	225	61
19	225	61
20	225	72
21	225	52
22	225	51
23	225	41
0	226	0
1	226	4
2	226	0
3	226	4
4	226	4
5	226	4
6	226	56
7	226	11
8	226	25
9	226	41
10	226	31
11	226	21
12	226	4
13	226	18
14	226	25
15	226	28
16	226	34
17	226	38
18	226	34
19	226	56
20	226	80
21	226	31
22	226	18
23	226	18
0	227	15
1	227	15
2	227	0
3	227	0
4	227	4
5	227	15
6	227	4
7	227	28
8	227	18
9	227	15
10	227	38
11	227	38
12	227	35
13	227	25
14	227	11
15	227	47
16	227	28
17	227	62
18	227	44
19	227	35
20	227	59
21	227	38
22	227	35
23	227	22
0	228	19
1	228	14
2	228	6
3	228	0
4	228	0
5	228	7
6	228	11
7	228	17
8	228	26
9	228	27
10	228	33
11	228	31
12	228	40
13	228	36
14	228	30
15	228	34
16	228	36
17	228	36
18	228	41
19	228	57
20	228	64
21	228	57
22	228	31
23	228	16
0	229	16
1	229	0
2	229	0
3	229	3
4	229	0
5	229	0
6	229	16
7	229	16
8	229	25
9	229	32
10	229	30
11	229	30
12	229	32
13	229	25
14	229	13
15	229	18
16	229	18
17	229	30
18	229	52
19	229	30
20	229	91
21	229	62
22	229	32
23	229	16
0	230	12
1	230	6
2	230	4
3	230	4
4	230	2
5	230	8
6	230	14
7	230	25
8	230	27
9	230	23
10	230	26
11	230	31
12	230	33
13	230	27
14	230	22
15	230	30
16	230	33
17	230	40
18	230	45
19	230	50
20	230	58
21	230	62
22	230	35
23	230	20
0	231	12
1	231	9
2	231	5
3	231	5
4	231	4
5	231	6
6	231	11
7	231	17
8	231	26
9	231	31
10	231	30
11	231	32
12	231	32
13	231	32
14	231	30
15	231	33
16	231	33
17	231	36
18	231	39
19	231	42
20	231	49
21	231	50
22	231	42
23	231	26
0	232	28
1	232	7
2	232	2
3	232	22
4	232	4
5	232	7
6	232	2
7	232	21
8	232	22
9	232	37
10	232	28
11	232	45
12	232	34
13	232	38
14	232	30
15	232	38
16	232	40
17	232	34
18	232	45
19	232	40
20	232	60
21	232	48
22	232	44
23	232	45
0	233	0
1	233	0
2	233	0
3	233	0
4	233	0
5	233	0
6	233	0
7	233	0
8	233	123
9	233	123
10	233	0
11	233	160
12	233	0
13	233	0
14	233	0
15	233	0
16	233	0
17	233	0
18	233	0
19	233	72
20	233	0
21	233	0
22	233	72
23	233	72
0	234	29
1	234	6
2	234	0
3	234	0
4	234	0
5	234	0
6	234	18
7	234	29
8	234	12
9	234	40
10	234	24
11	234	45
12	234	50
13	234	50
14	234	34
15	234	12
16	234	6
17	234	0
18	234	45
19	234	45
20	234	45
21	234	64
22	234	29
23	234	29
0	235	22
1	235	4
2	235	7
3	235	8
4	235	6
5	235	12
6	235	34
7	235	37
8	235	33
9	235	36
10	235	30
11	235	27
12	235	27
13	235	25
14	235	25
15	235	40
16	235	33
17	235	39
18	235	50
19	235	65
20	235	56
21	235	64
22	235	42
23	235	22
0	236	19
1	236	6
2	236	6
3	236	5
4	236	5
5	236	12
6	236	13
7	236	25
8	236	28
9	236	28
10	236	31
11	236	31
12	236	38
13	236	38
14	236	36
15	236	36
16	236	39
17	236	40
18	236	39
19	236	53
20	236	56
21	236	64
22	236	47
23	236	28
0	237	35
1	237	0
2	237	0
3	237	0
4	237	0
5	237	0
6	237	0
7	237	0
8	237	0
9	237	64
10	237	35
11	237	0
12	237	64
13	237	0
14	237	0
15	237	0
16	237	0
17	237	90
18	237	35
19	237	64
20	237	112
21	237	35
22	237	64
23	237	64
0	238	12
1	238	6
2	238	9
3	238	1
4	238	6
5	238	11
6	238	27
7	238	36
8	238	44
9	238	34
10	238	23
11	238	40
12	238	19
13	238	26
14	238	37
15	238	27
16	238	44
17	238	40
18	238	51
19	238	53
20	238	61
21	238	66
22	238	49
23	238	28
0	239	0
1	239	0
2	239	0
3	239	0
4	239	0
5	239	0
6	239	0
7	239	0
8	239	30
9	239	0
10	239	0
11	239	0
12	239	0
13	239	0
14	239	0
15	239	0
16	239	0
17	239	0
18	239	55
19	239	30
20	239	116
21	239	55
22	239	0
23	239	0
0	240	8
1	240	10
2	240	10
3	240	3
4	240	0
5	240	0
6	240	8
7	240	8
8	240	32
9	240	29
10	240	46
11	240	44
12	240	38
13	240	61
14	240	32
15	240	38
16	240	36
17	240	50
18	240	53
19	240	55
20	240	46
21	240	46
22	240	48
23	240	21
0	241	18
1	241	5
2	241	5
3	241	5
4	241	6
5	241	10
6	241	17
7	241	25
8	241	34
9	241	37
10	241	32
11	241	31
12	241	22
13	241	30
14	241	34
15	241	30
16	241	38
17	241	42
18	241	48
19	241	53
20	241	55
21	241	54
22	241	43
23	241	25
0	242	6
1	242	5
2	242	1
3	242	5
4	242	4
5	242	6
6	242	10
7	242	27
8	242	32
9	242	33
10	242	33
11	242	31
12	242	32
13	242	33
14	242	33
15	242	31
16	242	37
17	242	40
18	242	49
19	242	49
20	242	55
21	242	60
22	242	49
23	242	22
0	243	10
1	243	3
2	243	5
3	243	12
4	243	3
5	243	3
6	243	17
7	243	27
8	243	45
9	243	29
10	243	48
11	243	29
12	243	44
13	243	23
14	243	21
15	243	49
16	243	38
17	243	29
18	243	50
19	243	44
20	243	45
21	243	60
22	243	58
23	243	16
0	244	20
1	244	20
2	244	15
3	244	0
4	244	5
5	244	5
6	244	33
7	244	29
8	244	15
9	244	58
10	244	33
11	244	42
12	244	42
13	244	38
14	244	29
15	244	38
16	244	42
17	244	38
18	244	33
19	244	42
20	244	50
21	244	33
22	244	54
23	244	24
0	245	8
1	245	6
2	245	0
3	245	6
4	245	3
5	245	14
6	245	14
7	245	21
8	245	19
9	245	36
10	245	19
11	245	26
12	245	31
13	245	26
14	245	19
15	245	36
16	245	31
17	245	26
18	245	31
19	245	45
20	245	64
21	245	70
22	245	31
23	245	24
0	246	11
1	246	8
2	246	3
3	246	6
4	246	6
5	246	8
6	246	17
7	246	19
8	246	24
9	246	29
10	246	31
11	246	27
12	246	23
13	246	27
14	246	30
15	246	27
16	246	25
17	246	42
18	246	43
19	246	42
20	246	51
21	246	58
22	246	39
23	246	22
0	247	14
1	247	6
2	247	6
3	247	1
4	247	5
5	247	11
6	247	21
7	247	16
8	247	22
9	247	23
10	247	19
11	247	26
12	247	30
13	247	20
14	247	21
15	247	29
16	247	25
17	247	32
18	247	34
19	247	52
20	247	65
21	247	64
22	247	46
23	247	26
0	248	17
1	248	8
2	248	4
3	248	4
4	248	5
5	248	10
6	248	18
7	248	28
8	248	34
9	248	31
10	248	32
11	248	30
12	248	38
13	248	26
14	248	30
15	248	30
16	248	44
17	248	42
18	248	49
19	248	60
20	248	61
21	248	64
22	248	53
23	248	28
0	249	12
1	249	9
2	249	2
3	249	3
4	249	1
5	249	8
6	249	19
7	249	23
8	249	28
9	249	27
10	249	25
11	249	35
12	249	35
13	249	23
14	249	29
15	249	28
16	249	30
17	249	34
18	249	46
19	249	50
20	249	57
21	249	54
22	249	43
23	249	30
0	250	14
1	250	7
2	250	6
3	250	4
4	250	4
5	250	4
6	250	12
7	250	19
8	250	23
9	250	24
10	250	24
11	250	21
12	250	26
13	250	24
14	250	28
15	250	34
16	250	33
17	250	39
18	250	40
19	250	42
20	250	53
21	250	49
22	250	39
23	250	25
0	251	0
1	251	0
2	251	0
3	251	0
4	251	0
5	251	0
6	251	0
7	251	0
8	251	0
9	251	70
10	251	0
11	251	38
12	251	0
13	251	120
14	251	38
15	251	0
16	251	0
17	251	70
18	251	0
19	251	38
20	251	38
21	251	38
22	251	140
23	251	38
0	252	0
1	252	0
2	252	0
3	252	0
4	252	0
5	252	0
6	252	0
7	252	0
8	252	0
9	252	88
10	252	0
11	252	0
12	252	0
13	252	0
14	252	0
15	252	0
16	252	0
17	252	0
18	252	0
19	252	88
20	252	0
21	252	88
22	252	0
23	252	0
0	253	21
1	253	5
2	253	0
3	253	0
4	253	13
5	253	5
6	253	28
7	253	43
8	253	39
9	253	28
10	253	17
11	253	21
12	253	32
13	253	9
14	253	32
15	253	36
16	253	95
17	253	60
18	253	50
19	253	56
20	253	56
21	253	50
22	253	32
23	253	21
0	254	10
1	254	19
2	254	12
3	254	8
4	254	2
5	254	13
6	254	13
7	254	22
8	254	27
9	254	17
10	254	15
11	254	26
12	254	53
13	254	48
14	254	36
15	254	41
16	254	26
17	254	37
18	254	69
19	254	74
20	254	73
21	254	59
22	254	50
23	254	21
0	255	12
1	255	7
2	255	4
3	255	3
4	255	3
5	255	8
6	255	14
7	255	23
8	255	30
9	255	34
10	255	32
11	255	31
12	255	37
13	255	30
14	255	31
15	255	35
16	255	41
17	255	41
18	255	45
19	255	53
20	255	58
21	255	55
22	255	40
23	255	24
0	256	8
1	256	4
2	256	4
3	256	2
4	256	0
5	256	0
6	256	16
7	256	5
8	256	29
9	256	38
10	256	32
11	256	20
12	256	42
13	256	37
14	256	44
15	256	47
16	256	33
17	256	62
18	256	53
19	256	47
20	256	36
21	256	55
22	256	29
23	256	23
0	257	0
1	257	22
2	257	4
3	257	0
4	257	0
5	257	54
6	257	19
7	257	15
8	257	8
9	257	19
10	257	26
11	257	35
12	257	22
13	257	19
14	257	22
15	257	26
16	257	19
17	257	26
18	257	48
19	257	68
20	257	57
21	257	63
22	257	32
23	257	19
0	258	13
1	258	11
2	258	5
3	258	4
4	258	4
5	258	5
6	258	16
7	258	26
8	258	40
9	258	31
10	258	40
11	258	29
12	258	31
13	258	36
14	258	33
15	258	44
16	258	38
17	258	41
18	258	49
19	258	53
20	258	50
21	258	60
22	258	45
23	258	20
0	259	11
1	259	11
2	259	9
3	259	7
4	259	3
5	259	7
6	259	9
7	259	16
8	259	26
9	259	34
10	259	56
11	259	56
12	259	22
13	259	30
14	259	41
15	259	36
16	259	24
17	259	32
18	259	52
19	259	36
20	259	51
21	259	49
22	259	34
23	259	24
0	260	14
1	260	0
2	260	14
3	260	0
4	260	0
5	260	0
6	260	0
7	260	0
8	260	26
9	260	0
10	260	14
11	260	0
12	260	70
13	260	14
14	260	0
15	260	0
16	260	49
17	260	14
18	260	105
19	260	127
20	260	97
21	260	152
22	260	89
23	260	38
0	261	6
1	261	0
2	261	0
3	261	6
4	261	0
5	261	11
6	261	6
7	261	11
8	261	11
9	261	11
10	261	16
11	261	25
12	261	16
13	261	48
14	261	21
15	261	39
16	261	16
17	261	39
18	261	56
19	261	60
20	261	11
21	261	25
22	261	48
23	261	30
0	262	11
1	262	6
2	262	4
3	262	4
4	262	4
5	262	7
6	262	14
7	262	21
8	262	26
9	262	29
10	262	29
11	262	29
12	262	30
13	262	27
14	262	28
15	262	30
16	262	32
17	262	35
18	262	38
19	262	42
20	262	46
21	262	44
22	262	34
23	262	21
0	263	12
1	263	6
2	263	4
3	263	6
4	263	4
5	263	12
6	263	25
7	263	34
8	263	29
9	263	31
10	263	24
11	263	32
12	263	30
13	263	26
14	263	35
15	263	29
16	263	31
17	263	39
18	263	51
19	263	50
20	263	48
21	263	57
22	263	42
23	263	26
0	264	4
1	264	0
2	264	0
3	264	0
4	264	0
5	264	0
6	264	14
7	264	28
8	264	28
9	264	40
10	264	52
11	264	55
12	264	34
13	264	37
14	264	46
15	264	34
16	264	31
17	264	28
18	264	57
19	264	40
20	264	55
21	264	57
22	264	81
23	264	21
0	265	13
1	265	13
2	265	7
3	265	2
4	265	1
5	265	4
6	265	16
7	265	15
8	265	30
9	265	29
10	265	34
11	265	18
12	265	39
13	265	40
14	265	29
15	265	32
16	265	30
17	265	33
18	265	32
19	265	52
20	265	42
21	265	50
22	265	45
23	265	15
0	266	8
1	266	7
2	266	5
3	266	4
4	266	5
5	266	4
6	266	17
7	266	27
8	266	29
9	266	30
10	266	28
11	266	25
12	266	33
13	266	32
14	266	35
15	266	35
16	266	37
17	266	37
18	266	41
19	266	46
20	266	49
21	266	52
22	266	42
23	266	25
0	267	17
1	267	6
2	267	0
3	267	0
4	267	6
5	267	12
6	267	12
7	267	6
8	267	33
9	267	22
10	267	47
11	267	27
12	267	33
13	267	17
14	267	33
15	267	33
16	267	33
17	267	42
18	267	37
19	267	52
20	267	52
21	267	37
22	267	65
23	267	17
0	268	11
1	268	7
2	268	3
3	268	0
4	268	5
5	268	11
6	268	22
7	268	27
8	268	30
9	268	33
10	268	26
11	268	31
12	268	31
13	268	30
14	268	27
15	268	30
16	268	37
17	268	37
18	268	53
19	268	47
20	268	49
21	268	71
22	268	51
23	268	23
0	269	13
1	269	6
2	269	5
3	269	4
4	269	4
5	269	6
6	269	13
7	269	22
8	269	29
9	269	30
10	269	30
11	269	29
12	269	31
13	269	29
14	269	28
15	269	33
16	269	35
17	269	39
18	269	43
19	269	47
20	269	54
21	269	53
22	269	43
23	269	27
0	270	3
1	270	3
2	270	0
3	270	3
4	270	3
5	270	6
6	270	0
7	270	43
8	270	36
9	270	28
10	270	23
11	270	20
12	270	46
13	270	18
14	270	36
15	270	36
16	270	20
17	270	41
18	270	38
19	270	41
20	270	58
21	270	60
22	270	46
23	270	31
0	271	17
1	271	6
2	271	22
3	271	6
4	271	0
5	271	0
6	271	0
7	271	27
8	271	0
9	271	6
10	271	17
11	271	17
12	271	37
13	271	11
14	271	27
15	271	72
16	271	37
17	271	37
18	271	42
19	271	32
20	271	76
21	271	42
22	271	32
23	271	22
0	272	16
1	272	5
2	272	4
3	272	5
4	272	4
5	272	10
6	272	20
7	272	21
8	272	20
9	272	36
10	272	19
11	272	32
12	272	27
13	272	35
14	272	23
15	272	23
16	272	24
17	272	42
18	272	50
19	272	57
20	272	58
21	272	67
22	272	37
23	272	23
0	273	0
1	273	0
2	273	0
3	273	7
4	273	0
5	273	13
6	273	30
7	273	30
8	273	7
9	273	30
10	273	0
11	273	0
12	273	30
13	273	36
14	273	51
15	273	19
16	273	51
17	273	36
18	273	19
19	273	46
20	273	51
21	273	41
22	273	71
23	273	30
0	274	15
1	274	7
2	274	7
3	274	2
4	274	5
5	274	10
6	274	14
7	274	32
8	274	32
9	274	36
10	274	33
11	274	28
12	274	30
13	274	31
14	274	29
15	274	31
16	274	43
17	274	38
18	274	46
19	274	57
20	274	66
21	274	71
22	274	46
23	274	27
0	275	0
1	275	0
2	275	0
3	275	0
4	275	0
5	275	0
6	275	0
7	275	0
8	275	0
9	275	239
10	275	0
11	275	0
12	275	0
13	275	0
14	275	0
15	275	0
16	275	0
17	275	0
18	275	0
19	275	0
20	275	0
21	275	215
22	275	0
23	275	0
0	276	0
1	276	22
2	276	22
3	276	42
4	276	22
5	276	42
6	276	0
7	276	0
8	276	8
9	276	22
10	276	48
11	276	15
12	276	15
13	276	29
14	276	22
15	276	60
16	276	22
17	276	29
18	276	35
19	276	35
20	276	42
21	276	65
22	276	126
23	276	48
