Counts for Samsung(12) in Singapore(39):
Hour	Location Index	Count
0	0	0
1	0	29
2	0	15
3	0	0
4	0	15
5	0	15
6	0	0
7	0	0
8	0	29
9	0	0
10	0	0
11	0	15
12	0	0
13	0	42
14	0	15
15	0	29
16	0	29
17	0	0
18	0	0
19	0	0
20	0	0
21	0	0
22	0	0
23	0	15
0	1	18
1	1	25
2	1	15
3	1	13
4	1	18
5	1	16
6	1	20
7	1	24
8	1	16
9	1	18
10	1	15
11	1	34
12	1	34
13	1	45
14	1	44
15	1	45
16	1	44
17	1	31
18	1	7
19	1	7
20	1	1
21	1	2
22	1	13
23	1	9
0	2	0
1	2	68
2	2	0
3	2	0
4	2	0
5	2	0
6	2	0
7	2	0
8	2	0
9	2	68
10	2	0
11	2	0
12	2	0
13	2	0
14	2	0
15	2	0
16	2	0
17	2	0
18	2	0
19	2	0
20	2	0
21	2	0
22	2	0
23	2	68
0	3	5
1	3	9
2	3	13
3	3	9
4	3	20
5	3	16
6	3	13
7	3	24
8	3	20
9	3	16
10	3	20
11	3	13
12	3	0
13	3	28
14	3	9
15	3	9
16	3	24
17	3	13
18	3	20
19	3	5
20	3	5
21	3	0
22	3	9
23	3	9
0	4	7
1	4	15
2	4	22
3	4	22
4	4	17
5	4	13
6	4	15
7	4	11
8	4	23
9	4	12
10	4	4
11	4	15
12	4	15
13	4	28
14	4	32
15	4	36
16	4	35
17	4	10
18	4	4
19	4	10
20	4	3
21	4	4
22	4	17
23	4	3
0	5	0
1	5	17
2	5	6
3	5	22
4	5	17
5	5	11
6	5	11
7	5	32
8	5	22
9	5	17
10	5	17
11	5	6
12	5	17
13	5	0
14	5	22
15	5	6
16	5	17
17	5	17
18	5	6
19	5	0
20	5	0
21	5	0
22	5	22
23	5	0
0	6	43
1	6	67
2	6	30
3	6	30
4	6	15
5	6	0
6	6	0
7	6	15
8	6	30
9	6	0
10	6	43
11	6	43
12	6	43
13	6	55
14	6	43
15	6	55
16	6	55
17	6	0
18	6	0
19	6	0
20	6	15
21	6	30
22	6	15
23	6	43
0	7	8
1	7	10
2	7	18
3	7	15
4	7	8
5	7	13
6	7	0
7	7	13
8	7	18
9	7	18
10	7	6
11	7	18
12	7	27
13	7	27
14	7	44
15	7	50
16	7	13
17	7	10
18	7	6
19	7	8
20	7	0
21	7	3
22	7	10
23	7	0
0	8	10
1	8	10
2	8	10
3	8	41
4	8	12
5	8	12
6	8	10
7	8	12
8	8	19
9	8	12
10	8	24
11	8	30
12	8	45
13	8	39
14	8	32
15	8	67
16	8	28
17	8	19
18	8	3
19	8	10
20	8	8
21	8	5
22	8	0
23	8	15
0	9	6
1	9	27
2	9	22
3	9	48
4	9	19
5	9	19
6	9	3
7	9	24
8	9	24
9	9	14
10	9	19
11	9	17
12	9	19
13	9	11
14	9	34
15	9	27
16	9	3
17	9	32
18	9	9
19	9	19
20	9	6
21	9	11
22	9	3
23	9	3
0	10	86
1	10	0
2	10	0
3	10	0
4	10	0
5	10	0
6	10	33
7	10	33
8	10	0
9	10	0
10	10	0
11	10	0
12	10	0
13	10	0
14	10	0
15	10	0
16	10	0
17	10	0
18	10	0
19	10	0
20	10	0
21	10	0
22	10	0
23	10	0
0	11	7
1	11	7
2	11	25
3	11	7
4	11	25
5	11	25
6	11	0
7	11	0
8	11	19
9	11	13
10	11	31
11	11	7
12	11	53
13	11	81
14	11	13
15	11	31
16	11	19
17	11	31
18	11	0
19	11	0
20	11	0
21	11	0
22	11	7
23	11	13
0	12	0
1	12	0
2	12	0
3	12	0
4	12	0
5	12	0
6	12	0
7	12	0
8	12	98
9	12	55
10	12	0
11	12	0
12	12	0
13	12	0
14	12	0
15	12	0
16	12	0
17	12	0
18	12	0
19	12	0
20	12	0
21	12	0
22	12	0
23	12	0
0	13	0
1	13	0
2	13	0
3	13	0
4	13	0
5	13	0
6	13	0
7	13	0
8	13	0
9	13	0
10	13	0
11	13	0
12	13	0
13	13	0
14	13	0
15	13	0
16	13	0
17	13	0
18	13	0
19	13	0
20	13	0
21	13	0
22	13	0
23	13	0
0	14	25
1	14	13
2	14	25
3	14	28
4	14	30
5	14	19
6	14	25
7	14	19
8	14	22
9	14	28
10	14	7
11	14	10
12	14	19
13	14	30
14	14	10
15	14	22
16	14	13
17	14	10
18	14	0
19	14	7
20	14	13
21	14	0
22	14	0
23	14	19
0	15	20
1	15	16
2	15	12
3	15	16
4	15	15
5	15	18
6	15	18
7	15	15
8	15	20
9	15	16
10	15	18
11	15	28
12	15	26
13	15	42
14	15	32
15	15	30
16	15	23
17	15	16
18	15	13
19	15	2
20	15	7
21	15	5
22	15	7
23	15	10
0	16	0
1	16	0
2	16	0
3	16	0
4	16	15
5	16	29
6	16	29
7	16	15
8	16	15
9	16	29
10	16	0
11	16	15
12	16	0
13	16	29
14	16	0
15	16	42
16	16	0
17	16	0
18	16	0
19	16	0
20	16	0
21	16	77
22	16	0
23	16	29
0	17	0
1	17	0
2	17	0
3	17	0
4	17	0
5	17	0
6	17	137
7	17	0
8	17	0
9	17	0
10	17	0
11	17	0
12	17	0
13	17	0
14	17	0
15	17	0
16	17	0
17	17	0
18	17	0
19	17	0
20	17	0
21	17	0
22	17	0
23	17	0
0	18	0
1	18	0
2	18	107
3	18	0
4	18	0
5	18	61
6	18	61
7	18	61
8	18	61
9	18	107
10	18	61
11	18	61
12	18	61
13	18	169
14	18	61
15	18	0
16	18	0
17	18	0
18	18	0
19	18	0
20	18	0
21	18	0
22	18	0
23	18	0
0	19	3
1	19	4
2	19	4
3	19	4
4	19	4
5	19	4
6	19	4
7	19	4
8	19	4
9	19	4
10	19	4
11	19	5
12	19	5
13	19	6
14	19	6
15	19	6
16	19	4
17	19	3
18	19	2
19	19	1
20	19	1
21	19	1
22	19	2
23	19	2
0	20	14
1	20	21
2	20	29
3	20	27
4	20	7
5	20	29
6	20	16
7	20	10
8	20	21
9	20	25
10	20	14
11	20	27
12	20	62
13	20	47
14	20	54
15	20	51
16	20	21
17	20	5
18	20	12
19	20	7
20	20	12
21	20	7
22	20	7
23	20	21
0	21	0
1	21	0
2	21	43
3	21	0
4	21	0
5	21	109
6	21	0
7	21	0
8	21	0
9	21	43
10	21	0
11	21	0
12	21	0
13	21	0
14	21	0
15	21	43
16	21	0
17	21	0
18	21	0
19	21	0
20	21	0
21	21	0
22	21	0
23	21	0
0	22	10
1	22	20
2	22	24
3	22	13
4	22	15
5	22	11
6	22	24
7	22	16
8	22	23
9	22	17
10	22	13
11	22	28
12	22	19
13	22	27
14	22	32
15	22	21
16	22	28
17	22	11
18	22	13
19	22	4
20	22	5
21	22	2
22	22	6
23	22	13
0	23	4
1	23	9
2	23	6
3	23	20
4	23	13
5	23	9
6	23	13
7	23	8
8	23	4
9	23	13
10	23	20
11	23	21
12	23	18
13	23	25
14	23	15
15	23	9
16	23	21
17	23	18
18	23	6
19	23	0
20	23	2
21	23	4
22	23	4
23	23	13
0	24	10
1	24	12
2	24	31
3	24	8
4	24	10
5	24	6
6	24	8
7	24	26
8	24	15
9	24	26
10	24	15
11	24	13
12	24	22
13	24	13
14	24	24
15	24	42
16	24	15
17	24	2
18	24	0
19	24	2
20	24	2
21	24	4
22	24	8
23	24	4
0	25	25
1	25	21
2	25	8
3	25	5
4	25	12
5	25	12
6	25	5
7	25	19
8	25	14
9	25	17
10	25	12
11	25	19
12	25	42
13	25	25
14	25	40
15	25	32
16	25	30
17	25	3
18	25	5
19	25	0
20	25	0
21	25	0
22	25	21
23	25	25
0	26	15
1	26	19
2	26	25
3	26	24
4	26	30
5	26	22
6	26	26
7	26	22
8	26	22
9	26	21
10	26	25
11	26	28
12	26	38
13	26	38
14	26	32
15	26	36
16	26	28
17	26	17
18	26	12
19	26	9
20	26	7
21	26	7
22	26	14
23	26	28
0	27	4
1	27	8
2	27	20
3	27	0
4	27	4
5	27	12
6	27	16
7	27	12
8	27	12
9	27	12
10	27	12
11	27	41
12	27	27
13	27	54
14	27	41
15	27	37
16	27	34
17	27	20
18	27	20
19	27	0
20	27	0
21	27	0
22	27	8
23	27	12
0	28	16
1	28	30
2	28	16
3	28	12
4	28	0
5	28	23
6	28	37
7	28	4
8	28	12
9	28	12
10	28	0
11	28	19
12	28	12
13	28	16
14	28	40
15	28	12
16	28	4
17	28	12
18	28	0
19	28	0
20	28	0
21	28	0
22	28	0
23	28	4
0	29	18
1	29	18
2	29	19
3	29	19
4	29	21
5	29	21
6	29	20
7	29	20
8	29	21
9	29	23
10	29	25
11	29	25
12	29	25
13	29	26
14	29	26
15	29	23
16	29	17
17	29	11
18	29	7
19	29	5
20	29	4
21	29	4
22	29	9
23	29	15
0	30	12
1	30	33
2	30	0
3	30	0
4	30	12
5	30	0
6	30	12
7	30	22
8	30	0
9	30	0
10	30	0
11	30	0
12	30	0
13	30	22
14	30	33
15	30	12
16	30	12
17	30	12
18	30	0
19	30	0
20	30	0
21	30	0
22	30	0
23	30	12
0	31	26
1	31	26
2	31	48
3	31	18
4	31	26
5	31	26
6	31	0
7	31	9
8	31	26
9	31	0
10	31	48
11	31	9
12	31	9
13	31	48
14	31	0
15	31	18
16	31	48
17	31	9
18	31	9
19	31	9
20	31	18
21	31	18
22	31	0
23	31	33
0	32	12
1	32	12
2	32	9
3	32	15
4	32	21
5	32	15
6	32	19
7	32	16
8	32	23
9	32	16
10	32	16
11	32	25
12	32	42
13	32	29
14	32	39
15	32	19
16	32	18
17	32	9
18	32	9
19	32	9
20	32	6
21	32	3
22	32	6
23	32	16
0	33	14
1	33	6
2	33	3
3	33	11
4	33	0
5	33	19
6	33	6
7	33	14
8	33	22
9	33	6
10	33	0
11	33	9
12	33	6
13	33	11
14	33	11
15	33	11
16	33	6
17	33	3
18	33	3
19	33	3
20	33	0
21	33	6
22	33	3
23	33	0
0	34	15
1	34	8
2	34	4
3	34	22
4	34	29
5	34	22
6	34	4
7	34	15
8	34	12
9	34	4
10	34	4
11	34	12
12	34	22
13	34	29
14	34	67
15	34	0
16	34	8
17	34	0
18	34	8
19	34	4
20	34	15
21	34	8
22	34	15
23	34	39
0	35	0
1	35	0
2	35	0
3	35	0
4	35	0
5	35	0
6	35	0
7	35	0
8	35	0
9	35	0
10	35	0
11	35	0
12	35	0
13	35	0
14	35	0
15	35	0
16	35	0
17	35	0
18	35	0
19	35	0
20	35	0
21	35	0
22	35	0
23	35	0
