Counts for Apple(2) in Singapore(39):
Hour	Location Index	Count
0	0	0
1	0	15
2	0	29
3	0	0
4	0	0
5	0	42
6	0	29
7	0	0
8	0	29
9	0	29
10	0	29
11	0	66
12	0	87
13	0	77
14	0	87
15	0	77
16	0	96
17	0	15
18	0	29
19	0	0
20	0	0
21	0	0
22	0	0
23	0	29
0	1	16
1	1	24
2	1	30
3	1	18
4	1	18
5	1	21
6	1	26
7	1	27
8	1	20
9	1	25
10	1	29
11	1	27
12	1	31
13	1	44
14	1	40
15	1	44
16	1	22
17	1	16
18	1	13
19	1	4
20	1	3
21	1	4
22	1	10
23	1	12
0	2	0
1	2	0
2	2	0
3	2	118
4	2	0
5	2	0
6	2	0
7	2	68
8	2	68
9	2	68
10	2	68
11	2	0
12	2	0
13	2	0
14	2	68
15	2	0
16	2	0
17	2	0
18	2	0
19	2	0
20	2	0
21	2	0
22	2	0
23	2	0
0	3	9
1	3	31
2	3	28
3	3	16
4	3	16
5	3	49
6	3	24
7	3	49
8	3	55
9	3	24
10	3	38
11	3	35
12	3	31
13	3	52
14	3	55
15	3	55
16	3	52
17	3	20
18	3	9
19	3	9
20	3	9
21	3	5
22	3	16
23	3	5
0	4	16
1	4	21
2	4	28
3	4	29
4	4	22
5	4	15
6	4	19
7	4	27
8	4	19
9	4	34
10	4	30
11	4	38
12	4	38
13	4	43
14	4	49
15	4	31
16	4	29
17	4	17
18	4	10
19	4	10
20	4	8
21	4	10
22	4	8
23	4	7
0	5	32
1	5	27
2	5	22
3	5	37
4	5	22
5	5	42
6	5	17
7	5	27
8	5	11
9	5	6
10	5	22
11	5	17
12	5	55
13	5	55
14	5	76
15	5	98
16	5	42
17	5	42
18	5	22
19	5	11
20	5	0
21	5	6
22	5	6
23	5	17
0	6	30
1	6	0
2	6	15
3	6	0
4	6	15
5	6	30
6	6	0
7	6	30
8	6	15
9	6	15
10	6	15
11	6	0
12	6	30
13	6	15
14	6	15
15	6	43
16	6	55
17	6	15
18	6	0
19	6	0
20	6	0
21	6	0
22	6	30
23	6	0
0	7	20
1	7	20
2	7	18
3	7	38
4	7	29
5	7	38
6	7	29
7	7	22
8	7	20
9	7	48
10	7	44
11	7	42
12	7	42
13	7	56
14	7	44
15	7	56
16	7	44
17	7	29
18	7	6
19	7	6
20	7	18
21	7	20
22	7	10
23	7	22
0	8	12
1	8	10
2	8	26
3	8	30
4	8	15
5	8	28
6	8	17
7	8	17
8	8	26
9	8	34
10	8	24
11	8	43
12	8	34
13	8	56
14	8	28
15	8	41
16	8	32
17	8	43
18	8	15
19	8	3
20	8	3
21	8	0
22	8	3
23	8	10
0	9	61
1	9	36
2	9	14
3	9	22
4	9	27
5	9	22
6	9	9
7	9	22
8	9	29
9	9	19
10	9	27
11	9	29
12	9	34
13	9	39
14	9	50
15	9	36
16	9	46
17	9	32
18	9	27
19	9	11
20	9	17
21	9	3
22	9	14
23	9	22
0	10	0
1	10	0
2	10	33
3	10	33
4	10	86
5	10	33
6	10	0
7	10	61
8	10	33
9	10	61
10	10	142
11	10	86
12	10	33
13	10	61
14	10	33
15	10	0
16	10	0
17	10	61
18	10	0
19	10	0
20	10	0
21	10	0
22	10	0
23	10	0
0	11	19
1	11	13
2	11	19
3	11	31
4	11	42
5	11	19
6	11	37
7	11	13
8	11	19
9	11	25
10	11	19
11	11	25
12	11	25
13	11	42
14	11	68
15	11	72
16	11	42
17	11	7
18	11	7
19	11	7
20	11	7
21	11	0
22	11	7
23	11	7
0	12	0
1	12	0
2	12	0
3	12	55
4	12	98
5	12	0
6	12	0
7	12	55
8	12	55
9	12	0
10	12	55
11	12	132
12	12	132
13	12	132
14	12	0
15	12	0
16	12	55
17	12	0
18	12	0
19	12	0
20	12	0
21	12	0
22	12	0
23	12	0
0	13	0
1	13	0
2	13	201
3	13	0
4	13	0
5	13	0
6	13	201
7	13	201
8	13	0
9	13	0
10	13	0
11	13	0
12	13	0
13	13	0
14	13	0
15	13	0
16	13	0
17	13	0
18	13	0
19	13	0
20	13	0
21	13	0
22	13	0
23	13	0
0	14	13
1	14	22
2	14	44
3	14	33
4	14	28
5	14	36
6	14	52
7	14	41
8	14	22
9	14	39
10	14	30
11	14	13
12	14	33
13	14	41
14	14	41
15	14	10
16	14	22
17	14	16
18	14	7
19	14	0
20	14	0
21	14	10
22	14	10
23	14	22
0	15	14
1	15	13
2	15	21
3	15	27
4	15	22
5	15	29
6	15	18
7	15	26
8	15	20
9	15	29
10	15	23
11	15	33
12	15	37
13	15	48
14	15	72
15	15	43
16	15	31
17	15	26
18	15	7
19	15	7
20	15	9
21	15	7
22	15	12
23	15	12
0	16	0
1	16	15
2	16	15
3	16	15
4	16	29
5	16	15
6	16	15
7	16	29
8	16	54
9	16	29
10	16	29
11	16	42
12	16	15
13	16	15
14	16	77
15	16	96
16	16	0
17	16	15
18	16	0
19	16	0
20	16	0
21	16	0
22	16	0
23	16	15
0	17	0
1	17	0
2	17	0
3	17	0
4	17	0
5	17	0
6	17	0
7	17	244
8	17	0
9	17	137
10	17	0
11	17	0
12	17	0
13	17	0
14	17	0
15	17	0
16	17	0
17	17	0
18	17	0
19	17	0
20	17	0
21	17	0
22	17	0
23	17	0
0	18	0
1	18	0
2	18	0
3	18	0
4	18	0
5	18	0
6	18	0
7	18	0
8	18	0
9	18	0
10	18	0
11	18	61
12	18	0
13	18	0
14	18	0
15	18	0
16	18	0
17	18	0
18	18	0
19	18	0
20	18	0
21	18	0
22	18	0
23	18	0
0	19	8
1	19	9
2	19	9
3	19	9
4	19	9
5	19	9
6	19	9
7	19	9
8	19	10
9	19	10
10	19	9
11	19	9
12	19	10
13	19	12
14	19	12
15	19	11
16	19	9
17	19	6
18	19	5
19	19	4
20	19	3
21	19	4
22	19	5
23	19	6
0	20	12
1	20	21
2	20	16
3	20	23
4	20	23
5	20	14
6	20	18
7	20	27
8	20	18
9	20	27
10	20	41
11	20	33
12	20	45
13	20	43
14	20	33
15	20	35
16	20	21
17	20	16
18	20	10
19	20	5
20	20	0
21	20	7
22	20	7
23	20	14
0	21	43
1	21	0
2	21	0
3	21	43
4	21	0
5	21	0
6	21	43
7	21	0
8	21	43
9	21	43
10	21	79
11	21	0
12	21	0
13	21	154
14	21	79
15	21	79
16	21	43
17	21	0
18	21	0
19	21	0
20	21	43
21	21	0
22	21	0
23	21	43
0	22	26
1	22	22
2	22	26
3	22	28
4	22	25
5	22	31
6	22	38
7	22	24
8	22	25
9	22	20
10	22	34
11	22	35
12	22	46
13	22	43
14	22	45
15	22	51
16	22	41
17	22	20
18	22	15
19	22	8
20	22	2
21	22	6
22	22	21
23	22	32
0	23	34
1	23	31
2	23	25
3	23	26
4	23	23
5	23	31
6	23	51
7	23	36
8	23	34
9	23	36
10	23	47
11	23	26
12	23	21
13	23	38
14	23	50
15	23	61
16	23	42
17	23	18
18	23	15
19	23	11
20	23	6
21	23	13
22	23	20
23	23	31
0	24	24
1	24	44
2	24	44
3	24	41
4	24	22
5	24	29
6	24	6
7	24	15
8	24	12
9	24	19
10	24	34
11	24	47
12	24	51
13	24	72
14	24	70
15	24	70
16	24	37
17	24	29
18	24	8
19	24	10
20	24	4
21	24	4
22	24	4
23	24	17
0	25	8
1	25	14
2	25	25
3	25	32
4	25	50
5	25	32
6	25	40
7	25	14
8	25	21
9	25	17
10	25	17
11	25	8
12	25	56
13	25	44
14	25	40
15	25	56
16	25	59
17	25	25
18	25	14
19	25	5
20	25	0
21	25	5
22	25	44
23	25	17
0	26	19
1	26	16
2	26	19
3	26	16
4	26	19
5	26	16
6	26	25
7	26	20
8	26	17
9	26	22
10	26	23
11	26	22
12	26	28
13	26	38
14	26	38
15	26	41
16	26	32
17	26	14
18	26	16
19	26	6
20	26	2
21	26	4
22	26	13
23	26	23
0	27	4
1	27	34
2	27	12
3	27	57
4	27	37
5	27	23
6	27	63
7	27	27
8	27	31
9	27	41
10	27	23
11	27	66
12	27	51
13	27	27
14	27	31
15	27	12
16	27	8
17	27	4
18	27	16
19	27	8
20	27	0
21	27	12
22	27	27
23	27	41
0	28	23
1	28	33
2	28	16
3	28	26
4	28	46
5	28	46
6	28	43
7	28	26
8	28	56
9	28	26
10	28	40
11	28	30
12	28	26
13	28	33
14	28	19
15	28	37
16	28	8
17	28	43
18	28	43
19	28	43
20	28	30
21	28	23
22	28	26
23	28	26
0	29	25
1	29	27
2	29	27
3	29	28
4	29	30
5	29	30
6	29	29
7	29	28
8	29	29
9	29	32
10	29	34
11	29	34
12	29	35
13	29	37
14	29	38
15	29	34
16	29	25
17	29	16
18	29	9
19	29	6
20	29	5
21	29	5
22	29	10
23	29	19
0	30	42
1	30	12
2	30	12
3	30	22
4	30	12
5	30	12
6	30	0
7	30	52
8	30	22
9	30	33
10	30	12
11	30	33
12	30	77
13	30	33
14	30	85
15	30	119
16	30	52
17	30	100
18	30	42
19	30	22
20	30	0
21	30	0
22	30	12
23	30	22
0	31	9
1	31	0
2	31	26
3	31	9
4	31	33
5	31	18
6	31	26
7	31	0
8	31	26
9	31	33
10	31	9
11	31	18
12	31	26
13	31	41
14	31	41
15	31	26
16	31	18
17	31	26
18	31	0
19	31	0
20	31	0
21	31	0
22	31	9
23	31	18
0	32	38
1	32	21
2	32	30
3	32	33
4	32	20
5	32	16
6	32	24
7	32	21
8	32	32
9	32	25
10	32	36
11	32	30
12	32	52
13	32	23
14	32	44
15	32	37
16	32	26
17	32	40
18	32	25
19	32	7
20	32	11
21	32	5
22	32	12
23	32	9
0	33	9
1	33	77
2	33	19
3	33	67
4	33	17
5	33	14
6	33	11
7	33	9
8	33	27
9	33	22
10	33	27
11	33	14
12	33	140
13	33	125
14	33	86
15	33	14
16	33	9
17	33	14
18	33	3
19	33	14
20	33	0
21	33	11
22	33	0
23	33	11
0	34	8
1	34	19
2	34	69
3	34	64
4	34	58
5	34	12
6	34	19
7	34	15
8	34	26
9	34	26
10	34	19
11	34	12
12	34	15
13	34	33
14	34	19
15	34	46
16	34	72
17	34	36
18	34	8
19	34	15
20	34	0
21	34	0
22	34	8
23	34	12
0	35	0
1	35	0
2	35	0
3	35	0
4	35	0
5	35	0
6	35	0
7	35	253
8	35	0
9	35	0
10	35	0
11	35	0
12	35	0
13	35	0
14	35	0
15	35	0
16	35	0
17	35	0
18	35	0
19	35	0
20	35	0
21	35	0
22	35	0
23	35	0
