Counts for Samsung(12) in Indonesia(19):
Hour	Location Index	Count
0	0	201
1	0	0
2	0	0
3	0	0
4	0	0
5	0	0
6	0	0
7	0	0
8	0	0
9	0	0
10	0	0
11	0	0
12	0	0
13	0	0
14	0	0
15	0	0
16	0	0
17	0	0
18	0	0
19	0	0
20	0	0
21	0	0
22	0	0
23	0	0
0	1	37
1	1	68
2	1	37
3	1	37
4	1	0
5	1	37
6	1	37
7	1	0
8	1	37
9	1	37
10	1	0
11	1	0
12	1	95
13	1	68
14	1	68
15	1	68
16	1	0
17	1	0
18	1	0
19	1	0
20	1	0
21	1	0
22	1	0
23	1	68
0	2	0
1	2	0
2	2	0
3	2	39
4	2	0
5	2	0
6	2	11
7	2	11
8	2	0
9	2	11
10	2	11
11	2	11
12	2	57
13	2	11
14	2	0
15	2	11
16	2	0
17	2	0
18	2	0
19	2	0
20	2	0
21	2	0
22	2	48
23	2	48
0	3	12
1	3	37
2	3	40
3	3	34
4	3	23
5	3	16
6	3	12
7	3	34
8	3	4
9	3	19
10	3	4
11	3	16
12	3	4
13	3	0
14	3	12
15	3	8
16	3	0
17	3	4
18	3	0
19	3	0
20	3	0
21	3	8
22	3	4
23	3	19
0	4	27
1	4	24
2	4	27
3	4	28
4	4	27
5	4	31
6	4	27
7	4	31
8	4	27
9	4	27
10	4	26
11	4	30
12	4	29
13	4	30
14	4	31
15	4	24
16	4	22
17	4	19
18	4	16
19	4	14
20	4	12
21	4	13
22	4	17
23	4	23
0	5	22
1	5	24
2	5	32
3	5	25
4	5	33
5	5	22
6	5	23
7	5	33
8	5	25
9	5	29
10	5	27
11	5	30
12	5	25
13	5	34
14	5	20
15	5	22
16	5	23
17	5	26
18	5	18
19	5	17
20	5	13
21	5	14
22	5	18
23	5	26
0	6	16
1	6	16
2	6	0
3	6	31
4	6	31
5	6	0
6	6	16
7	6	16
8	6	82
9	6	16
10	6	31
11	6	58
12	6	16
13	6	16
14	6	0
15	6	0
16	6	0
17	6	16
18	6	31
19	6	0
20	6	0
21	6	0
22	6	0
23	6	16
0	7	0
1	7	0
2	7	0
3	7	73
4	7	40
5	7	0
6	7	27
7	7	62
8	7	14
9	7	51
10	7	14
11	7	27
12	7	0
13	7	0
14	7	40
15	7	27
16	7	14
17	7	27
18	7	0
19	7	0
20	7	0
21	7	14
22	7	0
23	7	0
0	8	0
1	8	0
2	8	0
3	8	0
4	8	0
5	8	0
6	8	0
7	8	0
8	8	0
9	8	0
10	8	0
11	8	0
12	8	0
13	8	0
14	8	0
15	8	0
16	8	0
17	8	0
18	8	0
19	8	0
20	8	0
21	8	0
22	8	0
23	8	0
0	9	0
1	9	201
2	9	0
3	9	0
4	9	0
5	9	0
6	9	0
7	9	0
8	9	137
9	9	0
10	9	137
11	9	0
12	9	0
13	9	0
14	9	0
15	9	0
16	9	0
17	9	0
18	9	0
19	9	0
20	9	0
21	9	0
22	9	137
23	9	0
0	10	0
1	10	0
2	10	0
3	10	73
4	10	32
5	10	0
6	10	17
7	10	60
8	10	32
9	10	0
10	10	17
11	10	17
12	10	17
13	10	0
14	10	47
15	10	17
16	10	0
17	10	0
18	10	32
19	10	32
20	10	0
21	10	47
22	10	0
23	10	0
0	11	19
1	11	10
2	11	14
3	11	19
4	11	10
5	11	0
6	11	10
7	11	14
8	11	35
9	11	23
10	11	35
11	11	19
12	11	39
13	11	35
14	11	43
15	11	43
16	11	144
17	11	23
18	11	5
19	11	0
20	11	0
21	11	5
22	11	5
23	11	0
0	12	13
1	12	13
2	12	13
3	12	46
4	12	13
5	12	46
6	12	0
7	12	35
8	12	0
9	12	13
10	12	13
11	12	13
12	12	65
13	12	24
14	12	24
15	12	0
16	12	13
17	12	0
18	12	46
19	12	13
20	12	46
21	12	0
22	12	0
23	12	13
0	13	10
1	13	3
2	13	8
3	13	0
4	13	36
5	13	31
6	13	13
7	13	13
8	13	8
9	13	6
10	13	6
11	13	15
12	13	27
13	13	25
14	13	13
15	13	20
16	13	3
17	13	6
18	13	8
19	13	0
20	13	0
21	13	0
22	13	0
23	13	3
0	14	0
1	14	0
2	14	0
3	14	0
4	14	0
5	14	0
6	14	45
7	14	45
8	14	0
9	14	45
10	14	0
11	14	82
12	14	0
13	14	0
14	14	0
15	14	0
16	14	0
17	14	0
18	14	0
19	14	0
20	14	0
21	14	0
22	14	45
23	14	45
0	15	123
1	15	187
2	15	0
3	15	0
4	15	0
5	15	0
6	15	0
7	15	123
8	15	0
9	15	0
10	15	0
11	15	0
12	15	0
13	15	123
14	15	0
15	15	0
16	15	0
17	15	123
18	15	0
19	15	0
20	15	0
21	15	0
22	15	0
23	15	0
0	16	18
1	16	23
2	16	27
3	16	28
4	16	26
5	16	27
6	16	26
7	16	28
8	16	23
9	16	26
10	16	24
11	16	33
12	16	25
13	16	35
14	16	32
15	16	30
16	16	32
17	16	33
18	16	23
19	16	18
20	16	12
21	16	14
22	16	11
23	16	15
0	17	0
1	17	37
2	17	0
3	17	69
4	17	20
5	17	0
6	17	69
7	17	69
8	17	0
9	17	37
10	17	0
11	17	0
12	17	54
13	17	83
14	17	0
15	17	0
16	17	0
17	17	0
18	17	0
19	17	0
20	17	0
21	17	0
22	17	0
23	17	0
0	18	7
1	18	0
2	18	0
3	18	0
4	18	33
5	18	20
6	18	7
7	18	20
8	18	20
9	18	7
10	18	14
11	18	33
12	18	7
13	18	7
14	18	0
15	18	14
16	18	7
17	18	0
18	18	0
19	18	0
20	18	7
21	18	0
22	18	27
23	18	0
0	19	40
1	19	40
2	19	0
3	19	0
4	19	0
5	19	40
6	19	0
7	19	0
8	19	0
9	19	0
10	19	0
11	19	40
12	19	0
13	19	0
14	19	0
15	19	0
16	19	0
17	19	74
18	19	0
19	19	0
20	19	0
21	19	0
22	19	0
23	19	40
0	20	27
1	20	22
2	20	39
3	20	38
4	20	24
5	20	32
6	20	29
7	20	39
8	20	20
9	20	43
10	20	36
11	20	39
12	20	32
13	20	31
14	20	29
15	20	43
16	20	27
17	20	20
18	20	22
19	20	4
20	20	3
21	20	8
22	20	32
23	20	18
0	21	0
1	21	0
2	21	0
3	21	0
4	21	0
5	21	0
6	21	0
7	21	0
8	21	0
9	21	0
10	21	0
11	21	0
12	21	0
13	21	0
14	21	0
15	21	0
16	21	0
17	21	0
18	21	0
19	21	0
20	21	0
21	21	0
22	21	0
23	21	0
0	22	51
1	22	32
2	22	19
3	22	32
4	22	32
5	22	35
6	22	19
7	22	15
8	22	25
9	22	11
10	22	11
11	22	22
12	22	22
13	22	25
14	22	15
15	22	35
16	22	8
17	22	19
18	22	0
19	22	8
20	22	0
21	22	0
22	22	8
23	22	22
0	23	34
1	23	40
2	23	30
3	23	33
4	23	43
5	23	38
6	23	34
7	23	38
8	23	32
9	23	39
10	23	37
11	23	35
12	23	38
13	23	33
14	23	39
15	23	40
16	23	36
17	23	33
18	23	24
19	23	20
20	23	16
21	23	13
22	23	22
23	23	25
0	24	15
1	24	8
2	24	28
3	24	0
4	24	15
5	24	15
6	24	35
7	24	8
8	24	53
9	24	28
10	24	15
11	24	8
12	24	15
13	24	22
14	24	22
15	24	15
16	24	22
17	24	0
18	24	0
19	24	8
20	24	0
21	24	0
22	24	15
23	24	8
0	25	0
1	25	0
2	25	0
3	25	28
4	25	52
5	25	52
6	25	73
7	25	28
8	25	52
9	25	28
10	25	0
11	25	73
12	25	0
13	25	0
14	25	0
15	25	73
16	25	28
17	25	0
18	25	73
19	25	28
20	25	0
21	25	0
22	25	0
23	25	28
0	26	0
1	26	57
2	26	33
3	26	33
4	26	46
5	26	29
6	26	29
7	26	10
8	26	15
9	26	33
10	26	20
11	26	20
12	26	20
13	26	15
14	26	15
15	26	37
16	26	10
17	26	0
18	26	5
19	26	5
20	26	0
21	26	10
22	26	0
23	26	10
0	27	27
1	27	51
2	27	0
3	27	0
4	27	0
5	27	0
6	27	0
7	27	0
8	27	0
9	27	0
10	27	51
11	27	0
12	27	0
13	27	0
14	27	27
15	27	0
16	27	27
17	27	0
18	27	0
19	27	91
20	27	0
21	27	0
22	27	0
23	27	0
0	28	21
1	28	0
2	28	0
3	28	40
4	28	58
5	28	40
6	28	21
7	28	40
8	28	58
9	28	0
10	28	40
11	28	0
12	28	74
13	28	0
14	28	21
15	28	0
16	28	0
17	28	21
18	28	0
19	28	0
20	28	0
21	28	0
22	28	0
23	28	0
0	29	26
1	29	0
2	29	26
3	29	0
4	29	0
5	29	50
6	29	0
7	29	26
8	29	0
9	29	26
10	29	0
11	29	0
12	29	0
13	29	0
14	29	26
15	29	0
16	29	0
17	29	0
18	29	0
19	29	0
20	29	0
21	29	26
22	29	0
23	29	0
0	30	25
1	30	25
2	30	25
3	30	29
4	30	23
5	30	23
6	30	24
7	30	26
8	30	22
9	30	22
10	30	24
11	30	22
12	30	20
13	30	22
14	30	22
15	30	22
16	30	20
17	30	14
18	30	12
19	30	7
20	30	8
21	30	11
22	30	16
23	30	15
0	31	0
1	31	0
2	31	95
3	31	0
4	31	53
5	31	53
6	31	53
7	31	0
8	31	0
9	31	0
10	31	0
11	31	0
12	31	0
13	31	53
14	31	0
15	31	0
16	31	0
17	31	0
18	31	0
19	31	0
20	31	0
21	31	0
22	31	0
23	31	53
0	32	0
1	32	88
2	32	0
3	32	0
4	32	0
5	32	0
6	32	0
7	32	0
8	32	0
9	32	0
10	32	0
11	32	0
12	32	0
13	32	0
14	32	0
15	32	0
16	32	0
17	32	0
18	32	0
19	32	0
20	32	0
21	32	0
22	32	0
23	32	0
0	33	0
1	33	0
2	33	0
3	33	28
4	33	0
5	33	52
6	33	28
7	33	52
8	33	0
9	33	126
10	33	52
11	33	139
12	33	110
13	33	93
14	33	0
15	33	73
16	33	28
17	33	0
18	33	0
19	33	0
20	33	0
21	33	0
22	33	0
23	33	0
0	34	0
1	34	0
2	34	0
3	34	0
4	34	46
5	34	0
6	34	24
7	34	99
8	34	0
9	34	0
10	34	0
11	34	0
12	34	24
13	34	46
14	34	24
15	34	0
16	34	24
17	34	0
18	34	0
19	34	0
20	34	46
21	34	65
22	34	0
23	34	0
0	35	0
1	35	0
2	35	0
3	35	0
4	35	0
5	35	0
6	35	55
7	35	0
8	35	55
9	35	0
10	35	0
11	35	0
12	35	0
13	35	0
14	35	55
15	35	0
16	35	0
17	35	0
18	35	0
19	35	0
20	35	0
21	35	0
22	35	0
23	35	0
0	36	19
1	36	0
2	36	0
3	36	0
4	36	51
5	36	0
6	36	92
7	36	19
8	36	0
9	36	0
10	36	0
11	36	36
12	36	0
13	36	36
14	36	0
15	36	19
16	36	0
17	36	0
18	36	0
19	36	0
20	36	0
21	36	0
22	36	0
23	36	0
0	37	21
1	37	21
2	37	21
3	37	0
4	37	21
5	37	0
6	37	0
7	37	21
8	37	21
9	37	0
10	37	0
11	37	0
12	37	0
13	37	0
14	37	0
15	37	0
16	37	0
17	37	0
18	37	0
19	37	0
20	37	39
21	37	0
22	37	21
23	37	0
0	38	18
1	38	13
2	38	18
3	38	18
4	38	13
5	38	13
6	38	0
7	38	24
8	38	18
9	38	18
10	38	0
11	38	18
12	38	0
13	38	0
14	38	35
15	38	13
16	38	0
17	38	0
18	38	0
19	38	7
20	38	7
21	38	7
22	38	18
23	38	18
0	39	30
1	39	33
2	39	41
3	39	36
4	39	34
5	39	37
6	39	37
7	39	36
8	39	37
9	39	37
10	39	33
11	39	38
12	39	38
13	39	37
14	39	38
15	39	32
16	39	33
17	39	30
18	39	23
19	39	18
20	39	18
21	39	21
22	39	27
23	39	25
0	40	0
1	40	0
2	40	0
3	40	0
4	40	0
5	40	0
6	40	0
7	40	0
8	40	0
9	40	0
10	40	0
11	40	0
12	40	0
13	40	0
14	40	0
15	40	0
16	40	0
17	40	0
18	40	0
19	40	0
20	40	0
21	40	0
22	40	0
23	40	0
0	41	0
1	41	0
2	41	0
3	41	0
4	41	145
5	41	0
6	41	88
7	41	88
8	41	0
9	41	0
10	41	88
11	41	0
12	41	0
13	41	0
14	41	0
15	41	0
16	41	0
17	41	0
18	41	0
19	41	0
20	41	0
21	41	0
22	41	0
23	41	0
0	42	0
1	42	0
2	42	0
3	42	0
4	42	0
5	42	0
6	42	0
7	42	0
8	42	0
9	42	0
10	42	0
11	42	0
12	42	0
13	42	0
14	42	0
15	42	0
16	42	0
17	42	0
18	42	0
19	42	0
20	42	0
21	42	0
22	42	0
23	42	0
0	43	0
1	43	0
2	43	0
3	43	0
4	43	0
5	43	0
6	43	0
7	43	0
8	43	0
9	43	0
10	43	0
11	43	0
12	43	0
13	43	0
14	43	0
15	43	0
16	43	0
17	43	0
18	43	0
19	43	0
20	43	0
21	43	0
22	43	0
23	43	0
0	44	23
1	44	23
2	44	23
3	44	23
4	44	12
5	44	12
6	44	12
7	44	34
8	44	12
9	44	12
10	44	34
11	44	44
12	44	12
13	44	12
14	44	0
15	44	0
16	44	0
17	44	0
18	44	12
19	44	0
20	44	0
21	44	0
22	44	0
23	44	23
0	45	47
1	45	0
2	45	0
3	45	25
4	45	47
5	45	25
6	45	0
7	45	85
8	45	0
9	45	0
10	45	25
11	45	25
12	45	47
13	45	0
14	45	47
15	45	0
16	45	0
17	45	47
18	45	0
19	45	0
20	45	0
21	45	0
22	45	47
23	45	0
0	46	33
1	46	33
2	46	0
3	46	86
4	46	33
5	46	0
6	46	61
7	46	0
8	46	0
9	46	33
10	46	61
11	46	0
12	46	33
13	46	61
14	46	33
15	46	33
16	46	61
17	46	0
18	46	33
19	46	0
20	46	0
21	46	33
22	46	61
23	46	0
0	47	18
1	47	21
2	47	20
3	47	23
4	47	22
5	47	22
6	47	24
7	47	19
8	47	21
9	47	21
10	47	24
11	47	24
12	47	24
13	47	24
14	47	23
15	47	23
16	47	18
17	47	18
18	47	11
19	47	8
20	47	6
21	47	9
22	47	11
23	47	17
0	48	28
1	48	10
2	48	28
3	48	61
4	48	41
5	48	45
6	48	15
7	48	24
8	48	28
9	48	28
10	48	33
11	48	37
12	48	61
13	48	37
14	48	24
15	48	37
16	48	19
17	48	33
18	48	15
19	48	15
20	48	10
21	48	24
22	48	10
23	48	5
0	49	0
1	49	0
2	49	0
3	49	0
4	49	0
5	49	0
6	49	0
7	49	0
8	49	0
9	49	0
10	49	0
11	49	0
12	49	0
13	49	230
14	49	0
15	49	0
16	49	0
17	49	0
18	49	0
19	49	0
20	49	0
21	49	0
22	49	0
23	49	0
0	50	0
1	50	0
2	50	0
3	50	154
4	50	0
5	50	154
6	50	0
7	50	0
8	50	0
9	50	0
10	50	0
11	50	0
12	50	0
13	50	0
14	50	0
15	50	0
16	50	0
17	50	0
18	50	0
19	50	0
20	50	0
21	50	0
22	50	0
23	50	0
0	51	30
1	51	0
2	51	57
3	51	0
4	51	80
5	51	57
6	51	30
7	51	0
8	51	0
9	51	30
10	51	0
11	51	30
12	51	80
13	51	0
14	51	0
15	51	57
16	51	30
17	51	30
18	51	0
19	51	0
20	51	0
21	51	0
22	51	0
23	51	30
0	52	0
1	52	22
2	52	22
3	52	22
4	52	0
5	52	0
6	52	0
7	52	22
8	52	59
9	52	22
10	52	0
11	52	41
12	52	0
13	52	0
14	52	22
15	52	0
16	52	0
17	52	0
18	52	0
19	52	0
20	52	0
21	52	0
22	52	0
23	52	0
0	53	34
1	53	0
2	53	63
3	53	23
4	53	12
5	53	44
6	53	0
7	53	0
8	53	34
9	53	53
10	53	53
11	53	23
12	53	23
13	53	0
14	53	12
15	53	23
16	53	0
17	53	12
18	53	0
19	53	23
20	53	0
21	53	0
22	53	0
23	53	0
0	54	26
1	54	49
2	54	0
3	54	0
4	54	0
5	54	0
6	54	26
7	54	26
8	54	49
9	54	26
10	54	26
11	54	26
12	54	26
13	54	0
14	54	26
15	54	88
16	54	69
17	54	104
18	54	26
19	54	0
20	54	0
21	54	0
22	54	0
23	54	0
0	55	6
1	55	12
2	55	12
3	55	11
4	55	22
5	55	20
6	55	7
7	55	17
8	55	12
9	55	12
10	55	10
11	55	4
12	55	2
13	55	13
14	55	10
15	55	7
16	55	4
17	55	2
18	55	4
19	55	2
20	55	8
21	55	0
22	55	3
23	55	3
0	56	0
1	56	0
2	56	187
3	56	0
4	56	0
5	56	0
6	56	0
7	56	0
8	56	0
9	56	0
10	56	0
11	56	0
12	56	0
13	56	0
14	56	0
15	56	0
16	56	0
17	56	0
18	56	0
19	56	0
20	56	0
21	56	0
22	56	0
23	56	0
0	57	0
1	57	0
2	57	39
3	57	0
4	57	56
5	57	39
6	57	39
7	57	21
8	57	39
9	57	0
10	57	39
11	57	39
12	57	0
13	57	0
14	57	39
15	57	86
16	57	56
17	57	56
18	57	21
19	57	0
20	57	0
21	57	0
22	57	39
23	57	0
0	58	0
1	58	0
2	58	72
3	58	0
4	58	0
5	58	39
6	58	0
7	58	0
8	58	39
9	58	39
10	58	0
11	58	0
12	58	0
13	58	100
14	58	72
15	58	39
16	58	72
17	58	0
18	58	39
19	58	0
20	58	0
21	58	0
22	58	0
23	58	0
0	59	9
1	59	32
2	59	9
3	59	0
4	59	0
5	59	0
6	59	0
7	59	17
8	59	0
9	59	0
10	59	0
11	59	9
12	59	17
13	59	17
14	59	0
15	59	9
16	59	0
17	59	9
18	59	9
19	59	0
20	59	9
21	59	9
22	59	17
23	59	25
0	60	68
1	60	48
2	60	0
3	60	0
4	60	0
5	60	0
6	60	25
7	60	103
8	60	0
9	60	0
10	60	0
11	60	0
12	60	0
13	60	25
14	60	86
15	60	25
16	60	68
17	60	0
18	60	0
19	60	25
20	60	0
21	60	0
22	60	48
23	60	48
0	61	27
1	61	27
2	61	27
3	61	27
4	61	51
5	61	44
6	61	44
7	61	27
8	61	44
9	61	27
10	61	36
11	61	27
12	61	19
13	61	27
14	61	44
15	61	44
16	61	36
17	61	0
18	61	10
19	61	10
20	61	10
21	61	0
22	61	19
23	61	27
0	62	0
1	62	0
2	62	0
3	62	0
4	62	0
5	62	0
6	62	0
7	62	0
8	62	0
9	62	0
10	62	0
11	62	0
12	62	0
13	62	0
14	62	0
15	62	0
16	62	0
17	62	253
18	62	0
19	62	0
20	62	0
21	62	0
22	62	0
23	62	0
0	63	0
1	63	0
2	63	0
3	63	61
4	63	0
5	63	0
6	63	0
7	63	0
8	63	0
9	63	61
10	63	107
11	63	0
12	63	0
13	63	61
14	63	0
15	63	0
16	63	61
17	63	0
18	63	0
19	63	0
20	63	0
21	63	0
22	63	61
23	63	0
0	64	25
1	64	25
2	64	25
3	64	25
4	64	48
5	64	25
6	64	0
7	64	68
8	64	48
9	64	25
10	64	48
11	64	25
12	64	25
13	64	25
14	64	0
15	64	0
16	64	0
17	64	0
18	64	0
19	64	0
20	64	0
21	64	0
22	64	0
23	64	0
0	65	0
1	65	0
2	65	0
3	65	0
4	65	49
5	65	0
6	65	0
7	65	0
8	65	88
9	65	0
10	65	0
11	65	0
12	65	0
13	65	0
14	65	49
15	65	49
16	65	49
17	65	0
18	65	0
19	65	0
20	65	0
21	65	0
22	65	0
23	65	49
0	66	0
1	66	0
2	66	0
3	66	0
4	66	0
5	66	0
6	66	145
7	66	0
8	66	0
9	66	0
10	66	0
11	66	0
12	66	0
13	66	0
14	66	88
15	66	0
16	66	0
17	66	0
18	66	0
19	66	0
20	66	0
21	66	0
22	66	0
23	66	0
0	67	34
1	67	28
2	67	14
3	67	11
4	67	18
5	67	18
6	67	43
7	67	24
8	67	31
9	67	11
10	67	34
11	67	11
12	67	31
13	67	21
14	67	34
15	67	11
16	67	11
17	67	8
18	67	8
19	67	11
20	67	4
21	67	8
22	67	24
23	67	14
0	68	0
1	68	0
2	68	0
3	68	0
4	68	90
5	68	0
6	68	35
7	68	0
8	68	35
9	68	0
10	68	64
11	68	0
12	68	90
13	68	0
14	68	0
15	68	90
16	68	64
17	68	35
18	68	0
19	68	0
20	68	35
21	68	0
22	68	0
23	68	0
0	69	0
1	69	55
2	69	55
3	69	55
4	69	55
5	69	0
6	69	55
7	69	55
8	69	55
9	69	98
10	69	55
11	69	0
12	69	0
13	69	0
14	69	55
15	69	0
16	69	0
17	69	0
18	69	0
19	69	0
20	69	0
21	69	0
22	69	0
23	69	0
0	70	13
1	70	13
2	70	13
3	70	14
4	70	14
5	70	16
6	70	14
7	70	16
8	70	13
9	70	15
10	70	14
11	70	14
12	70	13
13	70	17
14	70	14
15	70	13
16	70	11
17	70	7
18	70	3
19	70	3
20	70	3
21	70	4
22	70	6
23	70	8
0	71	18
1	71	18
2	71	35
3	71	18
4	71	0
5	71	51
6	71	18
7	71	18
8	71	35
9	71	18
10	71	0
11	71	0
12	71	18
13	71	0
14	71	0
15	71	18
16	71	0
17	71	0
18	71	0
19	71	0
20	71	0
21	71	0
22	71	0
23	71	0
0	72	7
1	72	4
2	72	13
3	72	22
4	72	16
5	72	10
6	72	10
7	72	31
8	72	31
9	72	25
10	72	19
11	72	39
12	72	28
13	72	28
14	72	28
15	72	13
16	72	19
17	72	10
18	72	13
19	72	7
20	72	10
21	72	13
22	72	16
23	72	19
0	73	0
1	73	0
2	73	0
3	73	0
4	73	0
5	73	0
6	73	164
7	73	0
8	73	0
9	73	0
10	73	0
11	73	0
12	73	0
13	73	0
14	73	0
15	73	0
16	73	0
17	73	103
18	73	0
19	73	0
20	73	0
21	73	0
22	73	0
23	73	0
0	74	26
1	74	16
2	74	16
3	74	0
4	74	36
5	74	6
6	74	6
7	74	21
8	74	21
9	74	16
10	74	0
11	74	16
12	74	21
13	74	16
14	74	6
15	74	11
16	74	16
17	74	16
18	74	11
19	74	6
20	74	0
21	74	0
22	74	0
23	74	11
0	75	0
1	75	0
2	75	0
3	75	0
4	75	0
5	75	0
6	75	166
7	75	0
8	75	49
9	75	0
10	75	49
11	75	0
12	75	0
13	75	0
14	75	88
15	75	49
16	75	0
17	75	49
18	75	0
19	75	0
20	75	0
21	75	0
22	75	0
23	75	49
0	76	0
1	76	0
2	76	0
3	76	0
4	76	0
5	76	0
6	76	0
7	76	0
8	76	0
9	76	0
10	76	0
11	76	0
12	76	0
13	76	0
14	76	0
15	76	0
16	76	0
17	76	0
18	76	0
19	76	0
20	76	0
21	76	0
22	76	0
23	76	0
0	77	0
1	77	28
2	77	6
3	77	0
4	77	6
5	77	6
6	77	0
7	77	33
8	77	0
9	77	23
10	77	6
11	77	17
12	77	0
13	77	6
14	77	17
15	77	0
16	77	0
17	77	0
18	77	0
19	77	0
20	77	12
21	77	0
22	77	0
23	77	23
0	78	0
1	78	0
2	78	0
3	78	0
4	78	0
5	78	0
6	78	0
7	78	0
8	78	0
9	78	0
10	78	0
11	78	0
12	78	0
13	78	39
14	78	0
15	78	0
16	78	39
17	78	0
18	78	0
19	78	0
20	78	0
21	78	0
22	78	0
23	78	0
0	79	11
1	79	27
2	79	11
3	79	20
4	79	11
5	79	8
6	79	13
7	79	6
8	79	25
9	79	23
10	79	13
11	79	8
12	79	18
13	79	16
14	79	8
15	79	18
16	79	27
17	79	3
18	79	3
19	79	3
20	79	0
21	79	0
22	79	37
23	79	18
0	80	21
1	80	22
2	80	25
3	80	22
4	80	22
5	80	24
6	80	24
7	80	25
8	80	25
9	80	26
10	80	25
11	80	27
12	80	27
13	80	31
14	80	27
15	80	26
16	80	22
17	80	21
18	80	13
19	80	12
20	80	11
21	80	13
22	80	16
23	80	20
0	81	0
1	81	0
2	81	0
3	81	0
4	81	0
5	81	212
6	81	77
7	81	0
8	81	0
9	81	0
10	81	0
11	81	0
12	81	0
13	81	0
14	81	0
15	81	0
16	81	0
17	81	0
18	81	0
19	81	0
20	81	0
21	81	0
22	81	0
23	81	0
0	82	51
1	82	0
2	82	0
3	82	0
4	82	0
5	82	0
6	82	51
7	82	0
8	82	0
9	82	91
10	82	0
11	82	91
12	82	0
13	82	0
14	82	0
15	82	0
16	82	0
17	82	0
18	82	0
19	82	0
20	82	0
21	82	0
22	82	0
23	82	0
0	83	34
1	83	88
2	83	0
3	83	18
4	83	0
5	83	63
6	83	49
7	83	18
8	83	18
9	83	34
10	83	0
11	83	0
12	83	49
13	83	18
14	83	63
15	83	0
16	83	34
17	83	34
18	83	0
19	83	0
20	83	0
21	83	0
22	83	0
23	83	34
0	84	0
1	84	7
2	84	51
3	84	45
4	84	33
5	84	21
6	84	33
7	84	62
8	84	14
9	84	14
10	84	7
11	84	14
12	84	39
13	84	45
14	84	0
15	84	7
16	84	7
17	84	27
18	84	14
19	84	14
20	84	14
21	84	14
22	84	7
23	84	0
0	85	0
1	85	0
2	85	0
3	85	0
4	85	0
5	85	0
6	85	0
7	85	0
8	85	0
9	85	0
10	85	0
11	85	0
12	85	0
13	85	0
14	85	0
15	85	0
16	85	0
17	85	0
18	85	0
19	85	0
20	85	0
21	85	0
22	85	0
23	85	0
0	86	0
1	86	56
2	86	21
3	86	0
4	86	72
5	86	39
6	86	0
7	86	0
8	86	39
9	86	0
10	86	72
11	86	21
12	86	21
13	86	112
14	86	21
15	86	112
16	86	56
17	86	72
18	86	56
19	86	39
20	86	56
21	86	56
22	86	39
23	86	0
0	87	0
1	87	230
2	87	0
3	87	0
4	87	0
5	87	0
6	87	0
7	87	0
8	87	0
9	87	0
10	87	0
11	87	0
12	87	0
13	87	0
14	87	0
15	87	0
16	87	0
17	87	0
18	87	0
19	87	0
20	87	0
21	87	0
22	87	230
23	87	0
0	88	0
1	88	0
2	88	0
3	88	0
4	88	0
5	88	0
6	88	201
7	88	0
8	88	0
9	88	0
10	88	0
11	88	0
12	88	0
13	88	0
14	88	0
15	88	0
16	88	0
17	88	0
18	88	0
19	88	0
20	88	0
21	88	0
22	88	0
23	88	0
0	89	0
1	89	12
2	89	12
3	89	33
4	89	0
5	89	52
6	89	60
7	89	42
8	89	22
9	89	69
10	89	42
11	89	0
12	89	22
13	89	0
14	89	0
15	89	0
16	89	33
17	89	12
18	89	0
19	89	0
20	89	0
21	89	0
22	89	12
23	89	0
0	90	0
1	90	0
2	90	0
3	90	0
4	90	0
5	90	0
6	90	0
7	90	0
8	90	0
9	90	0
10	90	0
11	90	0
12	90	0
13	90	0
14	90	0
15	90	0
16	90	0
17	90	0
18	90	0
19	90	0
20	90	0
21	90	0
22	90	0
23	90	0
0	91	0
1	91	0
2	91	244
3	91	0
4	91	0
5	91	0
6	91	0
7	91	0
8	91	0
9	91	0
10	91	0
11	91	0
12	91	0
13	91	0
14	91	0
15	91	0
16	91	0
17	91	0
18	91	0
19	91	0
20	91	0
21	91	0
22	91	0
23	91	0
0	92	52
1	92	0
2	92	14
3	92	0
4	92	0
5	92	28
6	92	40
7	92	28
8	92	40
9	92	14
10	92	14
11	92	52
12	92	14
13	92	52
14	92	0
15	92	28
16	92	0
17	92	0
18	92	0
19	92	0
20	92	14
21	92	14
22	92	14
23	92	40
0	93	8
1	93	23
2	93	16
3	93	30
4	93	16
5	93	23
6	93	37
7	93	23
8	93	8
9	93	30
10	93	43
11	93	23
12	93	62
13	93	23
14	93	30
15	93	16
16	93	37
17	93	0
18	93	23
19	93	16
20	93	8
21	93	23
22	93	23
23	93	30
0	94	0
1	94	53
2	94	0
3	94	0
4	94	0
5	94	0
6	94	53
7	94	0
8	94	0
9	94	0
10	94	95
11	94	0
12	94	53
13	94	95
14	94	53
15	94	0
16	94	95
17	94	53
18	94	95
19	94	53
20	94	95
21	94	0
22	94	53
23	94	0
0	95	33
1	95	31
2	95	36
3	95	34
4	95	35
5	95	37
6	95	31
7	95	34
8	95	34
9	95	33
10	95	33
11	95	36
12	95	37
13	95	37
14	95	32
15	95	30
16	95	22
17	95	18
18	95	15
19	95	15
20	95	13
21	95	19
22	95	22
23	95	31
0	96	0
1	96	0
2	96	0
3	96	0
4	96	0
5	96	123
6	96	0
7	96	0
8	96	0
9	96	0
10	96	0
11	96	0
12	96	0
13	96	123
14	96	0
15	96	0
16	96	0
17	96	0
18	96	0
19	96	0
20	96	0
21	96	0
22	96	0
23	96	0
0	97	86
1	97	86
2	97	33
3	97	33
4	97	0
5	97	0
6	97	0
7	97	0
8	97	0
9	97	0
10	97	0
11	97	0
12	97	0
13	97	0
14	97	0
15	97	0
16	97	33
17	97	33
18	97	0
19	97	0
20	97	0
21	97	0
22	97	61
23	97	0
0	98	0
1	98	0
2	98	0
3	98	0
4	98	0
5	98	0
6	98	0
7	98	0
8	98	238
9	98	0
10	98	0
11	98	0
12	98	0
13	98	0
14	98	0
15	98	0
16	98	0
17	98	0
18	98	0
19	98	0
20	98	0
21	98	0
22	98	0
23	98	0
0	99	23
1	99	16
2	99	12
3	99	16
4	99	12
5	99	21
6	99	7
7	99	21
8	99	3
9	99	14
10	99	16
11	99	21
12	99	7
13	99	19
14	99	16
15	99	14
16	99	5
17	99	5
18	99	0
19	99	0
20	99	0
21	99	7
22	99	10
23	99	0
0	100	98
1	100	98
2	100	0
3	100	0
4	100	55
5	100	0
6	100	0
7	100	0
8	100	0
9	100	0
10	100	0
11	100	0
12	100	0
13	100	0
14	100	0
15	100	0
16	100	55
17	100	0
18	100	0
19	100	0
20	100	0
21	100	0
22	100	98
23	100	55
0	101	48
1	101	0
2	101	17
3	101	0
4	101	0
5	101	0
6	101	17
7	101	33
8	101	0
9	101	0
10	101	17
11	101	75
12	101	17
13	101	33
14	101	0
15	101	0
16	101	0
17	101	0
18	101	0
19	101	0
20	101	17
21	101	0
22	101	33
23	101	33
0	102	23
1	102	43
2	102	0
3	102	23
4	102	0
5	102	12
6	102	0
7	102	12
8	102	61
9	102	23
10	102	23
11	102	33
12	102	43
13	102	12
14	102	0
15	102	0
16	102	0
17	102	0
18	102	0
19	102	0
20	102	0
21	102	12
22	102	12
23	102	0
0	103	0
1	103	32
2	103	32
3	103	0
4	103	84
5	103	60
6	103	0
7	103	0
8	103	0
9	103	32
10	103	0
11	103	32
12	103	32
13	103	60
14	103	0
15	103	32
16	103	0
17	103	0
18	103	0
19	103	0
20	103	0
21	103	0
22	103	0
23	103	0
0	104	21
1	104	24
2	104	25
3	104	27
4	104	27
5	104	28
6	104	27
7	104	30
8	104	29
9	104	28
10	104	28
11	104	30
12	104	31
13	104	32
14	104	29
15	104	29
16	104	25
17	104	25
18	104	17
19	104	15
20	104	11
21	104	12
22	104	14
23	104	18
0	105	27
1	105	27
2	105	51
3	105	14
4	105	0
5	105	0
6	105	14
7	105	14
8	105	0
9	105	14
10	105	27
11	105	0
12	105	14
13	105	27
14	105	27
15	105	0
16	105	0
17	105	0
18	105	0
19	105	14
20	105	0
21	105	14
22	105	14
23	105	0
0	106	0
1	106	0
2	106	0
3	106	0
4	106	0
5	106	0
6	106	0
7	106	0
8	106	88
9	106	0
10	106	0
11	106	0
12	106	0
13	106	0
14	106	88
15	106	0
16	106	0
17	106	0
18	106	0
19	106	0
20	106	0
21	106	0
22	106	0
23	106	0
0	107	0
1	107	55
2	107	55
3	107	0
4	107	98
5	107	55
6	107	0
7	107	98
8	107	55
9	107	0
10	107	0
11	107	55
12	107	0
13	107	0
14	107	55
15	107	0
16	107	0
17	107	0
18	107	0
19	107	0
20	107	0
21	107	0
22	107	0
23	107	0
0	108	53
1	108	0
2	108	53
3	108	0
4	108	53
5	108	0
6	108	0
7	108	0
8	108	0
9	108	0
10	108	0
11	108	0
12	108	0
13	108	0
14	108	53
15	108	53
16	108	53
17	108	0
18	108	0
19	108	0
20	108	0
21	108	0
22	108	0
23	108	0
0	109	15
1	109	20
2	109	33
3	109	13
4	109	44
5	109	33
6	109	24
7	109	29
8	109	15
9	109	15
10	109	27
11	109	40
12	109	10
13	109	31
14	109	20
15	109	15
16	109	20
17	109	20
18	109	13
19	109	5
20	109	27
21	109	18
22	109	0
23	109	10
0	110	0
1	110	39
2	110	39
3	110	0
4	110	0
5	110	0
6	110	39
7	110	39
8	110	0
9	110	0
10	110	0
11	110	39
12	110	39
13	110	39
14	110	0
15	110	0
16	110	72
17	110	0
18	110	0
19	110	0
20	110	0
21	110	0
22	110	0
23	110	0
0	111	0
1	111	23
2	111	12
3	111	12
4	111	0
5	111	23
6	111	34
7	111	12
8	111	23
9	111	12
10	111	12
11	111	12
12	111	0
13	111	23
14	111	12
15	111	23
16	111	23
17	111	0
18	111	0
19	111	0
20	111	0
21	111	12
22	111	0
23	111	34
0	112	33
1	112	21
2	112	14
3	112	39
4	112	27
5	112	33
6	112	21
7	112	21
8	112	21
9	112	57
10	112	62
11	112	27
12	112	27
13	112	39
14	112	33
15	112	82
16	112	62
17	112	7
18	112	0
19	112	7
20	112	0
21	112	7
22	112	0
23	112	14
0	113	39
1	113	33
2	113	14
3	113	14
4	113	7
5	113	21
6	113	7
7	113	7
8	113	27
9	113	33
10	113	0
11	113	33
12	113	14
13	113	45
14	113	33
15	113	14
16	113	0
17	113	0
18	113	0
19	113	0
20	113	7
21	113	7
22	113	21
23	113	14
0	114	7
1	114	17
2	114	42
3	114	33
4	114	27
5	114	14
6	114	36
7	114	33
8	114	24
9	114	20
10	114	30
11	114	33
12	114	27
13	114	14
14	114	14
15	114	30
16	114	24
17	114	17
18	114	0
19	114	0
20	114	0
21	114	4
22	114	11
23	114	20
0	115	23
1	115	25
2	115	27
3	115	28
4	115	29
5	115	30
6	115	29
7	115	30
8	115	29
9	115	29
10	115	29
11	115	31
12	115	31
13	115	30
14	115	27
15	115	26
16	115	21
17	115	18
18	115	13
19	115	10
20	115	9
21	115	11
22	115	15
23	115	19
0	116	0
1	116	0
2	116	0
3	116	0
4	116	0
5	116	0
6	116	0
7	116	0
8	116	0
9	116	0
10	116	0
11	116	0
12	116	0
13	116	0
14	116	0
15	116	0
16	116	0
17	116	0
18	116	0
19	116	0
20	116	0
21	116	0
22	116	0
23	116	0
0	117	24
1	117	0
2	117	0
3	117	0
4	117	17
5	117	9
6	117	53
7	117	66
8	117	39
9	117	78
10	117	9
11	117	9
12	117	32
13	117	46
14	117	0
15	117	72
16	117	9
17	117	0
18	117	9
19	117	0
20	117	0
21	117	0
22	117	0
23	117	0
0	118	0
1	118	46
2	118	46
3	118	46
4	118	17
5	118	71
6	118	59
7	118	71
8	118	17
9	118	46
10	118	0
11	118	0
12	118	0
13	118	0
14	118	32
15	118	0
16	118	17
17	118	0
18	118	0
19	118	0
20	118	0
21	118	0
22	118	0
23	118	0
0	119	36
1	119	19
2	119	19
3	119	0
4	119	19
5	119	0
6	119	19
7	119	0
8	119	0
9	119	19
10	119	19
11	119	36
12	119	36
13	119	0
14	119	80
15	119	19
16	119	36
17	119	0
18	119	0
19	119	92
20	119	80
21	119	0
22	119	19
23	119	19
0	120	0
1	120	51
2	120	0
3	120	0
4	120	51
5	120	51
6	120	0
7	120	91
8	120	51
9	120	51
10	120	0
11	120	0
12	120	123
13	120	0
14	120	91
15	120	0
16	120	0
17	120	0
18	120	0
19	120	0
20	120	0
21	120	0
22	120	0
23	120	0
0	121	37
1	121	37
2	121	37
3	121	68
4	121	0
5	121	37
6	121	37
7	121	68
8	121	0
9	121	0
10	121	0
11	121	37
12	121	37
13	121	0
14	121	0
15	121	68
16	121	0
17	121	0
18	121	0
19	121	0
20	121	37
21	121	37
22	121	37
23	121	37
0	122	16
1	122	21
2	122	11
3	122	13
4	122	16
5	122	13
6	122	11
7	122	6
8	122	16
9	122	8
10	122	6
11	122	13
12	122	21
13	122	18
14	122	16
15	122	11
16	122	16
17	122	18
18	122	8
19	122	11
20	122	13
21	122	0
22	122	6
23	122	35
0	123	12
1	123	17
2	123	0
3	123	12
4	123	12
5	123	27
6	123	51
7	123	12
8	123	22
9	123	6
10	123	17
11	123	12
12	123	22
13	123	22
14	123	32
15	123	32
16	123	17
17	123	51
18	123	12
19	123	0
20	123	12
21	123	6
22	123	12
23	123	22
0	124	0
1	124	118
2	124	37
3	124	37
4	124	37
5	124	0
6	124	0
7	124	0
8	124	0
9	124	37
10	124	37
11	124	0
12	124	0
13	124	37
14	124	37
15	124	37
16	124	0
17	124	0
18	124	0
19	124	0
20	124	0
21	124	0
22	124	0
23	124	0
0	125	0
1	125	0
2	125	0
3	125	0
4	125	0
5	125	0
6	125	0
7	125	0
8	125	0
9	125	0
10	125	0
11	125	0
12	125	0
13	125	0
14	125	0
15	125	0
16	125	0
17	125	0
18	125	0
19	125	0
20	125	0
21	125	0
22	125	0
23	125	0
0	126	0
1	126	0
2	126	10
3	126	10
4	126	0
5	126	10
6	126	27
7	126	0
8	126	19
9	126	0
10	126	0
11	126	10
12	126	0
13	126	35
14	126	0
15	126	27
16	126	0
17	126	0
18	126	0
19	126	0
20	126	0
21	126	0
22	126	0
23	126	27
0	127	0
1	127	0
2	127	0
3	127	0
4	127	0
5	127	0
6	127	0
7	127	0
8	127	0
9	127	88
10	127	0
11	127	0
12	127	0
13	127	0
14	127	0
15	127	0
16	127	0
17	127	0
18	127	88
19	127	0
20	127	0
21	127	0
22	127	0
23	127	0
0	128	19
1	128	26
2	128	24
3	128	28
4	128	31
5	128	15
6	128	26
7	128	33
8	128	50
9	128	17
10	128	28
11	128	28
12	128	33
13	128	36
14	128	38
15	128	21
16	128	24
17	128	26
18	128	15
19	128	8
20	128	10
21	128	12
22	128	12
23	128	22
0	129	15
1	129	31
2	129	19
3	129	24
4	129	21
5	129	22
6	129	32
7	129	31
8	129	31
9	129	24
10	129	23
11	129	28
12	129	19
13	129	20
14	129	21
15	129	20
16	129	19
17	129	14
18	129	10
19	129	3
20	129	4
21	129	10
22	129	6
23	129	18
0	130	0
1	130	12
2	130	12
3	130	28
4	130	28
5	130	23
6	130	12
7	130	43
8	130	33
9	130	23
10	130	33
11	130	57
12	130	12
13	130	6
14	130	12
15	130	17
16	130	0
17	130	0
18	130	0
19	130	0
20	130	17
21	130	0
22	130	17
23	130	6
0	131	33
1	131	43
2	131	22
3	131	4
4	131	15
5	131	8
6	131	33
7	131	33
8	131	29
9	131	36
10	131	36
11	131	12
12	131	19
13	131	43
14	131	15
15	131	29
16	131	19
17	131	15
18	131	8
19	131	12
20	131	4
21	131	4
22	131	0
23	131	19
0	132	0
1	132	0
2	132	0
3	132	0
4	132	68
5	132	0
6	132	0
7	132	0
8	132	0
9	132	0
10	132	0
11	132	0
12	132	0
13	132	68
14	132	0
15	132	68
16	132	0
17	132	0
18	132	0
19	132	0
20	132	0
21	132	0
22	132	0
23	132	68
0	133	6
1	133	0
2	133	12
3	133	6
4	133	6
5	133	6
6	133	6
7	133	0
8	133	0
9	133	0
10	133	6
11	133	27
12	133	32
13	133	6
14	133	0
15	133	27
16	133	12
17	133	6
18	133	0
19	133	0
20	133	0
21	133	0
22	133	0
23	133	6
0	134	15
1	134	29
2	134	15
3	134	41
4	134	0
5	134	29
6	134	15
7	134	15
8	134	41
9	134	0
10	134	15
11	134	65
12	134	65
13	134	29
14	134	15
15	134	15
16	134	0
17	134	15
18	134	0
19	134	0
20	134	0
21	134	0
22	134	41
23	134	0
0	135	25
1	135	20
2	135	25
3	135	6
4	135	29
5	135	11
6	135	25
7	135	29
8	135	20
9	135	15
10	135	6
11	135	29
12	135	15
13	135	11
14	135	11
15	135	6
16	135	29
17	135	6
18	135	6
19	135	25
20	135	15
21	135	0
22	135	0
23	135	11
0	136	21
1	136	21
2	136	31
3	136	21
4	136	11
5	136	0
6	136	11
7	136	11
8	136	31
9	136	11
10	136	11
11	136	49
12	136	31
13	136	21
14	136	21
15	136	0
16	136	0
17	136	0
18	136	0
19	136	0
20	136	0
21	136	11
22	136	0
23	136	0
0	137	18
1	137	62
2	137	25
3	137	15
4	137	35
5	137	22
6	137	11
7	137	22
8	137	8
9	137	4
10	137	8
11	137	25
12	137	11
13	137	0
14	137	11
15	137	15
16	137	15
17	137	11
18	137	4
19	137	18
20	137	0
21	137	0
22	137	18
23	137	18
0	138	0
1	138	0
2	138	0
3	138	0
4	138	0
5	138	0
6	138	72
7	138	0
8	138	0
9	138	72
10	138	39
11	138	123
12	138	39
13	138	39
14	138	0
15	138	0
16	138	0
17	138	0
18	138	0
19	138	0
20	138	0
21	138	0
22	138	39
23	138	0
0	139	32
1	139	0
2	139	32
3	139	32
4	139	32
5	139	32
6	139	84
7	139	123
8	139	0
9	139	32
10	139	60
11	139	60
12	139	0
13	139	32
14	139	32
15	139	32
16	139	32
17	139	0
18	139	32
19	139	0
20	139	0
21	139	0
22	139	0
23	139	32
0	140	9
1	140	22
2	140	3
3	140	16
4	140	30
5	140	5
6	140	5
7	140	12
8	140	16
9	140	20
10	140	20
11	140	5
12	140	18
13	140	5
14	140	9
15	140	0
16	140	5
17	140	7
18	140	3
19	140	0
20	140	0
21	140	0
22	140	0
23	140	5
0	141	0
1	141	0
2	141	0
3	141	0
4	141	0
5	141	0
6	141	0
7	141	0
8	141	0
9	141	0
10	141	0
11	141	0
12	141	0
13	141	0
14	141	88
15	141	0
16	141	0
17	141	0
18	141	0
19	141	0
20	141	0
21	141	0
22	141	88
23	141	0
0	142	18
1	142	13
2	142	19
3	142	20
4	142	18
5	142	19
6	142	17
7	142	16
8	142	16
9	142	20
10	142	8
11	142	14
12	142	19
13	142	15
14	142	18
15	142	18
16	142	11
17	142	8
18	142	6
19	142	3
20	142	4
21	142	5
22	142	9
23	142	11
0	143	0
1	143	0
2	143	0
3	143	0
4	143	0
5	143	0
6	143	0
7	143	107
8	143	0
9	143	61
10	143	0
11	143	0
12	143	0
13	143	61
14	143	0
15	143	0
16	143	0
17	143	61
18	143	0
19	143	0
20	143	0
21	143	0
22	143	0
23	143	0
0	144	45
1	144	82
2	144	137
3	144	45
4	144	0
5	144	45
6	144	112
7	144	45
8	144	0
9	144	45
10	144	0
11	144	82
12	144	0
13	144	112
14	144	45
15	144	0
16	144	0
17	144	45
18	144	0
19	144	0
20	144	0
21	144	0
22	144	0
23	144	82
0	145	28
1	145	52
2	145	33
3	145	58
4	145	63
5	145	54
6	145	52
7	145	65
8	145	45
9	145	42
10	145	38
11	145	17
12	145	45
13	145	33
14	145	35
15	145	17
16	145	3
17	145	3
18	145	0
19	145	6
20	145	6
21	145	12
22	145	9
23	145	25
0	146	13
1	146	13
2	146	13
3	146	13
4	146	13
5	146	28
6	146	49
7	146	24
8	146	31
9	146	42
10	146	38
11	146	20
12	146	16
13	146	20
14	146	16
15	146	35
16	146	9
17	146	13
18	146	5
19	146	9
20	146	9
21	146	5
22	146	0
23	146	5
0	147	0
1	147	0
2	147	0
3	147	0
4	147	0
5	147	0
6	147	0
7	147	0
8	147	0
9	147	0
10	147	130
11	147	0
12	147	0
13	147	0
14	147	0
15	147	0
16	147	0
17	147	0
18	147	0
19	147	0
20	147	0
21	147	0
22	147	0
23	147	0
0	148	0
1	148	0
2	148	30
3	148	0
4	148	15
5	148	0
6	148	0
7	148	0
8	148	0
9	148	15
10	148	0
11	148	0
12	148	43
13	148	15
14	148	0
15	148	0
16	148	0
17	148	0
18	148	15
19	148	0
20	148	0
21	148	0
22	148	0
23	148	55
0	149	0
1	149	0
2	149	23
3	149	0
4	149	0
5	149	23
6	149	0
7	149	23
8	149	23
9	149	0
10	149	0
11	149	43
12	149	0
13	149	0
14	149	23
15	149	61
16	149	0
17	149	0
18	149	0
19	149	0
20	149	0
21	149	0
22	149	23
23	149	23
0	150	0
1	150	0
2	150	0
3	150	0
4	150	0
5	150	0
6	150	0
7	150	0
8	150	112
9	150	0
10	150	0
11	150	0
12	150	0
13	150	0
14	150	0
15	150	0
16	150	0
17	150	112
18	150	0
19	150	0
20	150	0
21	150	0
22	150	0
23	150	0
0	151	0
1	151	0
2	151	57
3	151	0
4	151	0
5	151	0
6	151	0
7	151	21
8	151	21
9	151	40
10	151	0
11	151	0
12	151	40
13	151	40
14	151	21
15	151	40
16	151	57
17	151	21
18	151	0
19	151	0
20	151	21
21	151	0
22	151	0
23	151	21
0	152	0
1	152	0
2	152	0
3	152	0
4	152	0
5	152	0
6	152	0
7	152	0
8	152	0
9	152	0
10	152	0
11	152	0
12	152	0
13	152	0
14	152	0
15	152	0
16	152	0
17	152	0
18	152	0
19	152	0
20	152	0
21	152	0
22	152	0
23	152	0
0	153	0
1	153	0
2	153	0
3	153	0
4	153	0
5	153	0
6	153	123
7	153	0
8	153	0
9	153	0
10	153	0
11	153	0
12	153	72
13	153	72
14	153	0
15	153	0
16	153	39
17	153	0
18	153	0
19	153	0
20	153	0
21	153	0
22	153	0
23	153	0
0	154	0
1	154	0
2	154	34
3	154	0
4	154	0
5	154	0
6	154	0
7	154	63
8	154	0
9	154	0
10	154	0
11	154	0
12	154	34
13	154	129
14	154	63
15	154	0
16	154	34
17	154	34
18	154	0
19	154	0
20	154	0
21	154	0
22	154	0
23	154	0
0	155	31
1	155	0
2	155	31
3	155	31
4	155	58
5	155	58
6	155	0
7	155	58
8	155	58
9	155	0
10	155	0
11	155	0
12	155	31
13	155	0
14	155	58
15	155	31
16	155	0
17	155	31
18	155	0
19	155	0
20	155	0
21	155	0
22	155	0
23	155	0
0	156	5
1	156	6
2	156	7
3	156	8
4	156	9
5	156	8
6	156	7
7	156	9
8	156	8
9	156	7
10	156	8
11	156	9
12	156	8
13	156	7
14	156	8
15	156	7
16	156	6
17	156	4
18	156	3
19	156	3
20	156	2
21	156	2
22	156	4
23	156	4
0	157	7
1	157	4
2	157	7
3	157	20
4	157	7
5	157	14
6	157	4
7	157	4
8	157	7
9	157	4
10	157	11
11	157	11
12	157	14
13	157	7
14	157	11
15	157	11
16	157	4
17	157	0
18	157	7
19	157	0
20	157	4
21	157	4
22	157	4
23	157	14
0	158	0
1	158	0
2	158	59
3	158	26
4	158	0
5	158	14
6	158	26
7	158	14
8	158	0
9	158	14
10	158	0
11	158	38
12	158	14
13	158	14
14	158	0
15	158	49
16	158	0
17	158	0
18	158	0
19	158	0
20	158	0
21	158	0
22	158	0
23	158	38
0	159	21
1	159	30
2	159	0
3	159	30
4	159	79
5	159	11
6	159	21
7	159	11
8	159	0
9	159	56
10	159	21
11	159	11
12	159	11
13	159	56
14	159	21
15	159	48
16	159	0
17	159	0
18	159	0
19	159	11
20	159	0
21	159	0
22	159	11
23	159	11
0	160	0
1	160	0
2	160	0
3	160	0
4	160	0
5	160	0
6	160	0
7	160	0
8	160	0
9	160	0
10	160	0
11	160	0
12	160	0
13	160	0
14	160	0
15	160	0
16	160	154
17	160	0
18	160	0
19	160	0
20	160	0
21	160	0
22	160	0
23	160	0
0	161	0
1	161	0
2	161	0
3	161	0
4	161	0
5	161	0
6	161	0
7	161	51
8	161	0
9	161	0
10	161	0
11	161	0
12	161	91
13	161	0
14	161	0
15	161	0
16	161	0
17	161	0
18	161	0
19	161	0
20	161	0
21	161	0
22	161	0
23	161	0
0	162	26
1	162	26
2	162	29
3	162	30
4	162	28
5	162	31
6	162	31
7	162	30
8	162	31
9	162	30
10	162	29
11	162	29
12	162	35
13	162	31
14	162	29
15	162	27
16	162	26
17	162	22
18	162	16
19	162	12
20	162	13
21	162	14
22	162	20
23	162	22
0	163	40
1	163	30
2	163	35
3	163	29
4	163	30
5	163	34
6	163	30
7	163	34
8	163	29
9	163	26
10	163	31
11	163	31
12	163	33
13	163	35
14	163	25
15	163	25
16	163	27
17	163	16
18	163	12
19	163	10
20	163	11
21	163	15
22	163	22
23	163	28
0	164	0
1	164	0
2	164	0
3	164	0
4	164	63
5	164	44
6	164	23
7	164	0
8	164	23
9	164	0
10	164	96
11	164	23
12	164	0
13	164	63
14	164	23
15	164	0
16	164	0
17	164	0
18	164	23
19	164	0
20	164	0
21	164	23
22	164	0
23	164	0
0	165	19
1	165	22
2	165	24
3	165	27
4	165	28
5	165	29
6	165	27
7	165	28
8	165	28
9	165	29
10	165	28
11	165	27
12	165	27
13	165	27
14	165	25
15	165	24
16	165	22
17	165	20
18	165	13
19	165	11
20	165	8
21	165	9
22	165	15
23	165	19
0	166	20
1	166	20
2	166	38
3	166	20
4	166	55
5	166	84
6	166	70
7	166	0
8	166	38
9	166	20
10	166	0
11	166	20
12	166	0
13	166	0
14	166	0
15	166	20
16	166	20
17	166	0
18	166	20
19	166	0
20	166	20
21	166	0
22	166	0
23	166	0
0	167	0
1	167	19
2	167	19
3	167	0
4	167	0
5	167	19
6	167	0
7	167	0
8	167	0
9	167	19
10	167	36
11	167	0
12	167	67
13	167	0
14	167	0
15	167	67
16	167	19
17	167	0
18	167	0
19	167	0
20	167	0
21	167	0
22	167	0
23	167	0
0	168	0
1	168	0
2	168	0
3	168	84
4	168	60
5	168	84
6	168	60
7	168	60
8	168	32
9	168	32
10	168	0
11	168	0
12	168	0
13	168	0
14	168	32
15	168	84
16	168	140
17	168	84
18	168	0
19	168	0
20	168	32
21	168	0
22	168	0
23	168	0
0	169	17
1	169	32
2	169	0
3	169	17
4	169	84
5	169	17
6	169	17
7	169	32
8	169	17
9	169	46
10	169	32
11	169	17
12	169	0
13	169	46
14	169	0
15	169	32
16	169	0
17	169	32
18	169	17
19	169	0
20	169	0
21	169	0
22	169	17
23	169	17
0	170	25
1	170	7
2	170	30
3	170	19
4	170	30
5	170	52
6	170	13
7	170	30
8	170	25
9	170	36
10	170	47
11	170	25
12	170	19
13	170	13
14	170	57
15	170	19
16	170	13
17	170	7
18	170	7
19	170	0
20	170	13
21	170	7
22	170	0
23	170	13
0	171	0
1	171	23
2	171	43
3	171	23
4	171	53
5	171	33
6	171	23
7	171	23
8	171	0
9	171	0
10	171	23
11	171	23
12	171	0
13	171	23
14	171	12
15	171	12
16	171	0
17	171	53
18	171	12
19	171	0
20	171	0
21	171	0
22	171	0
23	171	0
0	172	0
1	172	0
2	172	45
3	172	45
4	172	112
5	172	0
6	172	0
7	172	45
8	172	82
9	172	0
10	172	0
11	172	0
12	172	0
13	172	45
14	172	45
15	172	0
16	172	0
17	172	0
18	172	0
19	172	0
20	172	0
21	172	0
22	172	0
23	172	137
0	173	0
1	173	0
2	173	0
3	173	0
4	173	0
5	173	0
6	173	0
7	173	0
8	173	0
9	173	0
10	173	0
11	173	70
12	173	0
13	173	0
14	173	0
15	173	0
16	173	0
17	173	0
18	173	0
19	173	0
20	173	0
21	173	0
22	173	70
23	173	0
0	174	45
1	174	35
2	174	35
3	174	33
4	174	36
5	174	44
6	174	33
7	174	37
8	174	43
9	174	39
10	174	42
11	174	40
12	174	39
13	174	45
14	174	35
15	174	31
16	174	36
17	174	30
18	174	22
19	174	19
20	174	22
21	174	24
22	174	31
23	174	41
0	175	30
1	175	0
2	175	0
3	175	30
4	175	30
5	175	30
6	175	0
7	175	0
8	175	101
9	175	0
10	175	0
11	175	30
12	175	57
13	175	0
14	175	30
15	175	0
16	175	0
17	175	0
18	175	30
19	175	0
20	175	0
21	175	0
22	175	0
23	175	0
0	176	0
1	176	42
2	176	9
3	176	18
4	176	34
5	176	26
6	176	0
7	176	18
8	176	34
9	176	26
10	176	18
11	176	18
12	176	26
13	176	42
14	176	9
15	176	34
16	176	26
17	176	18
18	176	9
19	176	18
20	176	34
21	176	9
22	176	26
23	176	18
0	177	17
1	177	17
2	177	0
3	177	17
4	177	0
5	177	17
6	177	32
7	177	17
8	177	32
9	177	0
10	177	0
11	177	17
12	177	47
13	177	47
14	177	17
15	177	0
16	177	17
17	177	17
18	177	60
19	177	0
20	177	0
21	177	0
22	177	17
23	177	0
0	178	0
1	178	0
2	178	0
3	178	0
4	178	0
5	178	0
6	178	0
7	178	95
8	178	0
9	178	0
10	178	0
11	178	0
12	178	128
13	178	0
14	178	0
15	178	0
16	178	0
17	178	0
18	178	0
19	178	53
20	178	0
21	178	0
22	178	0
23	178	0
0	179	0
1	179	61
2	179	61
3	179	142
4	179	61
5	179	107
6	179	0
7	179	61
8	179	107
9	179	0
10	179	0
11	179	0
12	179	107
13	179	0
14	179	61
15	179	0
16	179	0
17	179	0
18	179	0
19	179	0
20	179	0
21	179	0
22	179	0
23	179	0
0	180	0
1	180	0
2	180	0
3	180	0
4	180	0
5	180	0
6	180	0
7	180	0
8	180	0
9	180	0
10	180	0
11	180	0
12	180	0
13	180	0
14	180	0
15	180	0
16	180	0
17	180	0
18	180	0
19	180	0
20	180	0
21	180	0
22	180	0
23	180	0
0	181	0
1	181	0
2	181	64
3	181	64
4	181	0
5	181	0
6	181	0
7	181	64
8	181	112
9	181	64
10	181	64
11	181	0
12	181	0
13	181	0
14	181	195
15	181	0
16	181	0
17	181	64
18	181	0
19	181	0
20	181	0
21	181	0
22	181	0
23	181	0
0	182	0
1	182	0
2	182	0
3	182	201
4	182	0
5	182	0
6	182	0
7	182	0
8	182	0
9	182	0
10	182	0
11	182	0
12	182	0
13	182	0
14	182	0
15	182	0
16	182	0
17	182	0
18	182	0
19	182	0
20	182	0
21	182	0
22	182	0
23	182	0
0	183	103
1	183	50
2	183	22
3	183	11
4	183	0
5	183	11
6	183	11
7	183	31
8	183	11
9	183	41
10	183	11
11	183	0
12	183	11
13	183	67
14	183	0
15	183	11
16	183	0
17	183	0
18	183	0
19	183	0
20	183	0
21	183	0
22	183	11
23	183	0
0	184	0
1	184	0
2	184	0
3	184	0
4	184	0
5	184	0
6	184	0
7	184	0
8	184	0
9	184	0
10	184	0
11	184	0
12	184	0
13	184	0
14	184	0
15	184	0
16	184	0
17	184	230
18	184	0
19	184	0
20	184	0
21	184	0
22	184	0
23	184	0
0	185	8
1	185	16
2	185	30
3	185	8
4	185	23
5	185	23
6	185	44
7	185	23
8	185	23
9	185	30
10	185	16
11	185	30
12	185	37
13	185	8
14	185	23
15	185	44
16	185	8
17	185	30
18	185	8
19	185	16
20	185	8
21	185	8
22	185	23
23	185	30
0	186	4
1	186	6
2	186	6
3	186	7
4	186	5
5	186	6
6	186	6
7	186	6
8	186	6
9	186	6
10	186	6
11	186	6
12	186	5
13	186	6
14	186	5
15	186	4
16	186	4
17	186	3
18	186	1
19	186	2
20	186	1
21	186	3
22	186	3
23	186	6
0	187	0
1	187	43
2	187	43
3	187	79
4	187	79
5	187	43
6	187	79
7	187	0
8	187	0
9	187	79
10	187	0
11	187	0
12	187	0
13	187	0
14	187	0
15	187	0
16	187	0
17	187	0
18	187	0
19	187	0
20	187	0
21	187	0
22	187	43
23	187	79
0	188	16
1	188	19
2	188	20
3	188	22
4	188	23
5	188	23
6	188	22
7	188	23
8	188	22
9	188	23
10	188	23
11	188	24
12	188	24
13	188	23
14	188	23
15	188	21
16	188	17
17	188	13
18	188	10
19	188	8
20	188	7
21	188	7
22	188	10
23	188	14
0	189	0
1	189	0
2	189	109
3	189	79
4	189	43
5	189	0
6	189	0
7	189	0
8	189	0
9	189	0
10	189	0
11	189	0
12	189	43
13	189	79
14	189	0
15	189	79
16	189	0
17	189	43
18	189	0
19	189	0
20	189	0
21	189	0
22	189	0
23	189	0
0	190	39
1	190	14
2	190	22
3	190	14
4	190	32
5	190	24
6	190	19
7	190	32
8	190	11
9	190	48
10	190	9
11	190	34
12	190	39
13	190	27
14	190	14
15	190	11
16	190	9
17	190	6
18	190	17
19	190	9
20	190	0
21	190	0
22	190	11
23	190	9
0	191	23
1	191	11
2	191	17
3	191	27
4	191	23
5	191	10
6	191	13
7	191	50
8	191	20
9	191	14
10	191	19
11	191	27
12	191	25
13	191	10
14	191	16
15	191	14
16	191	8
17	191	8
18	191	10
19	191	2
20	191	4
21	191	5
22	191	7
23	191	10
0	192	19
1	192	18
2	192	22
3	192	24
4	192	23
5	192	20
6	192	20
7	192	25
8	192	20
9	192	19
10	192	20
11	192	25
12	192	23
13	192	25
14	192	22
15	192	21
16	192	16
17	192	15
18	192	11
19	192	9
20	192	7
21	192	9
22	192	14
23	192	15
0	193	11
1	193	64
2	193	48
3	193	0
4	193	56
5	193	11
6	193	48
7	193	48
8	193	30
9	193	11
10	193	48
11	193	48
12	193	0
13	193	20
14	193	11
15	193	20
16	193	0
17	193	0
18	193	0
19	193	0
20	193	0
21	193	0
22	193	0
23	193	0
0	194	0
1	194	0
2	194	0
3	194	123
4	194	123
5	194	123
6	194	0
7	194	123
8	194	123
9	194	0
10	194	0
11	194	187
12	194	0
13	194	0
14	194	0
15	194	0
16	194	0
17	194	0
18	194	0
19	194	0
20	194	0
21	194	0
22	194	0
23	194	0
0	195	0
1	195	0
2	195	0
3	195	19
4	195	67
5	195	0
6	195	19
7	195	36
8	195	36
9	195	0
10	195	93
11	195	36
12	195	93
13	195	36
14	195	67
15	195	67
16	195	36
17	195	0
18	195	0
19	195	0
20	195	0
21	195	0
22	195	0
23	195	0
0	196	8
1	196	12
2	196	8
3	196	19
4	196	4
5	196	4
6	196	4
7	196	8
8	196	12
9	196	42
10	196	35
11	196	15
12	196	15
13	196	8
14	196	4
15	196	45
16	196	39
17	196	12
18	196	4
19	196	0
20	196	0
21	196	8
22	196	4
23	196	12
0	197	0
1	197	88
2	197	0
3	197	88
4	197	0
5	197	0
6	197	0
7	197	0
8	197	0
9	197	88
10	197	145
11	197	0
12	197	88
13	197	88
14	197	145
15	197	0
16	197	0
17	197	0
18	197	0
19	197	0
20	197	88
21	197	0
22	197	0
23	197	0
0	198	0
1	198	0
2	198	0
3	198	0
4	198	0
5	198	0
6	198	77
7	198	0
8	198	0
9	198	0
10	198	0
11	198	0
12	198	130
13	198	0
14	198	212
15	198	0
16	198	0
17	198	0
18	198	0
19	198	0
20	198	0
21	198	0
22	198	0
23	198	0
0	199	58
1	199	21
2	199	40
3	199	40
4	199	0
5	199	0
6	199	0
7	199	0
8	199	0
9	199	0
10	199	0
11	199	21
12	199	21
13	199	0
14	199	21
15	199	21
16	199	58
17	199	0
18	199	0
19	199	0
20	199	0
21	199	21
22	199	21
23	199	0
0	200	92
1	200	0
2	200	0
3	200	0
4	200	36
5	200	0
6	200	0
7	200	0
8	200	0
9	200	66
10	200	36
11	200	0
12	200	66
13	200	0
14	200	0
15	200	0
16	200	0
17	200	0
18	200	0
19	200	0
20	200	0
21	200	0
22	200	0
23	200	0
0	201	27
1	201	32
2	201	22
3	201	27
4	201	12
5	201	12
6	201	56
7	201	47
8	201	32
9	201	17
10	201	17
11	201	17
12	201	12
13	201	37
14	201	22
15	201	12
16	201	0
17	201	0
18	201	6
19	201	0
20	201	0
21	201	0
22	201	6
23	201	0
0	202	43
1	202	20
2	202	37
3	202	7
4	202	48
5	202	7
6	202	20
7	202	59
8	202	13
9	202	7
10	202	37
11	202	20
12	202	20
13	202	26
14	202	7
15	202	7
16	202	0
17	202	0
18	202	0
19	202	7
20	202	0
21	202	0
22	202	26
23	202	0
0	203	32
1	203	0
2	203	60
3	203	0
4	203	0
5	203	0
6	203	0
7	203	0
8	203	0
9	203	0
10	203	0
11	203	32
12	203	32
13	203	0
14	203	60
15	203	0
16	203	32
17	203	0
18	203	0
19	203	0
20	203	0
21	203	0
22	203	84
23	203	0
0	204	0
1	204	0
2	204	35
3	204	112
4	204	35
5	204	35
6	204	0
7	204	35
8	204	0
9	204	0
10	204	0
11	204	0
12	204	0
13	204	35
14	204	0
15	204	0
16	204	0
17	204	0
18	204	0
19	204	0
20	204	0
21	204	0
22	204	0
23	204	0
0	205	27
1	205	27
2	205	0
3	205	0
4	205	0
5	205	0
6	205	91
7	205	0
8	205	0
9	205	27
10	205	0
11	205	0
12	205	51
13	205	91
14	205	27
15	205	0
16	205	27
17	205	27
18	205	0
19	205	0
20	205	0
21	205	0
22	205	0
23	205	51
0	206	0
1	206	0
2	206	0
3	206	61
4	206	61
5	206	61
6	206	0
7	206	61
8	206	0
9	206	0
10	206	0
11	206	0
12	206	0
13	206	0
14	206	0
15	206	0
16	206	107
17	206	0
18	206	0
19	206	107
20	206	0
21	206	0
22	206	61
23	206	0
0	207	7
1	207	7
2	207	15
3	207	11
4	207	23
5	207	11
6	207	13
7	207	3
8	207	9
9	207	15
10	207	9
11	207	17
12	207	15
13	207	23
14	207	25
15	207	9
16	207	9
17	207	7
18	207	0
19	207	5
20	207	5
21	207	5
22	207	5
23	207	3
0	208	0
1	208	0
2	208	0
3	208	0
4	208	0
5	208	61
6	208	61
7	208	61
8	208	61
9	208	142
10	208	61
11	208	0
12	208	0
13	208	0
14	208	0
15	208	0
16	208	0
17	208	0
18	208	0
19	208	0
20	208	0
21	208	0
22	208	0
23	208	0
0	209	33
1	209	0
2	209	26
3	209	26
4	209	9
5	209	18
6	209	9
7	209	0
8	209	18
9	209	33
10	209	26
11	209	62
12	209	69
13	209	41
14	209	9
15	209	41
16	209	48
17	209	41
18	209	26
19	209	9
20	209	9
21	209	9
22	209	0
23	209	9
0	210	33
1	210	32
2	210	34
3	210	32
4	210	34
5	210	34
6	210	33
7	210	34
8	210	36
9	210	35
10	210	32
11	210	38
12	210	36
13	210	39
14	210	38
15	210	38
16	210	31
17	210	29
18	210	20
19	210	19
20	210	17
21	210	16
22	210	24
23	210	27
0	211	0
1	211	0
2	211	0
3	211	0
4	211	0
5	211	0
6	211	112
7	211	0
8	211	0
9	211	0
10	211	0
11	211	0
12	211	112
13	211	0
14	211	0
15	211	0
16	211	0
17	211	0
18	211	0
19	211	0
20	211	0
21	211	0
22	211	0
23	211	0
0	212	0
1	212	0
2	212	95
3	212	0
4	212	0
5	212	0
6	212	53
7	212	0
8	212	53
9	212	0
10	212	95
11	212	53
12	212	0
13	212	53
14	212	0
15	212	0
16	212	0
17	212	0
18	212	0
19	212	0
20	212	0
21	212	0
22	212	0
23	212	0
0	213	0
1	213	0
2	213	0
3	213	0
4	213	0
5	213	0
6	213	137
7	213	0
8	213	0
9	213	137
10	213	0
11	213	0
12	213	0
13	213	0
14	213	0
15	213	0
16	213	137
17	213	0
18	213	0
19	213	0
20	213	0
21	213	0
22	213	0
23	213	0
0	214	67
1	214	0
2	214	0
3	214	0
4	214	25
5	214	25
6	214	85
7	214	25
8	214	25
9	214	0
10	214	25
11	214	47
12	214	0
13	214	0
14	214	0
15	214	0
16	214	0
17	214	85
18	214	101
19	214	25
20	214	101
21	214	152
22	214	85
23	214	0
0	215	20
1	215	20
2	215	30
3	215	16
4	215	25
5	215	30
6	215	34
7	215	20
8	215	16
9	215	52
10	215	11
11	215	43
12	215	128
13	215	25
14	215	16
15	215	34
16	215	48
17	215	64
18	215	30
19	215	16
20	215	20
21	215	6
22	215	16
23	215	30
0	216	0
1	216	0
2	216	0
3	216	0
4	216	201
5	216	0
6	216	0
7	216	0
8	216	0
9	216	201
10	216	0
11	216	0
12	216	0
13	216	0
14	216	0
15	216	0
16	216	0
17	216	0
18	216	0
19	216	0
20	216	0
21	216	0
22	216	0
23	216	0
0	217	22
1	217	22
2	217	19
3	217	13
4	217	10
5	217	22
6	217	4
7	217	42
8	217	16
9	217	28
10	217	19
11	217	16
12	217	34
13	217	19
14	217	22
15	217	31
16	217	19
17	217	10
18	217	7
19	217	13
20	217	4
21	217	10
22	217	16
23	217	7
0	218	0
1	218	0
2	218	0
3	218	0
4	218	0
5	218	175
6	218	0
7	218	0
8	218	0
9	218	0
10	218	0
11	218	0
12	218	0
13	218	0
14	218	0
15	218	0
16	218	0
17	218	0
18	218	0
19	218	0
20	218	0
21	218	0
22	218	0
23	218	0
0	219	0
1	219	77
2	219	0
3	219	0
4	219	77
5	219	0
6	219	130
7	219	0
8	219	0
9	219	0
10	219	0
11	219	0
12	219	0
13	219	0
14	219	0
15	219	0
16	219	0
17	219	0
18	219	0
19	219	0
20	219	0
21	219	0
22	219	0
23	219	0
0	220	0
1	220	39
2	220	27
3	220	27
4	220	50
5	220	39
6	220	14
7	220	50
8	220	50
9	220	39
10	220	61
11	220	27
12	220	14
13	220	0
14	220	14
15	220	0
16	220	14
17	220	14
18	220	0
19	220	0
20	220	0
21	220	0
22	220	0
23	220	0
0	221	44
1	221	0
2	221	44
3	221	57
4	221	16
5	221	16
6	221	0
7	221	16
8	221	44
9	221	30
10	221	57
11	221	57
12	221	57
13	221	30
14	221	80
15	221	57
16	221	44
17	221	30
18	221	16
19	221	16
20	221	0
21	221	0
22	221	0
23	221	16
0	222	0
1	222	0
2	222	0
3	222	0
4	222	0
5	222	0
6	222	0
7	222	0
8	222	123
9	222	0
10	222	0
11	222	0
12	222	0
13	222	0
14	222	0
15	222	0
16	222	0
17	222	0
18	222	0
19	222	0
20	222	0
21	222	0
22	222	0
23	222	0
0	223	26
1	223	28
2	223	26
3	223	24
4	223	25
5	223	28
6	223	31
7	223	29
8	223	26
9	223	28
10	223	27
11	223	31
12	223	34
13	223	30
14	223	28
15	223	24
16	223	18
17	223	15
18	223	14
19	223	13
20	223	13
21	223	12
22	223	17
23	223	21
0	224	60
1	224	32
2	224	17
3	224	17
4	224	0
5	224	0
6	224	73
7	224	0
8	224	17
9	224	0
10	224	17
11	224	32
12	224	0
13	224	17
14	224	0
15	224	0
16	224	32
17	224	17
18	224	0
19	224	0
20	224	17
21	224	0
22	224	17
23	224	17
0	225	10
1	225	27
2	225	19
3	225	35
4	225	43
5	225	27
6	225	0
7	225	10
8	225	51
9	225	51
10	225	27
11	225	10
12	225	27
13	225	10
14	225	43
15	225	27
16	225	35
17	225	10
18	225	0
19	225	0
20	225	0
21	225	19
22	225	10
23	225	35
0	226	0
1	226	0
2	226	0
3	226	0
4	226	0
5	226	44
6	226	0
7	226	0
8	226	0
9	226	0
10	226	23
11	226	0
12	226	0
13	226	0
14	226	0
15	226	0
16	226	0
17	226	0
18	226	0
19	226	0
20	226	0
21	226	0
22	226	0
23	226	0
0	227	0
1	227	0
2	227	0
3	227	0
4	227	0
5	227	0
6	227	132
7	227	180
8	227	0
9	227	0
10	227	0
11	227	0
12	227	0
13	227	0
14	227	98
15	227	0
16	227	98
17	227	0
18	227	0
19	227	0
20	227	0
21	227	0
22	227	0
23	227	0
0	228	0
1	228	123
2	228	0
3	228	0
4	228	0
5	228	0
6	228	0
7	228	123
8	228	0
9	228	0
10	228	0
11	228	0
12	228	0
13	228	0
14	228	0
15	228	0
16	228	0
17	228	0
18	228	0
19	228	0
20	228	0
21	228	0
22	228	0
23	228	0
0	229	11
1	229	0
2	229	18
3	229	30
4	229	16
5	229	8
6	229	21
7	229	13
8	229	18
9	229	28
10	229	37
11	229	35
12	229	11
13	229	30
14	229	26
15	229	18
16	229	28
17	229	11
18	229	3
19	229	6
20	229	8
21	229	3
22	229	8
23	229	11
0	230	0
1	230	0
2	230	0
3	230	0
4	230	0
5	230	0
6	230	0
7	230	0
8	230	0
9	230	0
10	230	0
11	230	0
12	230	0
13	230	0
14	230	0
15	230	0
16	230	0
17	230	0
18	230	0
19	230	0
20	230	0
21	230	0
22	230	0
23	230	0
0	231	21
1	231	17
2	231	22
3	231	14
4	231	12
5	231	16
6	231	18
7	231	21
8	231	16
9	231	31
10	231	24
11	231	13
12	231	12
13	231	13
14	231	20
15	231	17
16	231	10
17	231	12
18	231	6
19	231	6
20	231	8
21	231	20
22	231	18
23	231	13
0	232	0
1	232	0
2	232	0
3	232	0
4	232	58
5	232	0
6	232	0
7	232	103
8	232	58
9	232	0
10	232	58
11	232	103
12	232	0
13	232	0
14	232	0
15	232	58
16	232	0
17	232	0
18	232	0
19	232	0
20	232	0
21	232	0
22	232	0
23	232	0
0	233	0
1	233	0
2	233	0
3	233	0
4	233	0
5	233	0
6	233	0
7	233	0
8	233	0
9	233	0
10	233	0
11	233	0
12	233	0
13	233	0
14	233	0
15	233	0
16	233	0
17	233	0
18	233	0
19	233	0
20	233	0
21	233	0
22	233	0
23	233	201
0	234	21
1	234	49
2	234	21
3	234	31
4	234	21
5	234	21
6	234	40
7	234	40
8	234	40
9	234	66
10	234	40
11	234	66
12	234	21
13	234	31
14	234	31
15	234	49
16	234	21
17	234	21
18	234	40
19	234	11
20	234	0
21	234	11
22	234	21
23	234	21
0	235	55
1	235	55
2	235	0
3	235	0
4	235	0
5	235	0
6	235	98
7	235	0
8	235	0
9	235	55
10	235	0
11	235	0
12	235	0
13	235	0
14	235	0
15	235	0
16	235	0
17	235	0
18	235	0
19	235	0
20	235	0
21	235	0
22	235	0
23	235	0
0	236	10
1	236	27
2	236	10
3	236	18
4	236	27
5	236	10
6	236	18
7	236	50
8	236	27
9	236	18
10	236	10
11	236	43
12	236	10
13	236	18
14	236	50
15	236	10
16	236	35
17	236	0
18	236	0
19	236	0
20	236	0
21	236	10
22	236	10
23	236	0
