Counts for Apple(2) in Indonesia(19):
Hour	Location Index	Count
0	0	0
1	0	0
2	0	0
3	0	0
4	0	0
5	0	0
6	0	0
7	0	0
8	0	0
9	0	0
10	0	0
11	0	0
12	0	0
13	0	0
14	0	0
15	0	0
16	0	0
17	0	0
18	0	0
19	0	0
20	0	0
21	0	0
22	0	0
23	0	0
0	1	0
1	1	0
2	1	37
3	1	0
4	1	37
5	1	0
6	1	0
7	1	0
8	1	37
9	1	37
10	1	37
11	1	0
12	1	0
13	1	0
14	1	0
15	1	0
16	1	0
17	1	0
18	1	0
19	1	0
20	1	0
21	1	0
22	1	0
23	1	0
0	2	48
1	2	80
2	2	30
3	2	21
4	2	30
5	2	39
6	2	30
7	2	21
8	2	0
9	2	39
10	2	21
11	2	11
12	2	30
13	2	21
14	2	30
15	2	21
16	2	30
17	2	39
18	2	11
19	2	0
20	2	0
21	2	0
22	2	21
23	2	0
0	3	40
1	3	40
2	3	44
3	3	16
4	3	23
5	3	27
6	3	16
7	3	23
8	3	40
9	3	40
10	3	19
11	3	12
12	3	4
13	3	34
14	3	37
15	3	27
16	3	12
17	3	16
18	3	4
19	3	4
20	3	0
21	3	0
22	3	68
23	3	30
0	4	5
1	4	7
2	4	5
3	4	7
4	4	6
5	4	7
6	4	6
7	4	8
8	4	6
9	4	7
10	4	7
11	4	6
12	4	6
13	4	6
14	4	5
15	4	6
16	4	5
17	4	4
18	4	5
19	4	2
20	4	2
21	4	2
22	4	3
23	4	4
0	5	8
1	5	9
2	5	9
3	5	18
4	5	17
5	5	11
6	5	12
7	5	13
8	5	13
9	5	18
10	5	11
11	5	14
12	5	11
13	5	10
14	5	12
15	5	7
16	5	10
17	5	9
18	5	7
19	5	2
20	5	2
21	5	3
22	5	6
23	5	6
0	6	0
1	6	0
2	6	16
3	6	16
4	6	58
5	6	0
6	6	16
7	6	0
8	6	16
9	6	0
10	6	16
11	6	0
12	6	16
13	6	0
14	6	31
15	6	0
16	6	0
17	6	0
18	6	0
19	6	0
20	6	0
21	6	0
22	6	0
23	6	0
0	7	27
1	7	0
2	7	14
3	7	14
4	7	0
5	7	14
6	7	14
7	7	14
8	7	0
9	7	27
10	7	0
11	7	14
12	7	62
13	7	27
14	7	14
15	7	0
16	7	0
17	7	0
18	7	14
19	7	0
20	7	0
21	7	0
22	7	40
23	7	0
0	8	0
1	8	0
2	8	0
3	8	0
4	8	0
5	8	0
6	8	0
7	8	0
8	8	0
9	8	175
10	8	0
11	8	0
12	8	0
13	8	0
14	8	0
15	8	0
16	8	0
17	8	0
18	8	175
19	8	0
20	8	0
21	8	0
22	8	230
23	8	0
0	9	0
1	9	0
2	9	0
3	9	0
4	9	0
5	9	0
6	9	0
7	9	0
8	9	0
9	9	0
10	9	0
11	9	0
12	9	0
13	9	0
14	9	0
15	9	0
16	9	0
17	9	0
18	9	0
19	9	0
20	9	0
21	9	0
22	9	0
23	9	0
0	10	0
1	10	0
2	10	0
3	10	32
4	10	0
5	10	0
6	10	0
7	10	0
8	10	0
9	10	0
10	10	17
11	10	0
12	10	0
13	10	17
14	10	32
15	10	0
16	10	0
17	10	0
18	10	0
19	10	0
20	10	0
21	10	0
22	10	17
23	10	17
0	11	19
1	11	0
2	11	5
3	11	10
4	11	5
5	11	14
6	11	10
7	11	10
8	11	14
9	11	23
10	11	27
11	11	19
12	11	5
13	11	5
14	11	23
15	11	5
16	11	10
17	11	10
18	11	0
19	11	5
20	11	5
21	11	5
22	11	0
23	11	0
0	12	0
1	12	46
2	12	13
3	12	0
4	12	0
5	12	0
6	12	65
7	12	0
8	12	13
9	12	0
10	12	56
11	12	35
12	12	0
13	12	0
14	12	46
15	12	35
16	12	24
17	12	13
18	12	0
19	12	0
20	12	0
21	12	0
22	12	24
23	12	0
0	13	8
1	13	6
2	13	8
3	13	6
4	13	6
5	13	10
6	13	6
7	13	0
8	13	6
9	13	6
10	13	3
11	13	8
12	13	20
13	13	18
14	13	8
15	13	15
16	13	3
17	13	0
18	13	3
19	13	0
20	13	0
21	13	0
22	13	0
23	13	6
0	14	45
1	14	0
2	14	0
3	14	0
4	14	0
5	14	82
6	14	0
7	14	0
8	14	0
9	14	45
10	14	0
11	14	0
12	14	0
13	14	0
14	14	0
15	14	0
16	14	0
17	14	0
18	14	0
19	14	0
20	14	0
21	14	0
22	14	0
23	14	0
0	15	0
1	15	0
2	15	0
3	15	0
4	15	0
5	15	0
6	15	0
7	15	0
8	15	0
9	15	0
10	15	0
11	15	0
12	15	0
13	15	0
14	15	0
15	15	0
16	15	0
17	15	0
18	15	0
19	15	0
20	15	0
21	15	0
22	15	0
23	15	0
0	16	12
1	16	9
2	16	12
3	16	11
4	16	11
5	16	14
6	16	10
7	16	13
8	16	10
9	16	10
10	16	11
11	16	8
12	16	13
13	16	14
14	16	14
15	16	8
16	16	10
17	16	5
18	16	8
19	16	3
20	16	3
21	16	5
22	16	3
23	16	6
0	17	0
1	17	20
2	17	37
3	17	37
4	17	0
5	17	0
6	17	0
7	17	37
8	17	0
9	17	0
10	17	37
11	17	0
12	17	37
13	17	54
14	17	20
15	17	20
16	17	20
17	17	0
18	17	0
19	17	0
20	17	0
21	17	0
22	17	0
23	17	0
0	18	0
1	18	0
2	18	7
3	18	7
4	18	7
5	18	14
6	18	14
7	18	0
8	18	0
9	18	7
10	18	14
11	18	7
12	18	27
13	18	7
14	18	14
15	18	0
16	18	27
17	18	7
18	18	14
19	18	0
20	18	27
21	18	0
22	18	0
23	18	0
0	19	0
1	19	40
2	19	0
3	19	0
4	19	103
5	19	0
6	19	0
7	19	0
8	19	0
9	19	0
10	19	40
11	19	40
12	19	0
13	19	74
14	19	40
15	19	40
16	19	40
17	19	0
18	19	0
19	19	0
20	19	0
21	19	0
22	19	0
23	19	0
0	20	8
1	20	6
2	20	0
3	20	6
4	20	8
5	20	6
6	20	8
7	20	3
8	20	4
9	20	6
10	20	4
11	20	8
12	20	6
13	20	10
14	20	4
15	20	14
16	20	4
17	20	3
18	20	8
19	20	0
20	20	0
21	20	0
22	20	3
23	20	10
0	21	0
1	21	55
2	21	0
3	21	55
4	21	0
5	21	0
6	21	55
7	21	0
8	21	0
9	21	0
10	21	0
11	21	0
12	21	0
13	21	0
14	21	0
15	21	0
16	21	55
17	21	0
18	21	0
19	21	0
20	21	0
21	21	0
22	21	0
23	21	0
0	22	4
1	22	11
2	22	15
3	22	19
4	22	15
5	22	19
6	22	4
7	22	4
8	22	19
9	22	8
10	22	8
11	22	11
12	22	0
13	22	25
14	22	4
15	22	22
16	22	11
17	22	0
18	22	4
19	22	8
20	22	0
21	22	0
22	22	0
23	22	4
0	23	2
1	23	2
2	23	3
3	23	2
4	23	3
5	23	3
6	23	0
7	23	2
8	23	2
9	23	3
10	23	3
11	23	6
12	23	3
13	23	3
14	23	3
15	23	3
16	23	5
17	23	3
18	23	3
19	23	1
20	23	1
21	23	2
22	23	2
23	23	0
0	24	0
1	24	8
2	24	22
3	24	35
4	24	8
5	24	15
6	24	15
7	24	8
8	24	0
9	24	0
10	24	22
11	24	8
12	24	8
13	24	8
14	24	8
15	24	8
16	24	8
17	24	8
18	24	0
19	24	0
20	24	0
21	24	8
22	24	0
23	24	0
0	25	0
1	25	0
2	25	52
3	25	0
4	25	28
5	25	28
6	25	28
7	25	0
8	25	28
9	25	0
10	25	52
11	25	0
12	25	0
13	25	28
14	25	0
15	25	0
16	25	28
17	25	0
18	25	0
19	25	0
20	25	0
21	25	0
22	25	0
23	25	0
0	26	5
1	26	0
2	26	10
3	26	10
4	26	5
5	26	10
6	26	10
7	26	0
8	26	10
9	26	5
10	26	15
11	26	0
12	26	15
13	26	24
14	26	5
15	26	0
16	26	0
17	26	0
18	26	0
19	26	5
20	26	15
21	26	10
22	26	0
23	26	0
0	27	51
1	27	72
2	27	27
3	27	51
4	27	27
5	27	0
6	27	27
7	27	91
8	27	51
9	27	51
10	27	27
11	27	0
12	27	27
13	27	108
14	27	27
15	27	0
16	27	0
17	27	0
18	27	0
19	27	0
20	27	0
21	27	0
22	27	0
23	27	0
0	28	0
1	28	0
2	28	0
3	28	0
4	28	0
5	28	0
6	28	21
7	28	0
8	28	0
9	28	0
10	28	74
11	28	21
12	28	21
13	28	40
14	28	40
15	28	21
16	28	0
17	28	0
18	28	0
19	28	21
20	28	0
21	28	0
22	28	0
23	28	0
0	29	0
1	29	0
2	29	50
3	29	0
4	29	0
5	29	26
6	29	0
7	29	0
8	29	26
9	29	0
10	29	26
11	29	26
12	29	0
13	29	0
14	29	0
15	29	0
16	29	0
17	29	0
18	29	0
19	29	0
20	29	0
21	29	0
22	29	0
23	29	26
0	30	21
1	30	19
2	30	19
3	30	18
4	30	15
5	30	22
6	30	16
7	30	18
8	30	14
9	30	19
10	30	19
11	30	20
12	30	16
13	30	17
14	30	17
15	30	15
16	30	10
17	30	6
18	30	5
19	30	3
20	30	3
21	30	3
22	30	8
23	30	13
0	31	0
1	31	0
2	31	0
3	31	0
4	31	95
5	31	0
6	31	53
7	31	0
8	31	0
9	31	0
10	31	0
11	31	0
12	31	0
13	31	0
14	31	0
15	31	0
16	31	0
17	31	0
18	31	0
19	31	0
20	31	0
21	31	0
22	31	0
23	31	0
0	32	0
1	32	0
2	32	0
3	32	0
4	32	0
5	32	183
6	32	0
7	32	0
8	32	0
9	32	0
10	32	88
11	32	88
12	32	0
13	32	208
14	32	0
15	32	0
16	32	0
17	32	0
18	32	0
19	32	0
20	32	0
21	32	0
22	32	0
23	32	0
0	33	0
1	33	0
2	33	0
3	33	28
4	33	0
5	33	0
6	33	0
7	33	0
8	33	0
9	33	0
10	33	0
11	33	0
12	33	0
13	33	28
14	33	0
15	33	0
16	33	0
17	33	0
18	33	0
19	33	0
20	33	0
21	33	0
22	33	0
23	33	0
0	34	0
1	34	46
2	34	0
3	34	24
4	34	46
5	34	24
6	34	46
7	34	0
8	34	46
9	34	0
10	34	0
11	34	0
12	34	0
13	34	0
14	34	83
15	34	0
16	34	0
17	34	0
18	34	0
19	34	24
20	34	0
21	34	65
22	34	24
23	34	0
0	35	0
1	35	0
2	35	55
3	35	0
4	35	0
5	35	0
6	35	0
7	35	0
8	35	0
9	35	0
10	35	0
11	35	0
12	35	0
13	35	0
14	35	0
15	35	55
16	35	0
17	35	0
18	35	0
19	35	0
20	35	0
21	35	0
22	35	0
23	35	132
0	36	0
1	36	0
2	36	0
3	36	0
4	36	0
5	36	36
6	36	0
7	36	0
8	36	0
9	36	0
10	36	0
11	36	19
12	36	0
13	36	0
14	36	0
15	36	0
16	36	0
17	36	0
18	36	0
19	36	0
20	36	0
21	36	0
22	36	0
23	36	19
0	37	21
1	37	0
2	37	56
3	37	56
4	37	0
5	37	0
6	37	0
7	37	72
8	37	39
9	37	21
10	37	21
11	37	56
12	37	86
13	37	56
14	37	21
15	37	56
16	37	21
17	37	0
18	37	0
19	37	0
20	37	0
21	37	0
22	37	0
23	37	21
0	38	40
1	38	60
2	38	24
3	38	30
4	38	45
5	38	50
6	38	45
7	38	50
8	38	18
9	38	13
10	38	13
11	38	35
12	38	35
13	38	35
14	38	13
15	38	18
16	38	13
17	38	7
18	38	7
19	38	0
20	38	0
21	38	30
22	38	40
23	38	13
0	39	3
1	39	1
2	39	1
3	39	4
4	39	3
5	39	3
6	39	2
7	39	3
8	39	2
9	39	1
10	39	2
11	39	2
12	39	3
13	39	4
14	39	3
15	39	2
16	39	4
17	39	2
18	39	2
19	39	1
20	39	1
21	39	0
22	39	1
23	39	2
0	40	0
1	40	0
2	40	154
3	40	0
4	40	0
5	40	154
6	40	0
7	40	154
8	40	154
9	40	0
10	40	0
11	40	0
12	40	0
13	40	0
14	40	0
15	40	0
16	40	0
17	40	0
18	40	0
19	40	0
20	40	0
21	40	0
22	40	0
23	40	0
0	41	88
1	41	0
2	41	145
3	41	88
4	41	0
5	41	0
6	41	0
7	41	0
8	41	0
9	41	0
10	41	0
11	41	88
12	41	0
13	41	0
14	41	0
15	41	0
16	41	0
17	41	0
18	41	0
19	41	0
20	41	0
21	41	0
22	41	0
23	41	0
0	42	0
1	42	0
2	42	0
3	42	0
4	42	0
5	42	0
6	42	0
7	42	253
8	42	0
9	42	0
10	42	0
11	42	0
12	42	0
13	42	0
14	42	0
15	42	0
16	42	0
17	42	0
18	42	0
19	42	0
20	42	0
21	42	0
22	42	0
23	42	0
0	43	0
1	43	0
2	43	0
3	43	0
4	43	0
5	43	0
6	43	0
7	43	0
8	43	0
9	43	48
10	43	164
11	43	0
12	43	0
13	43	0
14	43	0
15	43	0
16	43	0
17	43	0
18	43	0
19	43	0
20	43	0
21	43	0
22	43	0
23	43	48
0	44	12
1	44	12
2	44	23
3	44	34
4	44	0
5	44	0
6	44	0
7	44	0
8	44	0
9	44	0
10	44	54
11	44	34
12	44	34
13	44	63
14	44	23
15	44	54
16	44	63
17	44	0
18	44	0
19	44	12
20	44	0
21	44	12
22	44	0
23	44	12
0	45	0
1	45	0
2	45	0
3	45	0
4	45	0
5	45	0
6	45	67
7	45	0
8	45	0
9	45	47
10	45	0
11	45	0
12	45	0
13	45	0
14	45	0
15	45	47
16	45	0
17	45	25
18	45	25
19	45	0
20	45	0
21	45	0
22	45	0
23	45	0
0	46	0
1	46	0
2	46	0
3	46	0
4	46	0
5	46	0
6	46	0
7	46	0
8	46	0
9	46	0
10	46	33
11	46	0
12	46	0
13	46	0
14	46	0
15	46	0
16	46	0
17	46	0
18	46	0
19	46	0
20	46	0
21	46	0
22	46	0
23	46	0
0	47	12
1	47	15
2	47	17
3	47	18
4	47	18
5	47	18
6	47	17
7	47	18
8	47	17
9	47	17
10	47	20
11	47	24
12	47	21
13	47	22
14	47	20
15	47	19
16	47	16
17	47	12
18	47	6
19	47	4
20	47	3
21	47	2
22	47	5
23	47	14
0	48	5
1	48	5
2	48	0
3	48	0
4	48	5
5	48	5
6	48	5
7	48	10
8	48	0
9	48	24
10	48	15
11	48	5
12	48	15
13	48	15
14	48	5
15	48	24
16	48	0
17	48	0
18	48	0
19	48	0
20	48	0
21	48	5
22	48	0
23	48	0
0	49	0
1	49	0
2	49	0
3	49	0
4	49	0
5	49	0
6	49	0
7	49	0
8	49	0
9	49	0
10	49	0
11	49	0
12	49	0
13	49	0
14	49	0
15	49	0
16	49	0
17	49	0
18	49	0
19	49	0
20	49	0
21	49	0
22	49	0
23	49	0
0	50	0
1	50	0
2	50	0
3	50	0
4	50	0
5	50	0
6	50	0
7	50	0
8	50	0
9	50	0
10	50	0
11	50	0
12	50	0
13	50	0
14	50	0
15	50	0
16	50	0
17	50	0
18	50	0
19	50	0
20	50	0
21	50	0
22	50	0
23	50	0
0	51	0
1	51	0
2	51	0
3	51	0
4	51	0
5	51	0
6	51	0
7	51	0
8	51	0
9	51	57
10	51	0
11	51	80
12	51	57
13	51	80
14	51	0
15	51	0
16	51	0
17	51	0
18	51	0
19	51	0
20	51	0
21	51	0
22	51	30
23	51	0
0	52	0
1	52	22
2	52	0
3	52	0
4	52	0
5	52	0
6	52	0
7	52	0
8	52	0
9	52	0
10	52	0
11	52	22
12	52	59
13	52	0
14	52	22
15	52	22
16	52	22
17	52	0
18	52	0
19	52	0
20	52	41
21	52	0
22	52	22
23	52	59
0	53	23
1	53	23
2	53	0
3	53	0
4	53	44
5	53	23
6	53	0
7	53	0
8	53	0
9	53	0
10	53	12
11	53	0
12	53	34
13	53	12
14	53	0
15	53	0
16	53	23
17	53	0
18	53	0
19	53	0
20	53	0
21	53	0
22	53	23
23	53	0
0	54	26
1	54	49
2	54	0
3	54	0
4	54	0
5	54	26
6	54	26
7	54	0
8	54	26
9	54	0
10	54	26
11	54	0
12	54	0
13	54	26
14	54	0
15	54	0
16	54	69
17	54	26
18	54	0
19	54	0
20	54	0
21	54	26
22	54	0
23	54	0
0	55	52
1	55	56
2	55	66
3	55	42
4	55	29
5	55	36
6	55	45
7	55	36
8	55	44
9	55	50
10	55	29
11	55	48
12	55	36
13	55	48
14	55	31
15	55	18
16	55	13
17	55	16
18	55	10
19	55	8
20	55	2
21	55	3
22	55	21
23	55	37
0	56	123
1	56	0
2	56	0
3	56	0
4	56	0
5	56	0
6	56	0
7	56	0
8	56	187
9	56	123
10	56	0
11	56	0
12	56	0
13	56	0
14	56	0
15	56	0
16	56	0
17	56	0
18	56	0
19	56	0
20	56	0
21	56	0
22	56	0
23	56	0
0	57	21
1	57	39
2	57	39
3	57	0
4	57	0
5	57	0
6	57	0
7	57	0
8	57	56
9	57	0
10	57	0
11	57	21
12	57	0
13	57	39
14	57	21
15	57	21
16	57	0
17	57	0
18	57	0
19	57	0
20	57	0
21	57	0
22	57	39
23	57	21
0	58	0
1	58	0
2	58	0
3	58	39
4	58	0
5	58	0
6	58	0
7	58	0
8	58	0
9	58	0
10	58	0
11	58	0
12	58	0
13	58	0
14	58	0
15	58	0
16	58	0
17	58	0
18	58	0
19	58	0
20	58	0
21	58	0
22	58	0
23	58	0
0	59	54
1	59	73
2	59	67
3	59	17
4	59	40
5	59	40
6	59	9
7	59	79
8	59	54
9	59	79
10	59	32
11	59	32
12	59	17
13	59	25
14	59	40
15	59	17
16	59	40
17	59	32
18	59	0
19	59	9
20	59	0
21	59	0
22	59	47
23	59	9
0	60	25
1	60	0
2	60	0
3	60	0
4	60	0
5	60	0
6	60	25
7	60	0
8	60	25
9	60	86
10	60	0
11	60	0
12	60	0
13	60	0
14	60	25
15	60	0
16	60	0
17	60	0
18	60	0
19	60	0
20	60	0
21	60	0
22	60	0
23	60	0
0	61	0
1	61	0
2	61	0
3	61	0
4	61	0
5	61	10
6	61	0
7	61	0
8	61	0
9	61	0
10	61	0
11	61	0
12	61	0
13	61	0
14	61	10
15	61	0
16	61	0
17	61	0
18	61	0
19	61	0
20	61	0
21	61	0
22	61	0
23	61	10
0	62	0
1	62	0
2	62	0
3	62	0
4	62	0
5	62	0
6	62	0
7	62	0
8	62	0
9	62	0
10	62	0
11	62	0
12	62	0
13	62	0
14	62	0
15	62	0
16	62	0
17	62	0
18	62	0
19	62	0
20	62	0
21	62	0
22	62	0
23	62	0
0	63	0
1	63	0
2	63	0
3	63	0
4	63	0
5	63	0
6	63	0
7	63	0
8	63	0
9	63	0
10	63	0
11	63	0
12	63	0
13	63	61
14	63	0
15	63	0
16	63	0
17	63	142
18	63	0
19	63	0
20	63	0
21	63	0
22	63	0
23	63	0
0	64	0
1	64	0
2	64	0
3	64	0
4	64	48
5	64	0
6	64	0
7	64	0
8	64	0
9	64	25
10	64	0
11	64	25
12	64	25
13	64	0
14	64	48
15	64	0
16	64	0
17	64	0
18	64	0
19	64	0
20	64	0
21	64	25
22	64	0
23	64	0
0	65	0
1	65	0
2	65	0
3	65	0
4	65	49
5	65	0
6	65	49
7	65	0
8	65	0
9	65	0
10	65	0
11	65	0
12	65	0
13	65	0
14	65	49
15	65	0
16	65	49
17	65	0
18	65	0
19	65	0
20	65	0
21	65	0
22	65	0
23	65	0
0	66	88
1	66	0
2	66	0
3	66	0
4	66	0
5	66	0
6	66	145
7	66	0
8	66	0
9	66	145
10	66	0
11	66	88
12	66	0
13	66	0
14	66	0
15	66	145
16	66	0
17	66	0
18	66	0
19	66	0
20	66	0
21	66	0
22	66	0
23	66	0
0	67	4
1	67	18
2	67	18
3	67	14
4	67	4
5	67	8
6	67	14
7	67	11
8	67	24
9	67	11
10	67	8
11	67	14
12	67	18
13	67	28
14	67	8
15	67	11
16	67	8
17	67	8
18	67	0
19	67	0
20	67	0
21	67	0
22	67	0
23	67	34
0	68	64
1	68	0
2	68	0
3	68	64
4	68	0
5	68	0
6	68	0
7	68	0
8	68	0
9	68	0
10	68	0
11	68	0
12	68	0
13	68	35
14	68	0
15	68	0
16	68	0
17	68	0
18	68	0
19	68	0
20	68	0
21	68	0
22	68	0
23	68	0
0	69	0
1	69	0
2	69	0
3	69	0
4	69	0
5	69	0
6	69	55
7	69	55
8	69	55
9	69	55
10	69	55
11	69	0
12	69	0
13	69	55
14	69	0
15	69	55
16	69	0
17	69	0
18	69	0
19	69	0
20	69	0
21	69	0
22	69	0
23	69	0
0	70	10
1	70	10
2	70	11
3	70	10
4	70	11
5	70	11
6	70	12
7	70	14
8	70	11
9	70	12
10	70	11
11	70	14
12	70	15
13	70	12
14	70	14
15	70	15
16	70	12
17	70	8
18	70	5
19	70	4
20	70	2
21	70	3
22	70	5
23	70	8
0	71	18
1	71	0
2	71	0
3	71	0
4	71	0
5	71	0
6	71	0
7	71	18
8	71	0
9	71	0
10	71	0
11	71	18
12	71	18
13	71	35
14	71	18
15	71	0
16	71	0
17	71	0
18	71	0
19	71	0
20	71	0
21	71	0
22	71	18
23	71	18
0	72	13
1	72	42
2	72	7
3	72	16
4	72	19
5	72	19
6	72	13
7	72	16
8	72	19
9	72	33
10	72	10
11	72	25
12	72	19
13	72	25
14	72	31
15	72	33
16	72	10
17	72	13
18	72	0
19	72	0
20	72	7
21	72	0
22	72	10
23	72	22
0	73	0
1	73	0
2	73	103
3	73	0
4	73	0
5	73	103
6	73	0
7	73	0
8	73	0
9	73	0
10	73	103
11	73	103
12	73	0
13	73	0
14	73	0
15	73	0
16	73	0
17	73	103
18	73	0
19	73	0
20	73	0
21	73	0
22	73	0
23	73	0
0	74	6
1	74	11
2	74	26
3	74	11
4	74	0
5	74	11
6	74	21
7	74	16
8	74	6
9	74	41
10	74	6
11	74	11
12	74	31
13	74	21
14	74	11
15	74	26
16	74	6
17	74	0
18	74	0
19	74	6
20	74	0
21	74	6
22	74	6
23	74	6
0	75	0
1	75	0
2	75	0
3	75	0
4	75	0
5	75	0
6	75	0
7	75	0
8	75	0
9	75	0
10	75	0
11	75	0
12	75	0
13	75	0
14	75	88
15	75	0
16	75	88
17	75	0
18	75	0
19	75	0
20	75	0
21	75	0
22	75	49
23	75	0
0	76	0
1	76	0
2	76	0
3	76	0
4	76	0
5	76	0
6	76	0
7	76	0
8	76	253
9	76	0
10	76	0
11	76	0
12	76	0
13	76	0
14	76	0
15	76	0
16	76	0
17	76	0
18	76	0
19	76	0
20	76	0
21	76	0
22	76	0
23	76	0
0	77	93
1	77	43
2	77	61
3	77	23
4	77	47
5	77	33
6	77	65
7	77	47
8	77	38
9	77	57
10	77	38
11	77	52
12	77	28
13	77	23
14	77	43
15	77	12
16	77	23
17	77	12
18	77	6
19	77	0
20	77	0
21	77	0
22	77	12
23	77	28
0	78	56
1	78	112
2	78	21
3	78	0
4	78	39
5	78	39
6	78	21
7	78	21
8	78	21
9	78	86
10	78	39
11	78	123
12	78	39
13	78	56
14	78	56
15	78	21
16	78	0
17	78	0
18	78	0
19	78	0
20	78	0
21	78	56
22	78	56
23	78	39
0	79	54
1	79	20
2	79	30
3	79	18
4	79	25
5	79	16
6	79	37
7	79	25
8	79	27
9	79	37
10	79	27
11	79	27
12	79	41
13	79	34
14	79	34
15	79	27
16	79	13
17	79	0
18	79	3
19	79	0
20	79	3
21	79	6
22	79	32
23	79	41
0	80	6
1	80	8
2	80	7
3	80	8
4	80	7
5	80	7
6	80	7
7	80	7
8	80	8
9	80	8
10	80	8
11	80	8
12	80	8
13	80	8
14	80	7
15	80	7
16	80	6
17	80	5
18	80	4
19	80	2
20	80	2
21	80	2
22	80	3
23	80	6
0	81	0
1	81	0
2	81	0
3	81	0
4	81	0
5	81	0
6	81	0
7	81	0
8	81	77
9	81	77
10	81	0
11	81	0
12	81	0
13	81	0
14	81	0
15	81	0
16	81	0
17	81	167
18	81	0
19	81	0
20	81	0
21	81	0
22	81	0
23	81	77
0	82	51
1	82	0
2	82	0
3	82	91
4	82	0
5	82	91
6	82	0
7	82	0
8	82	0
9	82	0
10	82	0
11	82	0
12	82	51
13	82	51
14	82	0
15	82	0
16	82	0
17	82	123
18	82	0
19	82	0
20	82	0
21	82	0
22	82	0
23	82	0
0	83	0
1	83	0
2	83	34
3	83	18
4	83	76
5	83	0
6	83	0
7	83	0
8	83	0
9	83	18
10	83	0
11	83	0
12	83	34
13	83	0
14	83	18
15	83	18
16	83	18
17	83	0
18	83	0
19	83	0
20	83	0
21	83	0
22	83	0
23	83	0
0	84	0
1	84	14
2	84	0
3	84	7
4	84	21
5	84	7
6	84	14
7	84	21
8	84	14
9	84	7
10	84	14
11	84	33
12	84	27
13	84	14
14	84	51
15	84	14
16	84	14
17	84	0
18	84	21
19	84	0
20	84	0
21	84	0
22	84	0
23	84	7
0	85	0
1	85	0
2	85	0
3	85	0
4	85	0
5	85	0
6	85	0
7	85	0
8	85	0
9	85	0
10	85	0
11	85	0
12	85	0
13	85	0
14	85	0
15	85	0
16	85	0
17	85	0
18	85	0
19	85	0
20	85	0
21	85	0
22	85	0
23	85	0
0	86	0
1	86	0
2	86	0
3	86	21
4	86	0
5	86	0
6	86	0
7	86	0
8	86	0
9	86	0
10	86	21
11	86	0
12	86	0
13	86	0
14	86	0
15	86	0
16	86	0
17	86	0
18	86	0
19	86	0
20	86	0
21	86	0
22	86	0
23	86	0
0	87	0
1	87	0
2	87	0
3	87	0
4	87	0
5	87	0
6	87	0
7	87	0
8	87	0
9	87	0
10	87	0
11	87	0
12	87	0
13	87	0
14	87	0
15	87	0
16	87	0
17	87	0
18	87	0
19	87	0
20	87	0
21	87	0
22	87	0
23	87	0
0	88	0
1	88	0
2	88	0
3	88	0
4	88	244
5	88	0
6	88	0
7	88	0
8	88	0
9	88	0
10	88	0
11	88	0
12	88	0
13	88	0
14	88	0
15	88	0
16	88	0
17	88	0
18	88	0
19	88	0
20	88	0
21	88	0
22	88	0
23	88	0
0	89	12
1	89	12
2	89	12
3	89	52
4	89	52
5	89	0
6	89	12
7	89	22
8	89	60
9	89	42
10	89	0
11	89	42
12	89	0
13	89	12
14	89	12
15	89	0
16	89	12
17	89	12
18	89	12
19	89	0
20	89	0
21	89	0
22	89	0
23	89	0
0	90	0
1	90	167
2	90	0
3	90	0
4	90	0
5	90	0
6	90	212
7	90	0
8	90	0
9	90	0
10	90	0
11	90	0
12	90	77
13	90	0
14	90	0
15	90	0
16	90	0
17	90	0
18	90	0
19	90	0
20	90	0
21	90	0
22	90	0
23	90	0
0	91	0
1	91	0
2	91	0
3	91	0
4	91	0
5	91	0
6	91	0
7	91	0
8	91	0
9	91	0
10	91	0
11	91	0
12	91	201
13	91	0
14	91	0
15	91	0
16	91	0
17	91	0
18	91	0
19	91	0
20	91	0
21	91	0
22	91	0
23	91	0
0	92	0
1	92	0
2	92	0
3	92	0
4	92	0
5	92	0
6	92	0
7	92	0
8	92	0
9	92	0
10	92	0
11	92	0
12	92	0
13	92	0
14	92	14
15	92	0
16	92	0
17	92	0
18	92	14
19	92	0
20	92	0
21	92	0
22	92	0
23	92	0
0	93	8
1	93	37
2	93	30
3	93	30
4	93	0
5	93	16
6	93	0
7	93	0
8	93	8
9	93	23
10	93	8
11	93	30
12	93	0
13	93	8
14	93	8
15	93	8
16	93	8
17	93	0
18	93	0
19	93	0
20	93	0
21	93	0
22	93	0
23	93	0
0	94	0
1	94	0
2	94	0
3	94	0
4	94	0
5	94	0
6	94	0
7	94	0
8	94	0
9	94	0
10	94	0
11	94	0
12	94	0
13	94	0
14	94	0
15	94	0
16	94	0
17	94	0
18	94	128
19	94	0
20	94	0
21	94	0
22	94	0
23	94	0
0	95	5
1	95	3
2	95	5
3	95	3
4	95	4
5	95	4
6	95	4
7	95	4
8	95	3
9	95	4
10	95	6
11	95	5
12	95	3
13	95	6
14	95	5
15	95	3
16	95	3
17	95	3
18	95	2
19	95	1
20	95	1
21	95	2
22	95	3
23	95	3
0	96	0
1	96	0
2	96	0
3	96	0
4	96	123
5	96	0
6	96	0
7	96	0
8	96	123
9	96	0
10	96	0
11	96	0
12	96	0
13	96	0
14	96	0
15	96	0
16	96	0
17	96	0
18	96	0
19	96	0
20	96	0
21	96	0
22	96	0
23	96	0
0	97	33
1	97	0
2	97	0
3	97	0
4	97	33
5	97	33
6	97	61
7	97	33
8	97	0
9	97	0
10	97	61
11	97	33
12	97	0
13	97	61
14	97	0
15	97	61
16	97	0
17	97	0
18	97	0
19	97	0
20	97	0
21	97	0
22	97	0
23	97	0
0	98	0
1	98	0
2	98	0
3	98	0
4	98	0
5	98	0
6	98	82
7	98	0
8	98	0
9	98	0
10	98	0
11	98	82
12	98	82
13	98	0
14	98	82
15	98	0
16	98	0
17	98	0
18	98	0
19	98	0
20	98	0
21	98	0
22	98	0
23	98	0
0	99	14
1	99	29
2	99	21
3	99	45
4	99	21
5	99	29
6	99	27
7	99	21
8	99	14
9	99	55
10	99	29
11	99	33
12	99	55
13	99	77
14	99	43
15	99	12
16	99	3
17	99	5
18	99	3
19	99	3
20	99	5
21	99	7
22	99	14
23	99	14
0	100	98
1	100	0
2	100	0
3	100	0
4	100	55
5	100	98
6	100	0
7	100	0
8	100	0
9	100	0
10	100	55
11	100	0
12	100	0
13	100	0
14	100	0
15	100	55
16	100	55
17	100	0
18	100	0
19	100	0
20	100	0
21	100	0
22	100	0
23	100	55
0	101	0
1	101	0
2	101	0
3	101	0
4	101	0
5	101	0
6	101	33
7	101	17
8	101	0
9	101	17
10	101	0
11	101	0
12	101	0
13	101	0
14	101	48
15	101	0
16	101	33
17	101	0
18	101	0
19	101	0
20	101	0
21	101	0
22	101	0
23	101	0
0	102	61
1	102	61
2	102	12
3	102	43
4	102	12
5	102	12
6	102	43
7	102	23
8	102	12
9	102	70
10	102	23
11	102	33
12	102	52
13	102	52
14	102	12
15	102	23
16	102	12
17	102	0
18	102	12
19	102	0
20	102	0
21	102	0
22	102	33
23	102	23
0	103	60
1	103	32
2	103	0
3	103	140
4	103	32
5	103	0
6	103	0
7	103	0
8	103	0
9	103	0
10	103	0
11	103	0
12	103	60
13	103	32
14	103	0
15	103	0
16	103	0
17	103	0
18	103	0
19	103	0
20	103	0
21	103	0
22	103	32
23	103	0
0	104	3
1	104	3
2	104	4
3	104	5
4	104	5
5	104	5
6	104	4
7	104	5
8	104	6
9	104	5
10	104	4
11	104	5
12	104	5
13	104	5
14	104	6
15	104	6
16	104	5
17	104	4
18	104	3
19	104	2
20	104	1
21	104	1
22	104	1
23	104	3
0	105	14
1	105	62
2	105	51
3	105	14
4	105	14
5	105	83
6	105	0
7	105	27
8	105	14
9	105	14
10	105	40
11	105	27
12	105	27
13	105	0
14	105	101
15	105	14
16	105	27
17	105	0
18	105	0
19	105	14
20	105	0
21	105	0
22	105	40
23	105	27
0	106	0
1	106	0
2	106	0
3	106	0
4	106	0
5	106	0
6	106	0
7	106	88
8	106	0
9	106	88
10	106	0
11	106	0
12	106	0
13	106	0
14	106	0
15	106	88
16	106	0
17	106	0
18	106	88
19	106	0
20	106	0
21	106	0
22	106	0
23	106	0
0	107	0
1	107	0
2	107	0
3	107	0
4	107	0
5	107	0
6	107	55
7	107	55
8	107	0
9	107	0
10	107	0
11	107	0
12	107	55
13	107	55
14	107	0
15	107	98
16	107	0
17	107	0
18	107	0
19	107	0
20	107	0
21	107	0
22	107	0
23	107	0
0	108	0
1	108	0
2	108	53
3	108	0
4	108	53
5	108	53
6	108	0
7	108	95
8	108	0
9	108	53
10	108	53
11	108	0
12	108	53
13	108	0
14	108	95
15	108	0
16	108	0
17	108	53
18	108	0
19	108	0
20	108	0
21	108	0
22	108	95
23	108	0
0	109	13
1	109	22
2	109	13
3	109	48
4	109	40
5	109	24
6	109	20
7	109	29
8	109	10
9	109	27
10	109	8
11	109	29
12	109	15
13	109	18
14	109	20
15	109	20
16	109	15
17	109	18
18	109	3
19	109	15
20	109	3
21	109	0
22	109	3
23	109	8
0	110	0
1	110	0
2	110	0
3	110	0
4	110	39
5	110	39
6	110	39
7	110	0
8	110	0
9	110	39
10	110	0
11	110	0
12	110	39
13	110	0
14	110	0
15	110	100
16	110	39
17	110	0
18	110	0
19	110	0
20	110	0
21	110	0
22	110	0
23	110	39
0	111	12
1	111	23
2	111	34
3	111	12
4	111	23
5	111	23
6	111	23
7	111	34
8	111	0
9	111	12
10	111	0
11	111	0
12	111	0
13	111	34
14	111	23
15	111	12
16	111	12
17	111	12
18	111	12
19	111	0
20	111	0
21	111	0
22	111	0
23	111	0
0	112	7
1	112	7
2	112	0
3	112	0
4	112	0
5	112	0
6	112	0
7	112	0
8	112	7
9	112	0
10	112	14
11	112	7
12	112	7
13	112	7
14	112	7
15	112	27
16	112	0
17	112	7
18	112	14
19	112	0
20	112	0
21	112	14
22	112	14
23	112	39
0	113	21
1	113	0
2	113	39
3	113	21
4	113	27
5	113	7
6	113	7
7	113	21
8	113	21
9	113	21
10	113	33
11	113	7
12	113	14
13	113	21
14	113	27
15	113	0
16	113	21
17	113	0
18	113	14
19	113	0
20	113	0
21	113	0
22	113	0
23	113	7
0	114	17
1	114	0
2	114	30
3	114	14
4	114	14
5	114	11
6	114	4
7	114	24
8	114	7
9	114	17
10	114	0
11	114	27
12	114	17
13	114	30
14	114	7
15	114	7
16	114	14
17	114	11
18	114	0
19	114	4
20	114	0
21	114	0
22	114	7
23	114	7
0	115	6
1	115	8
2	115	8
3	115	9
4	115	10
5	115	10
6	115	10
7	115	10
8	115	9
9	115	10
10	115	10
11	115	11
12	115	10
13	115	9
14	115	8
15	115	7
16	115	6
17	115	4
18	115	3
19	115	2
20	115	2
21	115	2
22	115	3
23	115	5
0	116	0
1	116	0
2	116	0
3	116	0
4	116	0
5	116	0
6	116	201
7	116	0
8	116	0
9	116	201
10	116	0
11	116	0
12	116	0
13	116	0
14	116	0
15	116	0
16	116	0
17	116	0
18	116	0
19	116	0
20	116	0
21	116	0
22	116	0
23	116	0
0	117	39
1	117	24
2	117	17
3	117	9
4	117	39
5	117	0
6	117	32
7	117	17
8	117	24
9	117	9
10	117	9
11	117	39
12	117	32
13	117	24
14	117	53
15	117	17
16	117	32
17	117	24
18	117	9
19	117	0
20	117	0
21	117	0
22	117	9
23	117	39
0	118	17
1	118	0
2	118	0
3	118	0
4	118	0
5	118	0
6	118	0
7	118	46
8	118	0
9	118	0
10	118	0
11	118	0
12	118	0
13	118	0
14	118	0
15	118	0
16	118	0
17	118	0
18	118	0
19	118	0
20	118	0
21	118	0
22	118	0
23	118	0
0	119	36
1	119	0
2	119	0
3	119	0
4	119	0
5	119	0
6	119	0
7	119	0
8	119	0
9	119	36
10	119	0
11	119	0
12	119	19
13	119	0
14	119	19
15	119	0
16	119	19
17	119	19
18	119	0
19	119	0
20	119	0
21	119	0
22	119	0
23	119	0
0	120	0
1	120	0
2	120	0
3	120	0
4	120	0
5	120	0
6	120	0
7	120	0
8	120	0
9	120	0
10	120	0
11	120	0
12	120	149
13	120	0
14	120	0
15	120	0
16	120	0
17	120	0
18	120	0
19	120	0
20	120	0
21	120	0
22	120	0
23	120	0
0	121	0
1	121	37
2	121	0
3	121	0
4	121	68
5	121	0
6	121	0
7	121	0
8	121	95
9	121	0
10	121	37
11	121	0
12	121	0
13	121	0
14	121	68
15	121	0
16	121	0
17	121	0
18	121	0
19	121	0
20	121	37
21	121	0
22	121	0
23	121	0
0	122	13
1	122	13
2	122	13
3	122	18
4	122	16
5	122	11
6	122	25
7	122	11
8	122	8
9	122	30
10	122	11
11	122	21
12	122	18
13	122	48
14	122	18
15	122	23
16	122	18
17	122	18
18	122	0
19	122	3
20	122	3
21	122	3
22	122	3
23	122	16
0	123	12
1	123	6
2	123	37
3	123	6
4	123	6
5	123	0
6	123	17
7	123	0
8	123	12
9	123	27
10	123	32
11	123	12
12	123	6
13	123	17
14	123	0
15	123	12
16	123	12
17	123	0
18	123	0
19	123	0
20	123	0
21	123	6
22	123	6
23	123	0
0	124	68
1	124	0
2	124	0
3	124	0
4	124	0
5	124	0
6	124	0
7	124	0
8	124	37
9	124	0
10	124	68
11	124	37
12	124	95
13	124	0
14	124	0
15	124	68
16	124	0
17	124	0
18	124	0
19	124	0
20	124	0
21	124	0
22	124	0
23	124	0
0	125	0
1	125	0
2	125	0
3	125	0
4	125	0
5	125	0
6	125	0
7	125	154
8	125	0
9	125	0
10	125	0
11	125	0
12	125	154
13	125	0
14	125	0
15	125	0
16	125	0
17	125	0
18	125	0
19	125	0
20	125	0
21	125	0
22	125	0
23	125	0
0	126	19
1	126	66
2	126	27
3	126	72
4	126	0
5	126	27
6	126	43
7	126	10
8	126	10
9	126	19
10	126	43
11	126	51
12	126	66
13	126	27
14	126	58
15	126	35
16	126	43
17	126	0
18	126	0
19	126	0
20	126	0
21	126	0
22	126	19
23	126	10
0	127	0
1	127	88
2	127	0
3	127	0
4	127	0
5	127	0
6	127	0
7	127	0
8	127	145
9	127	145
10	127	0
11	127	0
12	127	145
13	127	0
14	127	0
15	127	0
16	127	0
17	127	0
18	127	0
19	127	0
20	127	0
21	127	0
22	127	0
23	127	0
0	128	10
1	128	12
2	128	10
3	128	6
4	128	6
5	128	4
6	128	17
7	128	15
8	128	14
9	128	2
10	128	17
11	128	17
12	128	4
13	128	26
14	128	31
15	128	19
16	128	17
17	128	8
18	128	4
19	128	2
20	128	4
21	128	2
22	128	2
23	128	6
0	129	8
1	129	17
2	129	18
3	129	10
4	129	16
5	129	15
6	129	15
7	129	12
8	129	10
9	129	12
10	129	14
11	129	25
12	129	11
13	129	10
14	129	18
15	129	20
16	129	19
17	129	6
18	129	9
19	129	2
20	129	2
21	129	10
22	129	10
23	129	6
0	130	17
1	130	6
2	130	12
3	130	23
4	130	12
5	130	28
6	130	17
7	130	6
8	130	12
9	130	17
10	130	38
11	130	6
12	130	17
13	130	12
14	130	23
15	130	6
16	130	12
17	130	0
18	130	0
19	130	0
20	130	0
21	130	6
22	130	0
23	130	12
0	131	19
1	131	12
2	131	15
3	131	12
4	131	15
5	131	8
6	131	15
7	131	15
8	131	12
9	131	0
10	131	12
11	131	19
12	131	22
13	131	26
14	131	22
15	131	19
16	131	12
17	131	22
18	131	4
19	131	4
20	131	4
21	131	0
22	131	0
23	131	8
0	132	0
1	132	0
2	132	0
3	132	0
4	132	0
5	132	0
6	132	68
7	132	0
8	132	0
9	132	0
10	132	0
11	132	68
12	132	0
13	132	68
14	132	0
15	132	0
16	132	0
17	132	0
18	132	0
19	132	0
20	132	0
21	132	0
22	132	68
23	132	0
0	133	0
1	133	12
2	133	6
3	133	6
4	133	0
5	133	12
6	133	6
7	133	0
8	133	6
9	133	6
10	133	6
11	133	32
12	133	17
13	133	6
14	133	12
15	133	0
16	133	6
17	133	6
18	133	0
19	133	0
20	133	0
21	133	0
22	133	12
23	133	6
0	134	29
1	134	0
2	134	0
3	134	15
4	134	0
5	134	0
6	134	15
7	134	65
8	134	41
9	134	15
10	134	0
11	134	54
12	134	76
13	134	29
14	134	0
15	134	0
16	134	0
17	134	0
18	134	15
19	134	0
20	134	0
21	134	29
22	134	0
23	134	0
0	135	6
1	135	11
2	135	20
3	135	15
4	135	15
5	135	11
6	135	15
7	135	11
8	135	6
9	135	15
10	135	15
11	135	15
12	135	15
13	135	11
14	135	6
15	135	15
16	135	20
17	135	15
18	135	11
19	135	0
20	135	0
21	135	6
22	135	11
23	135	0
0	136	0
1	136	21
2	136	0
3	136	0
4	136	21
5	136	0
6	136	31
7	136	21
8	136	0
9	136	21
10	136	0
11	136	11
12	136	21
13	136	0
14	136	0
15	136	0
16	136	0
17	136	0
18	136	0
19	136	0
20	136	0
21	136	0
22	136	0
23	136	11
0	137	0
1	137	0
2	137	8
3	137	11
4	137	11
5	137	8
6	137	0
7	137	4
8	137	0
9	137	8
10	137	0
11	137	4
12	137	8
13	137	25
14	137	0
15	137	25
16	137	0
17	137	8
18	137	0
19	137	0
20	137	0
21	137	4
22	137	0
23	137	0
0	138	0
1	138	0
2	138	0
3	138	0
4	138	0
5	138	0
6	138	39
7	138	39
8	138	0
9	138	0
10	138	0
11	138	39
12	138	0
13	138	0
14	138	0
15	138	0
16	138	0
17	138	0
18	138	0
19	138	0
20	138	0
21	138	0
22	138	0
23	138	0
0	139	0
1	139	0
2	139	0
3	139	0
4	139	0
5	139	0
6	139	0
7	139	0
8	139	0
9	139	32
10	139	32
11	139	0
12	139	0
13	139	0
14	139	60
15	139	0
16	139	0
17	139	0
18	139	0
19	139	0
20	139	0
21	139	32
22	139	0
23	139	0
0	140	46
1	140	47
2	140	44
3	140	47
4	140	44
5	140	30
6	140	46
7	140	56
8	140	51
9	140	55
10	140	42
11	140	44
12	140	42
13	140	47
14	140	24
15	140	18
16	140	14
17	140	14
18	140	5
19	140	5
20	140	3
21	140	3
22	140	44
23	140	20
0	141	0
1	141	0
2	141	0
3	141	0
4	141	0
5	141	0
6	141	0
7	141	0
8	141	0
9	141	183
10	141	88
11	141	0
12	141	0
13	141	0
14	141	0
15	141	0
16	141	0
17	141	0
18	141	0
19	141	0
20	141	0
21	141	0
22	141	0
23	141	0
0	142	8
1	142	9
2	142	9
3	142	13
4	142	12
5	142	6
6	142	9
7	142	11
8	142	7
9	142	9
10	142	8
11	142	13
12	142	9
13	142	8
14	142	11
15	142	10
16	142	9
17	142	7
18	142	5
19	142	2
20	142	2
21	142	2
22	142	3
23	142	7
0	143	0
1	143	0
2	143	0
3	143	0
4	143	61
5	143	0
6	143	0
7	143	0
8	143	0
9	143	0
10	143	0
11	143	0
12	143	0
13	143	61
14	143	61
15	143	0
16	143	61
17	143	0
18	143	0
19	143	0
20	143	0
21	143	0
22	143	0
23	143	0
0	144	0
1	144	0
2	144	0
3	144	0
4	144	0
5	144	0
6	144	0
7	144	0
8	144	0
9	144	0
10	144	0
11	144	0
12	144	0
13	144	0
14	144	0
15	144	0
16	144	0
17	144	0
18	144	0
19	144	0
20	144	0
21	144	0
22	144	0
23	144	0
0	145	0
1	145	0
2	145	0
3	145	0
4	145	6
5	145	3
6	145	3
7	145	0
8	145	9
9	145	0
10	145	0
11	145	0
12	145	3
13	145	3
14	145	3
15	145	6
16	145	0
17	145	0
18	145	0
19	145	0
20	145	0
21	145	0
22	145	3
23	145	0
0	146	5
1	146	5
2	146	5
3	146	13
4	146	9
5	146	13
6	146	28
7	146	13
8	146	13
9	146	28
10	146	35
11	146	9
12	146	42
13	146	9
14	146	16
15	146	31
16	146	16
17	146	13
18	146	9
19	146	0
20	146	5
21	146	5
22	146	5
23	146	13
0	147	0
1	147	130
2	147	0
3	147	0
4	147	0
5	147	167
6	147	77
7	147	0
8	147	0
9	147	0
10	147	77
11	147	0
12	147	0
13	147	130
14	147	0
15	147	0
16	147	0
17	147	0
18	147	0
19	147	0
20	147	0
21	147	0
22	147	0
23	147	0
0	148	0
1	148	0
2	148	15
3	148	0
4	148	0
5	148	0
6	148	0
7	148	0
8	148	0
9	148	15
10	148	0
11	148	0
12	148	0
13	148	0
14	148	0
15	148	0
16	148	0
17	148	15
18	148	0
19	148	0
20	148	15
21	148	0
22	148	15
23	148	0
0	149	23
1	149	61
2	149	23
3	149	0
4	149	23
5	149	0
6	149	0
7	149	0
8	149	0
9	149	23
10	149	0
11	149	0
12	149	61
13	149	0
14	149	23
15	149	0
16	149	0
17	149	0
18	149	0
19	149	0
20	149	0
21	149	0
22	149	0
23	149	23
0	150	0
1	150	0
2	150	0
3	150	0
4	150	112
5	150	0
6	150	0
7	150	0
8	150	0
9	150	112
10	150	0
11	150	0
12	150	0
13	150	0
14	150	0
15	150	0
16	150	0
17	150	0
18	150	0
19	150	0
20	150	0
21	150	0
22	150	0
23	150	0
0	151	0
1	151	21
2	151	21
3	151	21
4	151	21
5	151	21
6	151	57
7	151	40
8	151	21
9	151	21
10	151	0
11	151	21
12	151	0
13	151	0
14	151	0
15	151	40
16	151	57
17	151	57
18	151	0
19	151	21
20	151	21
21	151	0
22	151	0
23	151	21
0	152	230
1	152	0
2	152	0
3	152	0
4	152	0
5	152	0
6	152	0
7	152	0
8	152	0
9	152	230
10	152	0
11	152	0
12	152	0
13	152	0
14	152	0
15	152	0
16	152	0
17	152	0
18	152	0
19	152	0
20	152	0
21	152	0
22	152	0
23	152	0
0	153	0
1	153	0
2	153	0
3	153	0
4	153	0
5	153	39
6	153	0
7	153	0
8	153	0
9	153	39
10	153	39
11	153	0
12	153	0
13	153	72
14	153	0
15	153	0
16	153	39
17	153	0
18	153	0
19	153	0
20	153	0
21	153	0
22	153	0
23	153	0
0	154	0
1	154	0
2	154	63
3	154	34
4	154	0
5	154	0
6	154	0
7	154	34
8	154	63
9	154	0
10	154	0
11	154	0
12	154	34
13	154	34
14	154	0
15	154	34
16	154	0
17	154	0
18	154	0
19	154	0
20	154	0
21	154	0
22	154	0
23	154	0
0	155	31
1	155	0
2	155	0
3	155	31
4	155	31
5	155	0
6	155	31
7	155	58
8	155	0
9	155	0
10	155	0
11	155	58
12	155	0
13	155	0
14	155	82
15	155	82
16	155	82
17	155	31
18	155	0
19	155	0
20	155	0
21	155	0
22	155	0
23	155	0
0	156	2
1	156	4
2	156	4
3	156	3
4	156	3
5	156	4
6	156	3
7	156	4
8	156	3
9	156	3
10	156	4
11	156	5
12	156	5
13	156	5
14	156	5
15	156	4
16	156	4
17	156	4
18	156	2
19	156	1
20	156	1
21	156	1
22	156	2
23	156	3
0	157	7
1	157	0
2	157	0
3	157	7
4	157	4
5	157	0
6	157	11
7	157	23
8	157	11
9	157	14
10	157	11
11	157	11
12	157	26
13	157	0
14	157	17
15	157	7
16	157	17
17	157	0
18	157	0
19	157	4
20	157	0
21	157	0
22	157	11
23	157	11
0	158	0
1	158	69
2	158	0
3	158	0
4	158	26
5	158	0
6	158	0
7	158	0
8	158	38
9	158	14
10	158	0
11	158	49
12	158	49
13	158	0
14	158	26
15	158	0
16	158	14
17	158	0
18	158	0
19	158	0
20	158	0
21	158	0
22	158	0
23	158	14
0	159	0
1	159	11
2	159	0
3	159	11
4	159	0
5	159	0
6	159	21
7	159	21
8	159	0
9	159	0
10	159	21
11	159	0
12	159	0
13	159	21
14	159	21
15	159	21
16	159	21
17	159	21
18	159	0
19	159	39
20	159	0
21	159	30
22	159	11
23	159	0
0	160	0
1	160	0
2	160	0
3	160	0
4	160	0
5	160	0
6	160	0
7	160	0
8	160	0
9	160	0
10	160	0
11	160	0
12	160	0
13	160	0
14	160	0
15	160	0
16	160	0
17	160	0
18	160	0
19	160	0
20	160	0
21	160	0
22	160	0
23	160	0
0	161	0
1	161	51
2	161	0
3	161	0
4	161	0
5	161	0
6	161	0
7	161	0
8	161	0
9	161	51
10	161	0
11	161	51
12	161	0
13	161	0
14	161	0
15	161	0
16	161	0
17	161	0
18	161	0
19	161	0
20	161	51
21	161	170
22	161	91
23	161	0
0	162	7
1	162	6
2	162	7
3	162	8
4	162	12
5	162	10
6	162	10
7	162	11
8	162	10
9	162	11
10	162	9
11	162	11
12	162	9
13	162	11
14	162	11
15	162	8
16	162	9
17	162	4
18	162	3
19	162	2
20	162	3
21	162	2
22	162	3
23	162	6
0	163	3
1	163	3
2	163	3
3	163	3
4	163	3
5	163	3
6	163	2
7	163	3
8	163	4
9	163	3
10	163	4
11	163	3
12	163	3
13	163	3
14	163	4
15	163	4
16	163	2
17	163	2
18	163	2
19	163	2
20	163	1
21	163	2
22	163	1
23	163	2
0	164	23
1	164	0
2	164	0
3	164	0
4	164	0
5	164	0
6	164	0
7	164	0
8	164	23
9	164	0
10	164	0
11	164	0
12	164	0
13	164	0
14	164	0
15	164	0
16	164	0
17	164	0
18	164	0
19	164	0
20	164	0
21	164	0
22	164	0
23	164	0
0	165	8
1	165	9
2	165	9
3	165	10
4	165	11
5	165	11
6	165	11
7	165	12
8	165	10
9	165	11
10	165	11
11	165	14
12	165	12
13	165	12
14	165	11
15	165	9
16	165	9
17	165	7
18	165	4
19	165	3
20	165	2
21	165	2
22	165	4
23	165	5
0	166	0
1	166	0
2	166	0
3	166	0
4	166	0
5	166	0
6	166	38
7	166	55
8	166	55
9	166	0
10	166	0
11	166	0
12	166	0
13	166	0
14	166	20
15	166	20
16	166	0
17	166	55
18	166	38
19	166	0
20	166	0
21	166	0
22	166	0
23	166	0
0	167	0
1	167	19
2	167	36
3	167	0
4	167	19
5	167	0
6	167	36
7	167	0
8	167	19
9	167	67
10	167	0
11	167	0
12	167	52
13	167	52
14	167	36
15	167	0
16	167	0
17	167	0
18	167	52
19	167	36
20	167	0
21	167	0
22	167	0
23	167	0
0	168	0
1	168	0
2	168	0
3	168	0
4	168	0
5	168	32
6	168	0
7	168	0
8	168	32
9	168	0
10	168	0
11	168	0
12	168	0
13	168	0
14	168	0
15	168	0
16	168	32
17	168	0
18	168	0
19	168	0
20	168	0
21	168	0
22	168	0
23	168	0
0	169	17
1	169	0
2	169	0
3	169	0
4	169	17
5	169	0
6	169	17
7	169	0
8	169	0
9	169	17
10	169	0
11	169	0
12	169	17
13	169	0
14	169	17
15	169	0
16	169	0
17	169	0
18	169	0
19	169	0
20	169	0
21	169	0
22	169	0
23	169	0
0	170	13
1	170	13
2	170	0
3	170	19
4	170	13
5	170	13
6	170	19
7	170	13
8	170	7
9	170	30
10	170	25
11	170	7
12	170	13
13	170	0
14	170	7
15	170	13
16	170	25
17	170	0
18	170	0
19	170	0
20	170	0
21	170	7
22	170	0
23	170	13
0	171	12
1	171	0
2	171	23
3	171	12
4	171	0
5	171	0
6	171	23
7	171	0
8	171	0
9	171	33
10	171	33
11	171	33
12	171	0
13	171	12
14	171	33
15	171	33
16	171	0
17	171	0
18	171	12
19	171	0
20	171	0
21	171	0
22	171	0
23	171	0
0	172	0
1	172	0
2	172	0
3	172	0
4	172	0
5	172	0
6	172	0
7	172	45
8	172	0
9	172	0
10	172	0
11	172	0
12	172	0
13	172	0
14	172	0
15	172	45
16	172	0
17	172	0
18	172	0
19	172	0
20	172	0
21	172	0
22	172	0
23	172	0
0	173	0
1	173	0
2	173	0
3	173	0
4	173	0
5	173	0
6	173	0
7	173	0
8	173	0
9	173	0
10	173	0
11	173	0
12	173	0
13	173	0
14	173	0
15	173	0
16	173	0
17	173	0
18	173	0
19	173	0
20	173	0
21	173	0
22	173	0
23	173	0
0	174	4
1	174	2
2	174	4
3	174	5
4	174	4
5	174	5
6	174	5
7	174	4
8	174	3
9	174	5
10	174	5
11	174	5
12	174	5
13	174	6
14	174	7
15	174	5
16	174	6
17	174	2
18	174	2
19	174	2
20	174	1
21	174	1
22	174	5
23	174	4
0	175	0
1	175	0
2	175	0
3	175	30
4	175	0
5	175	0
6	175	0
7	175	30
8	175	30
9	175	30
10	175	30
11	175	0
12	175	0
13	175	57
14	175	30
15	175	0
16	175	0
17	175	0
18	175	0
19	175	0
20	175	0
21	175	0
22	175	0
23	175	0
0	176	18
1	176	9
2	176	9
3	176	0
4	176	0
5	176	18
6	176	18
7	176	0
8	176	9
9	176	26
10	176	18
11	176	18
12	176	0
13	176	34
14	176	42
15	176	18
16	176	0
17	176	18
18	176	9
19	176	0
20	176	0
21	176	0
22	176	0
23	176	9
0	177	0
1	177	0
2	177	32
3	177	17
4	177	17
5	177	0
6	177	32
7	177	17
8	177	0
9	177	17
10	177	60
11	177	0
12	177	17
13	177	32
14	177	47
15	177	0
16	177	0
17	177	60
18	177	17
19	177	0
20	177	0
21	177	0
22	177	0
23	177	0
0	178	0
1	178	0
2	178	0
3	178	0
4	178	0
5	178	0
6	178	0
7	178	0
8	178	0
9	178	0
10	178	0
11	178	0
12	178	0
13	178	0
14	178	0
15	178	0
16	178	0
17	178	0
18	178	0
19	178	0
20	178	0
21	178	0
22	178	53
23	178	0
0	179	0
1	179	0
2	179	0
3	179	0
4	179	0
5	179	0
6	179	0
7	179	0
8	179	0
9	179	0
10	179	0
11	179	0
12	179	61
13	179	0
14	179	0
15	179	0
16	179	0
17	179	0
18	179	0
19	179	0
20	179	0
21	179	0
22	179	0
23	179	0
0	180	0
1	180	0
2	180	0
3	180	0
4	180	0
5	180	0
6	180	0
7	180	0
8	180	0
9	180	0
10	180	0
11	180	0
12	180	0
13	180	0
14	180	0
15	180	0
16	180	0
17	180	0
18	180	0
19	180	0
20	180	0
21	180	0
22	180	0
23	180	0
0	181	0
1	181	0
2	181	0
3	181	0
4	181	0
5	181	0
6	181	0
7	181	0
8	181	0
9	181	0
10	181	0
11	181	0
12	181	0
13	181	0
14	181	0
15	181	0
16	181	0
17	181	0
18	181	0
19	181	0
20	181	0
21	181	0
22	181	0
23	181	0
0	182	0
1	182	0
2	182	0
3	182	0
4	182	137
5	182	0
6	182	0
7	182	0
8	182	0
9	182	0
10	182	0
11	182	0
12	182	137
13	182	0
14	182	0
15	182	0
16	182	0
17	182	0
18	182	0
19	182	0
20	182	0
21	182	0
22	182	0
23	182	0
0	183	0
1	183	0
2	183	22
3	183	11
4	183	22
5	183	11
6	183	0
7	183	0
8	183	0
9	183	11
10	183	0
11	183	0
12	183	11
13	183	31
14	183	11
15	183	0
16	183	0
17	183	11
18	183	0
19	183	0
20	183	0
21	183	0
22	183	11
23	183	0
0	184	0
1	184	0
2	184	0
3	184	0
4	184	0
5	184	0
6	184	0
7	184	0
8	184	0
9	184	0
10	184	0
11	184	0
12	184	0
13	184	0
14	184	0
15	184	0
16	184	0
17	184	0
18	184	0
19	184	0
20	184	0
21	184	0
22	184	0
23	184	0
0	185	0
1	185	8
2	185	0
3	185	8
4	185	23
5	185	0
6	185	16
7	185	0
8	185	8
9	185	8
10	185	16
11	185	16
12	185	8
13	185	0
14	185	37
15	185	8
16	185	23
17	185	0
18	185	23
19	185	8
20	185	0
21	185	8
22	185	0
23	185	16
0	186	5
1	186	6
2	186	4
3	186	8
4	186	3
5	186	6
6	186	6
7	186	4
8	186	6
9	186	6
10	186	5
11	186	7
12	186	8
13	186	6
14	186	6
15	186	5
16	186	3
17	186	3
18	186	2
19	186	4
20	186	1
21	186	1
22	186	3
23	186	5
0	187	0
1	187	0
2	187	0
3	187	0
4	187	0
5	187	43
6	187	0
7	187	0
8	187	0
9	187	0
10	187	0
11	187	0
12	187	79
13	187	43
14	187	0
15	187	0
16	187	0
17	187	0
18	187	0
19	187	0
20	187	0
21	187	0
22	187	0
23	187	0
0	188	11
1	188	13
2	188	14
3	188	14
4	188	14
5	188	14
6	188	14
7	188	14
8	188	14
9	188	15
10	188	16
11	188	17
12	188	17
13	188	17
14	188	17
15	188	16
16	188	13
17	188	9
18	188	6
19	188	4
20	188	3
21	188	3
22	188	6
23	188	9
0	189	0
1	189	0
2	189	0
3	189	0
4	189	0
5	189	0
6	189	0
7	189	0
8	189	0
9	189	0
10	189	109
11	189	79
12	189	133
13	189	0
14	189	43
15	189	0
16	189	0
17	189	43
18	189	0
19	189	0
20	189	0
21	189	0
22	189	0
23	189	0
0	190	6
1	190	14
2	190	3
3	190	11
4	190	14
5	190	14
6	190	24
7	190	14
8	190	17
9	190	9
10	190	32
11	190	14
12	190	9
13	190	51
14	190	44
15	190	9
16	190	11
17	190	6
18	190	14
19	190	3
20	190	0
21	190	0
22	190	0
23	190	6
0	191	16
1	191	20
2	191	16
3	191	22
4	191	19
5	191	29
6	191	13
7	191	30
8	191	13
9	191	32
10	191	19
11	191	29
12	191	17
13	191	32
14	191	20
15	191	17
16	191	8
17	191	8
18	191	2
19	191	4
20	191	2
21	191	4
22	191	5
23	191	8
0	192	4
1	192	6
2	192	7
3	192	8
4	192	7
5	192	6
6	192	6
7	192	7
8	192	5
9	192	8
10	192	6
11	192	8
12	192	8
13	192	7
14	192	6
15	192	6
16	192	6
17	192	4
18	192	4
19	192	2
20	192	2
21	192	2
22	192	2
23	192	4
0	193	64
1	193	20
2	193	0
3	193	0
4	193	20
5	193	11
6	193	11
7	193	11
8	193	20
9	193	11
10	193	0
11	193	11
12	193	0
13	193	11
14	193	0
15	193	0
16	193	30
17	193	11
18	193	11
19	193	0
20	193	0
21	193	0
22	193	11
23	193	39
0	194	0
1	194	0
2	194	0
3	194	0
4	194	0
5	194	0
6	194	0
7	194	0
8	194	0
9	194	0
10	194	0
11	194	0
12	194	0
13	194	0
14	194	0
15	194	0
16	194	0
17	194	0
18	194	0
19	194	0
20	194	0
21	194	0
22	194	0
23	194	0
0	195	0
1	195	0
2	195	0
3	195	36
4	195	0
5	195	0
6	195	0
7	195	19
8	195	0
9	195	0
10	195	0
11	195	0
12	195	0
13	195	0
14	195	0
15	195	0
16	195	0
17	195	0
18	195	19
19	195	0
20	195	0
21	195	0
22	195	0
23	195	0
0	196	8
1	196	4
2	196	0
3	196	4
4	196	8
5	196	4
6	196	4
7	196	8
8	196	0
9	196	25
10	196	4
11	196	0
12	196	15
13	196	15
14	196	19
15	196	4
16	196	4
17	196	4
18	196	4
19	196	0
20	196	0
21	196	0
22	196	4
23	196	4
0	197	0
1	197	0
2	197	0
3	197	0
4	197	0
5	197	0
6	197	0
7	197	0
8	197	0
9	197	0
10	197	0
11	197	0
12	197	0
13	197	0
14	197	0
15	197	0
16	197	0
17	197	0
18	197	0
19	197	0
20	197	0
21	197	0
22	197	0
23	197	0
0	198	0
1	198	0
2	198	0
3	198	0
4	198	0
5	198	0
6	198	0
7	198	0
8	198	0
9	198	0
10	198	0
11	198	0
12	198	0
13	198	0
14	198	0
15	198	0
16	198	0
17	198	0
18	198	0
19	198	0
20	198	0
21	198	0
22	198	0
23	198	0
0	199	21
1	199	0
2	199	0
3	199	21
4	199	0
5	199	0
6	199	40
7	199	0
8	199	21
9	199	0
10	199	21
11	199	21
12	199	0
13	199	0
14	199	21
15	199	0
16	199	21
17	199	0
18	199	0
19	199	0
20	199	0
21	199	40
22	199	0
23	199	0
0	200	0
1	200	0
2	200	0
3	200	66
4	200	36
5	200	0
6	200	36
7	200	36
8	200	0
9	200	0
10	200	0
11	200	0
12	200	0
13	200	36
14	200	92
15	200	66
16	200	36
17	200	66
18	200	0
19	200	0
20	200	36
21	200	0
22	200	0
23	200	36
0	201	6
1	201	22
2	201	17
3	201	27
4	201	12
5	201	6
6	201	12
7	201	12
8	201	6
9	201	0
10	201	27
11	201	6
12	201	22
13	201	0
14	201	22
15	201	6
16	201	12
17	201	0
18	201	0
19	201	0
20	201	0
21	201	0
22	201	17
23	201	0
0	202	20
1	202	20
2	202	43
3	202	13
4	202	37
5	202	48
6	202	26
7	202	37
8	202	59
9	202	7
10	202	7
11	202	20
12	202	7
13	202	20
14	202	26
15	202	13
16	202	7
17	202	26
18	202	13
19	202	0
20	202	0
21	202	0
22	202	13
23	202	7
0	203	32
1	203	0
2	203	0
3	203	0
4	203	0
5	203	32
6	203	60
7	203	0
8	203	0
9	203	60
10	203	0
11	203	32
12	203	0
13	203	32
14	203	32
15	203	60
16	203	0
17	203	0
18	203	0
19	203	0
20	203	0
21	203	0
22	203	0
23	203	0
0	204	0
1	204	35
2	204	148
3	204	0
4	204	0
5	204	35
6	204	0
7	204	0
8	204	0
9	204	0
10	204	35
11	204	0
12	204	0
13	204	90
14	204	0
15	204	0
16	204	35
17	204	0
18	204	0
19	204	0
20	204	0
21	204	0
22	204	0
23	204	0
0	205	0
1	205	0
2	205	0
3	205	0
4	205	0
5	205	27
6	205	0
7	205	0
8	205	0
9	205	0
10	205	0
11	205	0
12	205	0
13	205	0
14	205	0
15	205	0
16	205	0
17	205	51
18	205	0
19	205	0
20	205	0
21	205	0
22	205	0
23	205	0
0	206	0
1	206	0
2	206	61
3	206	0
4	206	0
5	206	0
6	206	0
7	206	61
8	206	61
9	206	0
10	206	0
11	206	0
12	206	0
13	206	0
14	206	61
15	206	61
16	206	0
17	206	0
18	206	0
19	206	0
20	206	0
21	206	0
22	206	0
23	206	0
0	207	36
1	207	55
2	207	19
3	207	27
4	207	41
5	207	30
6	207	38
7	207	23
8	207	43
9	207	46
10	207	48
11	207	36
12	207	50
13	207	45
14	207	30
15	207	21
16	207	23
17	207	7
18	207	3
19	207	3
20	207	5
21	207	3
22	207	7
23	207	36
0	208	0
1	208	0
2	208	0
3	208	0
4	208	0
5	208	61
6	208	0
7	208	0
8	208	107
9	208	0
10	208	0
11	208	0
12	208	61
13	208	0
14	208	0
15	208	0
16	208	0
17	208	0
18	208	0
19	208	0
20	208	0
21	208	0
22	208	0
23	208	0
0	209	0
1	209	9
2	209	9
3	209	9
4	209	9
5	209	18
6	209	18
7	209	18
8	209	26
9	209	9
10	209	26
11	209	26
12	209	9
13	209	9
14	209	0
15	209	9
16	209	18
17	209	0
18	209	0
19	209	0
20	209	0
21	209	0
22	209	0
23	209	9
0	210	3
1	210	4
2	210	4
3	210	4
4	210	4
5	210	4
6	210	3
7	210	4
8	210	4
9	210	3
10	210	3
11	210	4
12	210	4
13	210	4
14	210	5
15	210	4
16	210	3
17	210	4
18	210	2
19	210	2
20	210	1
21	210	2
22	210	2
23	210	3
0	211	0
1	211	0
2	211	0
3	211	0
4	211	0
5	211	0
6	211	0
7	211	0
8	211	0
9	211	0
10	211	0
11	211	0
12	211	0
13	211	0
14	211	0
15	211	0
16	211	112
17	211	0
18	211	0
19	211	175
20	211	112
21	211	175
22	211	0
23	211	0
0	212	0
1	212	0
2	212	0
3	212	0
4	212	53
5	212	0
6	212	0
7	212	0
8	212	0
9	212	0
10	212	53
11	212	53
12	212	53
13	212	0
14	212	0
15	212	0
16	212	0
17	212	0
18	212	0
19	212	0
20	212	0
21	212	0
22	212	0
23	212	0
0	213	0
1	213	0
2	213	0
3	213	0
4	213	0
5	213	0
6	213	0
7	213	0
8	213	0
9	213	0
10	213	0
11	213	0
12	213	0
13	213	0
14	213	0
15	213	0
16	213	0
17	213	0
18	213	0
19	213	0
20	213	0
21	213	0
22	213	0
23	213	0
0	214	0
1	214	0
2	214	0
3	214	0
4	214	0
5	214	0
6	214	0
7	214	0
8	214	0
9	214	25
10	214	0
11	214	0
12	214	25
13	214	0
14	214	0
15	214	0
16	214	0
17	214	0
18	214	0
19	214	0
20	214	0
21	214	0
22	214	0
23	214	0
0	215	0
1	215	11
2	215	11
3	215	0
4	215	0
5	215	0
6	215	11
7	215	11
8	215	20
9	215	11
10	215	6
11	215	0
12	215	11
13	215	0
14	215	16
15	215	11
16	215	6
17	215	6
18	215	0
19	215	0
20	215	0
21	215	0
22	215	0
23	215	6
0	216	0
1	216	0
2	216	0
3	216	0
4	216	0
5	216	0
6	216	0
7	216	0
8	216	0
9	216	0
10	216	0
11	216	0
12	216	0
13	216	0
14	216	0
15	216	0
16	216	0
17	216	0
18	216	0
19	216	0
20	216	0
21	216	0
22	216	0
23	216	0
0	217	4
1	217	0
2	217	10
3	217	7
4	217	16
5	217	0
6	217	16
7	217	0
8	217	0
9	217	4
10	217	10
11	217	4
12	217	10
13	217	7
14	217	13
15	217	10
16	217	4
17	217	4
18	217	0
19	217	0
20	217	0
21	217	0
22	217	4
23	217	4
0	218	0
1	218	0
2	218	0
3	218	230
4	218	0
5	218	0
6	218	0
7	218	0
8	218	0
9	218	0
10	218	0
11	218	0
12	218	0
13	218	0
14	218	0
15	218	0
16	218	0
17	218	0
18	218	0
19	218	0
20	218	0
21	218	0
22	218	0
23	218	0
0	219	0
1	219	0
2	219	0
3	219	0
4	219	0
5	219	0
6	219	0
7	219	77
8	219	77
9	219	0
10	219	77
11	219	0
12	219	0
13	219	0
14	219	0
15	219	0
16	219	0
17	219	0
18	219	0
19	219	0
20	219	0
21	219	0
22	219	0
23	219	0
0	220	14
1	220	14
2	220	0
3	220	0
4	220	14
5	220	14
6	220	0
7	220	0
8	220	27
9	220	14
10	220	14
11	220	0
12	220	0
13	220	27
14	220	14
15	220	27
16	220	27
17	220	0
18	220	14
19	220	0
20	220	0
21	220	0
22	220	0
23	220	0
0	221	0
1	221	0
2	221	0
3	221	0
4	221	0
5	221	0
6	221	16
7	221	0
8	221	16
9	221	16
10	221	16
11	221	30
12	221	30
13	221	30
14	221	0
15	221	0
16	221	0
17	221	0
18	221	0
19	221	0
20	221	0
21	221	0
22	221	0
23	221	16
0	222	0
1	222	0
2	222	0
3	222	0
4	222	0
5	222	0
6	222	187
7	222	0
8	222	123
9	222	0
10	222	0
11	222	187
12	222	0
13	222	0
14	222	0
15	222	0
16	222	0
17	222	0
18	222	0
19	222	0
20	222	0
21	222	0
22	222	0
23	222	0
0	223	24
1	223	27
2	223	22
3	223	22
4	223	20
5	223	22
6	223	19
7	223	19
8	223	21
9	223	22
10	223	23
11	223	23
12	223	26
13	223	25
14	223	20
15	223	14
16	223	13
17	223	8
18	223	6
19	223	3
20	223	3
21	223	5
22	223	12
23	223	20
0	224	17
1	224	17
2	224	32
3	224	47
4	224	0
5	224	17
6	224	32
7	224	17
8	224	32
9	224	0
10	224	17
11	224	17
12	224	0
13	224	0
14	224	17
15	224	17
16	224	32
17	224	0
18	224	0
19	224	17
20	224	0
21	224	32
22	224	32
23	224	0
0	225	19
1	225	0
2	225	0
3	225	0
4	225	0
5	225	0
6	225	19
7	225	19
8	225	27
9	225	19
10	225	10
11	225	0
12	225	10
13	225	10
14	225	10
15	225	10
16	225	19
17	225	10
18	225	10
19	225	0
20	225	0
21	225	0
22	225	0
23	225	10
0	226	0
1	226	0
2	226	23
3	226	0
4	226	0
5	226	0
6	226	0
7	226	0
8	226	44
9	226	0
10	226	23
11	226	0
12	226	23
13	226	0
14	226	23
15	226	0
16	226	0
17	226	63
18	226	0
19	226	0
20	226	0
21	226	0
22	226	0
23	226	0
0	227	0
1	227	0
2	227	0
3	227	0
4	227	55
5	227	0
6	227	0
7	227	0
8	227	0
9	227	0
10	227	0
11	227	0
12	227	0
13	227	0
14	227	0
15	227	0
16	227	0
17	227	0
18	227	0
19	227	0
20	227	0
21	227	0
22	227	55
23	227	0
0	228	0
1	228	0
2	228	187
3	228	0
4	228	0
5	228	0
6	228	0
7	228	123
8	228	0
9	228	0
10	228	0
11	228	0
12	228	0
13	228	0
14	228	0
15	228	0
16	228	0
17	228	0
18	228	0
19	228	0
20	228	0
21	228	0
22	228	0
23	228	0
0	229	11
1	229	23
2	229	21
3	229	13
4	229	21
5	229	16
6	229	3
7	229	8
8	229	16
9	229	13
10	229	13
11	229	26
12	229	30
13	229	26
14	229	35
15	229	13
16	229	28
17	229	11
18	229	8
19	229	6
20	229	6
21	229	0
22	229	11
23	229	3
0	230	0
1	230	0
2	230	0
3	230	0
4	230	0
5	230	0
6	230	0
7	230	0
8	230	0
9	230	0
10	230	0
11	230	0
12	230	0
13	230	0
14	230	0
15	230	0
16	230	0
17	230	0
18	230	0
19	230	0
20	230	0
21	230	0
22	230	0
23	230	0
0	231	12
1	231	8
2	231	6
3	231	20
4	231	9
5	231	13
6	231	14
7	231	10
8	231	9
9	231	14
10	231	13
11	231	16
12	231	9
13	231	16
14	231	9
15	231	10
16	231	27
17	231	6
18	231	12
19	231	5
20	231	3
21	231	5
22	231	9
23	231	9
0	232	0
1	232	0
2	232	0
3	232	58
4	232	0
5	232	0
6	232	0
7	232	0
8	232	0
9	232	0
10	232	0
11	232	0
12	232	58
13	232	0
14	232	0
15	232	0
16	232	0
17	232	0
18	232	0
19	232	0
20	232	0
21	232	0
22	232	0
23	232	0
0	233	0
1	233	0
2	233	0
3	233	0
4	233	0
5	233	0
6	233	0
7	233	0
8	233	0
9	233	0
10	233	0
11	233	0
12	233	0
13	233	0
14	233	0
15	233	0
16	233	0
17	233	0
18	233	0
19	233	0
20	233	0
21	233	0
22	233	0
23	233	0
0	234	0
1	234	21
2	234	11
3	234	0
4	234	0
5	234	11
6	234	11
7	234	0
8	234	21
9	234	40
10	234	11
11	234	11
12	234	0
13	234	11
14	234	11
15	234	11
16	234	0
17	234	0
18	234	0
19	234	0
20	234	0
21	234	0
22	234	0
23	234	0
0	235	0
1	235	55
2	235	0
3	235	0
4	235	0
5	235	55
6	235	55
7	235	0
8	235	0
9	235	55
10	235	55
11	235	0
12	235	0
13	235	55
14	235	0
15	235	0
16	235	0
17	235	98
18	235	0
19	235	0
20	235	0
21	235	0
22	235	0
23	235	98
0	236	10
1	236	18
2	236	0
3	236	0
4	236	18
5	236	18
6	236	10
7	236	0
8	236	0
9	236	10
10	236	10
11	236	0
12	236	18
13	236	10
14	236	18
15	236	0
16	236	0
17	236	0
18	236	0
19	236	10
20	236	0
21	236	0
22	236	0
23	236	0
