Counts for Samsung(12) in Philippines(33):
Hour	Location Index	Count
0	0	0
1	0	0
2	0	0
3	0	0
4	0	0
5	0	0
6	0	0
7	0	0
8	0	0
9	0	0
10	0	0
11	0	0
12	0	0
13	0	0
14	0	0
15	0	0
16	0	0
17	0	0
18	0	0
19	0	0
20	0	0
21	0	0
22	0	0
23	0	0
0	1	14
1	1	13
2	1	9
3	1	24
4	1	17
5	1	26
6	1	15
7	1	17
8	1	16
9	1	17
10	1	13
11	1	24
12	1	31
13	1	43
14	1	25
15	1	13
16	1	22
17	1	2
18	1	2
19	1	4
20	1	9
21	1	9
22	1	11
23	1	16
0	2	40
1	2	6
2	2	0
3	2	0
4	2	16
5	2	6
6	2	6
7	2	16
8	2	30
9	2	6
10	2	16
11	2	21
12	2	16
13	2	11
14	2	21
15	2	21
16	2	6
17	2	0
18	2	0
19	2	6
20	2	6
21	2	0
22	2	0
23	2	11
0	3	13
1	3	13
2	3	25
3	3	11
4	3	8
5	3	8
6	3	15
7	3	22
8	3	22
9	3	13
10	3	17
11	3	25
12	3	22
13	3	17
14	3	11
15	3	27
16	3	8
17	3	4
18	3	13
19	3	11
20	3	6
21	3	6
22	3	15
23	3	13
0	4	22
1	4	16
2	4	14
3	4	3
4	4	9
5	4	16
6	4	9
7	4	9
8	4	22
9	4	9
10	4	12
11	4	9
12	4	27
13	4	12
14	4	5
15	4	14
16	4	0
17	4	0
18	4	0
19	4	0
20	4	3
21	4	3
22	4	7
23	4	7
0	5	7
1	5	13
2	5	14
3	5	18
4	5	14
5	5	18
6	5	11
7	5	12
8	5	13
9	5	12
10	5	13
11	5	15
12	5	14
13	5	17
14	5	15
15	5	13
16	5	13
17	5	8
18	5	2
19	5	5
20	5	8
21	5	3
22	5	11
23	5	9
0	6	55
1	6	0
2	6	0
3	6	11
4	6	20
5	6	20
6	6	38
7	6	20
8	6	11
9	6	29
10	6	38
11	6	20
12	6	0
13	6	11
14	6	0
15	6	0
16	6	0
17	6	0
18	6	0
19	6	0
20	6	20
21	6	29
22	6	38
23	6	0
0	7	0
1	7	0
2	7	0
3	7	56
4	7	39
5	7	0
6	7	56
7	7	21
8	7	21
9	7	21
10	7	21
11	7	0
12	7	0
13	7	0
14	7	0
15	7	56
16	7	0
17	7	0
18	7	0
19	7	0
20	7	0
21	7	21
22	7	0
23	7	0
0	8	11
1	8	8
2	8	20
3	8	13
4	8	16
5	8	11
6	8	9
7	8	11
8	8	15
9	8	14
10	8	12
11	8	19
12	8	20
13	8	14
14	8	19
15	8	10
16	8	7
17	8	7
18	8	6
19	8	2
20	8	7
21	8	6
22	8	19
23	8	10
0	9	26
1	9	26
2	9	0
3	9	0
4	9	0
5	9	26
6	9	26
7	9	0
8	9	0
9	9	0
10	9	49
11	9	0
12	9	0
13	9	49
14	9	0
15	9	0
16	9	0
17	9	0
18	9	26
19	9	0
20	9	0
21	9	0
22	9	0
23	9	26
0	10	0
1	10	4
2	10	20
3	10	8
4	10	16
5	10	8
6	10	0
7	10	12
8	10	0
9	10	12
10	10	16
11	10	4
12	10	31
13	10	4
14	10	23
15	10	8
16	10	4
17	10	8
18	10	12
19	10	0
20	10	0
21	10	4
22	10	0
23	10	0
0	11	0
1	11	0
2	11	0
3	11	0
4	11	0
5	11	0
6	11	0
7	11	0
8	11	0
9	11	0
10	11	0
11	11	0
12	11	0
13	11	0
14	11	0
15	11	0
16	11	0
17	11	0
18	11	0
19	11	0
20	11	0
21	11	0
22	11	0
23	11	0
0	12	0
1	12	0
2	12	0
3	12	0
4	12	0
5	12	0
6	12	0
7	12	0
8	12	0
9	12	0
10	12	0
11	12	175
12	12	0
13	12	0
14	12	0
15	12	0
16	12	0
17	12	0
18	12	0
19	12	0
20	12	0
21	12	0
22	12	0
23	12	0
0	13	12
1	13	7
2	13	12
3	13	9
4	13	17
5	13	19
6	13	12
7	13	15
8	13	9
9	13	12
10	13	17
11	13	17
12	13	44
13	13	22
14	13	19
15	13	6
16	13	7
17	13	9
18	13	9
19	13	6
20	13	7
21	13	7
22	13	10
23	13	7
0	14	3
1	14	3
2	14	19
3	14	23
4	14	21
5	14	19
6	14	15
7	14	12
8	14	12
9	14	8
10	14	28
11	14	17
12	14	21
13	14	17
14	14	21
15	14	17
16	14	3
17	14	3
18	14	8
19	14	0
20	14	0
21	14	12
22	14	15
23	14	12
0	15	0
1	15	0
2	15	0
3	15	0
4	15	0
5	15	0
6	15	0
7	15	0
8	15	0
9	15	0
10	15	0
11	15	0
12	15	0
13	15	0
14	15	0
15	15	0
16	15	0
17	15	0
18	15	0
19	15	0
20	15	0
21	15	0
22	15	0
23	15	0
0	16	8
1	16	17
2	16	12
3	16	12
4	16	17
5	16	11
6	16	25
7	16	10
8	16	20
9	16	20
10	16	13
11	16	13
12	16	18
13	16	23
14	16	20
15	16	14
16	16	12
17	16	4
18	16	3
19	16	2
20	16	3
21	16	5
22	16	10
23	16	13
0	17	0
1	17	230
2	17	0
3	17	0
4	17	0
5	17	0
6	17	0
7	17	0
8	17	0
9	17	0
10	17	0
11	17	0
12	17	0
13	17	0
14	17	0
15	17	0
16	17	0
17	17	0
18	17	0
19	17	0
20	17	0
21	17	0
22	17	0
23	17	0
0	18	0
1	18	88
2	18	0
3	18	0
4	18	0
5	18	0
6	18	145
7	18	0
8	18	0
9	18	0
10	18	0
11	18	0
12	18	0
13	18	0
14	18	0
15	18	0
16	18	0
17	18	0
18	18	0
19	18	0
20	18	0
21	18	0
22	18	0
23	18	0
0	19	11
1	19	11
2	19	29
3	19	11
4	19	38
5	19	0
6	19	38
7	19	0
8	19	20
9	19	0
10	19	0
11	19	29
12	19	20
13	19	29
14	19	0
15	19	11
16	19	11
17	19	0
18	19	0
19	19	0
20	19	11
21	19	0
22	19	55
23	19	11
0	20	0
1	20	0
2	20	0
3	20	0
4	20	0
5	20	0
6	20	0
7	20	0
8	20	154
9	20	0
10	20	0
11	20	0
12	20	0
13	20	0
14	20	0
15	20	0
16	20	0
17	20	0
18	20	0
19	20	0
20	20	0
21	20	0
22	20	0
23	20	0
0	21	8
1	21	8
2	21	4
3	21	8
4	21	19
5	21	0
6	21	12
7	21	26
8	21	12
9	21	8
10	21	8
11	21	12
12	21	8
13	21	33
14	21	19
15	21	12
16	21	8
17	21	8
18	21	0
19	21	0
20	21	4
21	21	0
22	21	0
23	21	4
0	22	0
1	22	40
2	22	0
3	22	21
4	22	0
5	22	0
6	22	21
7	22	40
8	22	21
9	22	58
10	22	0
11	22	21
12	22	0
13	22	0
14	22	0
15	22	21
16	22	21
17	22	40
18	22	0
19	22	0
20	22	40
21	22	0
22	22	0
23	22	0
0	23	16
1	23	15
2	23	17
3	23	13
4	23	18
5	23	22
6	23	13
7	23	16
8	23	11
9	23	16
10	23	19
11	23	17
12	23	17
13	23	20
14	23	17
15	23	11
16	23	11
17	23	6
18	23	4
19	23	5
20	23	5
21	23	7
22	23	10
23	23	11
0	24	20
1	24	0
2	24	0
3	24	0
4	24	0
5	24	20
6	24	37
7	24	0
8	24	20
9	24	20
10	24	0
11	24	0
12	24	0
13	24	0
14	24	0
15	24	37
16	24	0
17	24	20
18	24	0
19	24	0
20	24	0
21	24	0
22	24	20
23	24	0
0	25	0
1	25	0
2	25	0
3	25	0
4	25	0
5	25	0
6	25	0
7	25	0
8	25	0
9	25	0
10	25	26
11	25	49
12	25	49
13	25	0
14	25	26
15	25	0
16	25	0
17	25	0
18	25	0
19	25	0
20	25	0
21	25	0
22	25	0
23	25	0
0	26	0
1	26	24
2	26	0
3	26	0
4	26	46
5	26	46
6	26	0
7	26	65
8	26	0
9	26	24
10	26	0
11	26	46
12	26	24
13	26	24
14	26	24
15	26	0
16	26	0
17	26	0
18	26	0
19	26	46
20	26	0
21	26	0
22	26	0
23	26	83
0	27	12
1	27	11
2	27	13
3	27	15
4	27	15
5	27	14
6	27	15
7	27	15
8	27	15
9	27	16
10	27	17
11	27	18
12	27	20
13	27	18
14	27	18
15	27	14
16	27	10
17	27	7
18	27	5
19	27	4
20	27	4
21	27	5
22	27	8
23	27	10
0	28	14
1	28	26
2	28	14
3	28	0
4	28	14
5	28	26
6	28	26
7	28	0
8	28	0
9	28	26
10	28	26
11	28	0
12	28	0
13	28	14
14	28	26
15	28	0
16	28	50
17	28	0
18	28	0
19	28	0
20	28	0
21	28	0
22	28	0
23	28	0
0	29	17
1	29	17
2	29	12
3	29	12
4	29	33
5	29	12
6	29	17
7	29	12
8	29	6
9	29	27
10	29	17
11	29	33
12	29	33
13	29	17
14	29	0
15	29	47
16	29	0
17	29	0
18	29	0
19	29	0
20	29	0
21	29	6
22	29	6
23	29	6
0	30	21
1	30	18
2	30	15
3	30	6
4	30	9
5	30	21
6	30	15
7	30	9
8	30	18
9	30	18
10	30	15
11	30	18
12	30	23
13	30	12
14	30	18
15	30	6
16	30	12
17	30	0
18	30	3
19	30	9
20	30	0
21	30	3
22	30	12
23	30	6
0	31	10
1	31	19
2	31	10
3	31	37
4	31	19
5	31	28
6	31	19
7	31	0
8	31	28
9	31	0
10	31	0
11	31	19
12	31	19
13	31	19
14	31	19
15	31	19
16	31	0
17	31	0
18	31	10
19	31	0
20	31	0
21	31	0
22	31	28
23	31	28
0	32	8
1	32	8
2	32	15
3	32	22
4	32	15
5	32	8
6	32	19
7	32	6
8	32	12
9	32	13
10	32	13
11	32	24
12	32	15
13	32	29
14	32	21
15	32	15
16	32	6
17	32	2
18	32	2
19	32	2
20	32	2
21	32	2
22	32	6
23	32	8
0	33	19
1	33	13
2	33	25
3	33	25
4	33	7
5	33	7
6	33	7
7	33	31
8	33	7
9	33	7
10	33	19
11	33	19
12	33	25
13	33	13
14	33	13
15	33	25
16	33	13
17	33	13
18	33	7
19	33	0
20	33	0
21	33	7
22	33	13
23	33	0
0	34	0
1	34	0
2	34	0
3	34	0
4	34	0
5	34	0
6	34	0
7	34	0
8	34	0
9	34	0
10	34	0
11	34	0
12	34	0
13	34	0
14	34	0
15	34	0
16	34	0
17	34	0
18	34	0
19	34	0
20	34	0
21	34	0
22	34	0
23	34	0
0	35	0
1	35	0
2	35	0
3	35	0
4	35	0
5	35	0
6	35	0
7	35	0
8	35	0
9	35	0
10	35	0
11	35	0
12	35	0
13	35	0
14	35	0
15	35	0
16	35	0
17	35	0
18	35	0
19	35	0
20	35	0
21	35	0
22	35	0
23	35	0
0	36	0
1	36	0
2	36	0
3	36	45
4	36	0
5	36	0
6	36	24
7	36	0
8	36	0
9	36	0
10	36	0
11	36	24
12	36	98
13	36	64
14	36	45
15	36	0
16	36	0
17	36	0
18	36	0
19	36	0
20	36	0
21	36	0
22	36	0
23	36	0
0	37	9
1	37	17
2	37	17
3	37	17
4	37	0
5	37	17
6	37	9
7	37	17
8	37	9
9	37	33
10	37	40
11	37	17
12	37	9
13	37	0
14	37	0
15	37	9
16	37	0
17	37	0
18	37	0
19	37	0
20	37	9
21	37	0
22	37	0
23	37	0
0	38	31
1	38	0
2	38	16
3	38	16
4	38	0
5	38	16
6	38	0
7	38	31
8	38	16
9	38	0
10	38	0
11	38	45
12	38	0
13	38	0
14	38	0
15	38	0
16	38	0
17	38	0
18	38	0
19	38	0
20	38	16
21	38	0
22	38	0
23	38	0
0	39	0
1	39	0
2	39	0
3	39	0
4	39	0
5	39	0
6	39	0
7	39	0
8	39	0
9	39	0
10	39	0
11	39	0
12	39	0
13	39	0
14	39	0
15	39	0
16	39	0
17	39	0
18	39	0
19	39	0
20	39	0
21	39	0
22	39	0
23	39	0
0	40	14
1	40	11
2	40	11
3	40	10
4	40	12
5	40	14
6	40	16
7	40	13
8	40	10
9	40	14
10	40	12
11	40	17
12	40	23
13	40	18
14	40	15
15	40	11
16	40	6
17	40	7
18	40	3
19	40	2
20	40	3
21	40	4
22	40	7
23	40	10
0	41	12
1	41	16
2	41	12
3	41	24
4	41	19
5	41	18
6	41	11
7	41	13
8	41	16
9	41	13
10	41	20
11	41	15
12	41	22
13	41	20
14	41	22
15	41	16
16	41	5
17	41	6
18	41	0
19	41	5
20	41	3
21	41	4
22	41	7
23	41	6
0	42	10
1	42	13
2	42	9
3	42	10
4	42	16
5	42	10
6	42	11
7	42	13
8	42	10
9	42	6
10	42	12
11	42	27
12	42	26
13	42	29
14	42	20
15	42	18
16	42	10
17	42	9
18	42	10
19	42	5
20	42	8
21	42	10
22	42	6
23	42	10
0	43	66
1	43	31
2	43	21
3	43	0
4	43	0
5	43	11
6	43	49
7	43	31
8	43	11
9	43	0
10	43	0
11	43	31
12	43	0
13	43	58
14	43	0
15	43	11
16	43	0
17	43	11
18	43	11
19	43	0
20	43	0
21	43	0
22	43	0
23	43	0
0	44	3
1	44	11
2	44	3
3	44	9
4	44	37
5	44	22
6	44	19
7	44	6
8	44	25
9	44	3
10	44	6
11	44	9
12	44	11
13	44	11
14	44	22
15	44	22
16	44	9
17	44	0
18	44	6
19	44	0
20	44	6
21	44	6
22	44	6
23	44	3
0	45	16
1	45	10
2	45	16
3	45	9
4	45	13
5	45	16
6	45	14
7	45	18
8	45	14
9	45	15
10	45	18
11	45	14
12	45	21
13	45	26
14	45	17
15	45	15
16	45	6
17	45	5
18	45	5
19	45	5
20	45	3
21	45	6
22	45	8
23	45	8
0	46	0
1	46	43
2	46	23
3	46	0
4	46	0
5	46	0
6	46	0
7	46	23
8	46	0
9	46	0
10	46	78
11	46	23
12	46	0
13	46	0
14	46	0
15	46	0
16	46	0
17	46	0
18	46	23
19	46	0
20	46	23
21	46	0
22	46	0
23	46	0
0	47	5
1	47	7
2	47	7
3	47	13
4	47	12
5	47	20
6	47	20
7	47	10
8	47	9
9	47	5
10	47	21
11	47	13
12	47	37
13	47	20
14	47	10
15	47	13
16	47	7
17	47	0
18	47	5
19	47	4
20	47	0
21	47	12
22	47	9
23	47	4
0	48	33
1	48	0
2	48	0
3	48	0
4	48	0
5	48	107
6	48	0
7	48	61
8	48	107
9	48	107
10	48	0
11	48	61
12	48	33
13	48	0
14	48	0
15	48	0
16	48	0
17	48	0
18	48	0
19	48	0
20	48	0
21	48	0
22	48	0
23	48	0
0	49	0
1	49	0
2	49	0
3	49	0
4	49	0
5	49	88
6	49	0
7	49	0
8	49	0
9	49	0
10	49	0
11	49	0
12	49	0
13	49	0
14	49	0
15	49	0
16	49	0
17	49	0
18	49	0
19	49	0
20	49	0
21	49	0
22	49	0
23	49	0
0	50	11
1	50	11
2	50	11
3	50	0
4	50	21
5	50	11
6	50	0
7	50	0
8	50	0
9	50	11
10	50	21
11	50	21
12	50	21
13	50	11
14	50	21
15	50	30
16	50	0
17	50	0
18	50	11
19	50	0
20	50	0
21	50	30
22	50	0
23	50	21
0	51	7
1	51	5
2	51	13
3	51	9
4	51	11
5	51	16
6	51	11
7	51	9
8	51	16
9	51	11
10	51	11
11	51	15
12	51	18
13	51	24
14	51	11
15	51	13
16	51	18
17	51	5
18	51	9
19	51	5
20	51	7
21	51	0
22	51	5
23	51	5
0	52	0
1	52	61
2	52	107
3	52	0
4	52	0
5	52	0
6	52	0
7	52	0
8	52	0
9	52	61
10	52	0
11	52	0
12	52	0
13	52	0
14	52	0
15	52	0
16	52	0
17	52	0
18	52	0
19	52	0
20	52	0
21	52	0
22	52	0
23	52	0
0	53	10
1	53	17
2	53	15
3	53	15
4	53	14
5	53	10
6	53	16
7	53	13
8	53	13
9	53	14
10	53	22
11	53	12
12	53	16
13	53	18
14	53	19
15	53	19
16	53	9
17	53	7
18	53	5
19	53	6
20	53	2
21	53	4
22	53	11
23	53	13
0	54	9
1	54	9
2	54	25
3	54	0
4	54	17
5	54	9
6	54	0
7	54	9
8	54	25
9	54	9
10	54	32
11	54	17
12	54	39
13	54	46
14	54	17
15	54	25
16	54	0
17	54	9
18	54	0
19	54	17
20	54	9
21	54	0
22	54	9
23	54	0
0	55	4
1	55	0
2	55	30
3	55	15
4	55	4
5	55	33
6	55	4
7	55	12
8	55	8
9	55	4
10	55	8
11	55	19
12	55	46
13	55	19
14	55	19
15	55	26
16	55	12
17	55	0
18	55	0
19	55	0
20	55	12
21	55	4
22	55	4
23	55	8
0	56	16
1	56	14
2	56	10
3	56	11
4	56	26
5	56	10
6	56	10
7	56	18
8	56	14
9	56	10
10	56	9
11	56	12
12	56	19
13	56	20
14	56	14
15	56	17
16	56	9
17	56	2
18	56	3
19	56	3
20	56	4
21	56	5
22	56	5
23	56	8
0	57	0
1	57	0
2	57	0
3	57	230
4	57	230
5	57	0
6	57	0
7	57	0
8	57	0
9	57	0
10	57	0
11	57	0
12	57	0
13	57	0
14	57	0
15	57	0
16	57	0
17	57	0
18	57	0
19	57	0
20	57	0
21	57	0
22	57	0
23	57	0
0	58	11
1	58	15
2	58	14
3	58	13
4	58	13
5	58	14
6	58	15
7	58	16
8	58	16
9	58	14
10	58	17
11	58	19
12	58	21
13	58	23
14	58	18
15	58	15
16	58	10
17	58	5
18	58	3
19	58	3
20	58	4
21	58	6
22	58	9
23	58	12
0	59	11
1	59	25
2	59	25
3	59	6
4	59	21
5	59	11
6	59	25
7	59	16
8	59	16
9	59	52
10	59	16
11	59	35
12	59	35
13	59	16
14	59	16
15	59	11
16	59	21
17	59	6
18	59	0
19	59	6
20	59	0
21	59	11
22	59	6
23	59	25
0	60	17
1	60	23
2	60	12
3	60	21
4	60	19
5	60	15
6	60	8
7	60	15
8	60	31
9	60	21
10	60	8
11	60	24
12	60	19
13	60	23
14	60	19
15	60	15
16	60	6
17	60	4
18	60	8
19	60	0
20	60	4
21	60	10
22	60	15
23	60	10
0	61	7
1	61	10
2	61	4
3	61	37
4	61	10
5	61	19
6	61	22
7	61	37
8	61	13
9	61	25
10	61	19
11	61	7
12	61	16
13	61	16
14	61	10
15	61	25
16	61	4
17	61	7
18	61	4
19	61	0
20	61	0
21	61	0
22	61	0
23	61	10
0	62	10
1	62	15
2	62	10
3	62	12
4	62	24
5	62	24
6	62	15
7	62	28
8	62	17
9	62	10
10	62	15
11	62	15
12	62	10
13	62	10
14	62	17
15	62	3
16	62	19
17	62	15
18	62	5
19	62	5
20	62	5
21	62	8
22	62	5
23	62	8
0	63	0
1	63	0
2	63	30
3	63	30
4	63	0
5	63	0
6	63	0
7	63	0
8	63	0
9	63	0
10	63	0
11	63	55
12	63	55
13	63	30
14	63	30
15	63	30
16	63	0
17	63	0
18	63	0
19	63	0
20	63	0
21	63	0
22	63	0
23	63	0
0	64	16
1	64	16
2	64	20
3	64	18
4	64	18
5	64	18
6	64	19
7	64	17
8	64	15
9	64	18
10	64	19
11	64	21
12	64	21
13	64	20
14	64	20
15	64	14
16	64	10
17	64	9
18	64	5
19	64	4
20	64	6
21	64	8
22	64	10
23	64	14
0	65	0
1	65	0
2	65	0
3	65	0
4	65	0
5	65	0
6	65	0
7	65	0
8	65	0
9	65	0
10	65	0
11	65	0
12	65	0
13	65	0
14	65	0
15	65	0
16	65	0
17	65	0
18	65	0
19	65	0
20	65	0
21	65	0
22	65	0
23	65	0
0	66	8
1	66	8
2	66	16
3	66	14
4	66	10
5	66	20
6	66	10
7	66	16
8	66	23
9	66	8
10	66	6
11	66	16
12	66	20
13	66	23
14	66	20
15	66	8
16	66	0
17	66	0
18	66	0
19	66	0
20	66	0
21	66	2
22	66	6
23	66	12
0	67	0
1	67	0
2	67	0
3	67	14
4	67	0
5	67	51
6	67	0
7	67	40
8	67	27
9	67	40
10	67	27
11	67	0
12	67	14
13	67	14
14	67	14
15	67	0
16	67	0
17	67	0
18	67	0
19	67	0
20	67	0
21	67	0
22	67	0
23	67	27
0	68	0
1	68	0
2	68	0
3	68	0
4	68	0
5	68	10
6	68	0
7	68	10
8	68	10
9	68	10
10	68	0
11	68	0
12	68	19
13	68	0
14	68	0
15	68	0
16	68	10
17	68	0
18	68	0
19	68	10
20	68	0
21	68	0
22	68	0
23	68	28
0	69	13
1	69	26
2	69	30
3	69	19
4	69	19
5	69	13
6	69	20
7	69	28
8	69	11
9	69	17
10	69	10
11	69	25
12	69	29
13	69	14
14	69	19
15	69	26
16	69	19
17	69	11
18	69	2
19	69	7
20	69	2
21	69	0
22	69	4
23	69	5
0	70	12
1	70	19
2	70	9
3	70	10
4	70	16
5	70	14
6	70	14
7	70	17
8	70	19
9	70	22
10	70	16
11	70	20
12	70	29
13	70	24
14	70	16
15	70	7
16	70	6
17	70	8
18	70	5
19	70	3
20	70	5
21	70	9
22	70	12
23	70	4
0	71	0
1	71	26
2	71	9
3	71	18
4	71	0
5	71	26
6	71	42
7	71	26
8	71	26
9	71	0
10	71	0
11	71	34
12	71	26
13	71	26
14	71	26
15	71	9
16	71	0
17	71	0
18	71	0
19	71	0
20	71	0
21	71	9
22	71	26
23	71	0
0	72	0
1	72	0
2	72	0
3	72	0
4	72	0
5	72	0
6	72	0
7	72	0
8	72	0
9	72	0
10	72	95
11	72	0
12	72	0
13	72	0
14	72	0
15	72	0
16	72	95
17	72	0
18	72	0
19	72	0
20	72	0
21	72	0
22	72	0
23	72	0
0	73	6
1	73	11
2	73	0
3	73	6
4	73	6
5	73	27
6	73	11
7	73	0
8	73	0
9	73	11
10	73	11
11	73	17
12	73	17
13	73	17
14	73	11
15	73	11
16	73	0
17	73	6
18	73	6
19	73	0
20	73	0
21	73	11
22	73	0
23	73	0
0	74	0
1	74	0
2	74	0
3	74	0
4	74	0
5	74	0
6	74	0
7	74	0
8	74	0
9	74	0
10	74	0
11	74	0
12	74	244
13	74	201
14	74	0
15	74	0
16	74	0
17	74	0
18	74	0
19	74	0
20	74	0
21	74	0
22	74	0
23	74	0
0	75	37
1	75	0
2	75	0
3	75	13
4	75	111
5	75	13
6	75	13
7	75	13
8	75	13
9	75	26
10	75	0
11	75	37
12	75	48
13	75	26
14	75	13
15	75	26
16	75	0
17	75	13
18	75	0
19	75	0
20	75	0
21	75	0
22	75	13
23	75	13
0	76	0
1	76	20
2	76	37
3	76	129
4	76	54
5	76	0
6	76	69
7	76	37
8	76	0
9	76	0
10	76	69
11	76	20
12	76	0
13	76	0
14	76	20
15	76	0
16	76	0
17	76	0
18	76	0
19	76	0
20	76	0
21	76	0
22	76	0
23	76	54
0	77	0
1	77	220
2	77	0
3	77	0
4	77	0
5	77	0
6	77	0
7	77	123
8	77	0
9	77	123
10	77	0
11	77	0
12	77	0
13	77	0
14	77	0
15	77	0
16	77	0
17	77	0
18	77	0
19	77	0
20	77	0
21	77	0
22	77	0
23	77	0
0	78	7
1	78	10
2	78	12
3	78	14
4	78	12
5	78	15
6	78	12
7	78	14
8	78	15
9	78	15
10	78	14
11	78	15
12	78	21
13	78	18
14	78	17
15	78	12
16	78	12
17	78	6
18	78	6
19	78	4
20	78	3
21	78	4
22	78	7
23	78	9
0	79	15
1	79	17
2	79	18
3	79	18
4	79	18
5	79	19
6	79	20
7	79	20
8	79	19
9	79	19
10	79	20
11	79	22
12	79	23
13	79	23
14	79	18
15	79	15
16	79	10
17	79	8
18	79	6
19	79	5
20	79	5
21	79	7
22	79	12
23	79	13
0	80	0
1	80	21
2	80	11
3	80	21
4	80	0
5	80	21
6	80	11
7	80	30
8	80	0
9	80	11
10	80	39
11	80	21
12	80	30
13	80	73
14	80	11
15	80	65
16	80	0
17	80	0
18	80	0
19	80	0
20	80	21
21	80	11
22	80	0
23	80	11
0	81	24
1	81	13
2	81	9
3	81	15
4	81	7
5	81	7
6	81	15
7	81	5
8	81	15
9	81	13
10	81	20
11	81	13
12	81	13
13	81	13
14	81	15
15	81	3
16	81	11
17	81	11
18	81	0
19	81	9
20	81	7
21	81	7
22	81	17
23	81	5
0	82	14
1	82	14
2	82	12
3	82	21
4	82	9
5	82	21
6	82	29
7	82	15
8	82	21
9	82	9
10	82	15
11	82	21
12	82	25
13	82	19
14	82	26
15	82	9
16	82	5
17	82	5
18	82	2
19	82	0
20	82	5
21	82	9
22	82	11
23	82	6
0	83	13
1	83	20
2	83	24
3	83	13
4	83	11
5	83	24
6	83	17
7	83	17
8	83	17
9	83	17
10	83	17
11	83	15
12	83	18
13	83	18
14	83	18
15	83	11
16	83	15
17	83	3
18	83	5
19	83	1
20	83	7
21	83	10
22	83	12
23	83	10
0	84	13
1	84	19
2	84	13
3	84	19
4	84	0
5	84	30
6	84	41
7	84	13
8	84	7
9	84	13
10	84	36
11	84	52
12	84	19
13	84	30
14	84	13
15	84	19
16	84	13
17	84	13
18	84	7
19	84	0
20	84	0
21	84	7
22	84	19
23	84	0
0	85	54
1	85	29
2	85	0
3	85	0
4	85	0
5	85	0
6	85	0
7	85	0
8	85	0
9	85	0
10	85	0
11	85	54
12	85	29
13	85	77
14	85	77
15	85	0
16	85	0
17	85	0
18	85	0
19	85	0
20	85	0
21	85	0
22	85	0
23	85	0
0	86	0
1	86	0
2	86	0
3	86	0
4	86	0
5	86	15
6	86	15
7	86	0
8	86	15
9	86	0
10	86	15
11	86	0
12	86	0
13	86	0
14	86	28
15	86	15
16	86	0
17	86	0
18	86	15
19	86	15
20	86	0
21	86	0
22	86	0
23	86	15
0	87	32
1	87	0
2	87	5
3	87	0
4	87	0
5	87	21
6	87	0
7	87	5
8	87	25
9	87	13
10	87	5
11	87	17
12	87	9
13	87	32
14	87	17
15	87	13
16	87	5
17	87	13
18	87	9
19	87	0
20	87	13
21	87	0
22	87	0
23	87	9
0	88	0
1	88	21
2	88	0
3	88	21
4	88	0
5	88	21
6	88	40
7	88	40
8	88	40
9	88	0
10	88	0
11	88	57
12	88	57
13	88	21
14	88	40
15	88	21
16	88	0
17	88	0
18	88	0
19	88	0
20	88	0
21	88	0
22	88	21
23	88	21
0	89	11
1	89	12
2	89	15
3	89	21
4	89	16
5	89	14
6	89	14
7	89	14
8	89	17
9	89	16
10	89	15
11	89	17
12	89	20
13	89	23
14	89	19
15	89	10
16	89	7
17	89	6
18	89	5
19	89	3
20	89	3
21	89	5
22	89	7
23	89	13
0	90	10
1	90	14
2	90	17
3	90	19
4	90	17
5	90	15
6	90	17
7	90	17
8	90	17
9	90	17
10	90	17
11	90	20
12	90	24
13	90	21
14	90	24
15	90	14
16	90	10
17	90	8
18	90	5
19	90	6
20	90	4
21	90	7
22	90	10
23	90	11
0	91	13
1	91	12
2	91	15
3	91	12
4	91	16
5	91	11
6	91	21
7	91	17
8	91	14
9	91	16
10	91	13
11	91	20
12	91	22
13	91	16
14	91	22
15	91	17
16	91	12
17	91	8
18	91	6
19	91	3
20	91	5
21	91	4
22	91	8
23	91	10
0	92	0
1	92	0
2	92	0
3	92	0
4	92	0
5	92	123
6	92	123
7	92	0
8	92	0
9	92	0
10	92	0
11	92	0
12	92	0
13	92	0
14	92	0
15	92	0
16	92	0
17	92	0
18	92	0
19	92	0
20	92	0
21	92	123
22	92	123
23	92	0
0	93	16
1	93	18
2	93	22
3	93	20
4	93	17
5	93	30
6	93	13
7	93	24
8	93	12
9	93	8
10	93	20
11	93	21
12	93	26
13	93	18
14	93	21
15	93	15
16	93	11
17	93	6
18	93	4
19	93	2
20	93	5
21	93	11
22	93	12
23	93	5
0	94	16
1	94	13
2	94	19
3	94	12
4	94	14
5	94	18
6	94	19
7	94	22
8	94	13
9	94	12
10	94	20
11	94	19
12	94	15
13	94	16
14	94	16
15	94	14
16	94	6
17	94	5
18	94	5
19	94	4
20	94	6
21	94	7
22	94	13
23	94	16
0	95	9
1	95	0
2	95	26
3	95	26
4	95	9
5	95	42
6	95	34
7	95	9
8	95	9
9	95	9
10	95	34
11	95	9
12	95	34
13	95	18
14	95	42
15	95	18
16	95	0
17	95	0
18	95	0
19	95	0
20	95	0
21	95	34
22	95	0
23	95	0
0	96	0
1	96	0
2	96	0
3	96	0
4	96	40
5	96	0
6	96	0
7	96	40
8	96	0
9	96	0
10	96	0
11	96	0
12	96	0
13	96	0
14	96	0
15	96	0
16	96	0
17	96	0
18	96	0
19	96	0
20	96	0
21	96	0
22	96	0
23	96	0
0	97	13
1	97	14
2	97	14
3	97	15
4	97	14
5	97	18
6	97	19
7	97	17
8	97	14
9	97	15
10	97	23
11	97	24
12	97	23
13	97	23
14	97	20
15	97	13
16	97	6
17	97	7
18	97	4
19	97	3
20	97	2
21	97	6
22	97	9
23	97	10
0	98	18
1	98	26
2	98	15
3	98	19
4	98	17
5	98	17
6	98	9
7	98	17
8	98	19
9	98	20
10	98	19
11	98	17
12	98	26
13	98	28
14	98	20
15	98	17
16	98	13
17	98	6
18	98	5
19	98	1
20	98	5
21	98	7
22	98	6
23	98	8
0	99	0
1	99	0
2	99	0
3	99	0
4	99	0
5	99	0
6	99	0
7	99	0
8	99	0
9	99	0
10	99	0
11	99	0
12	99	0
13	99	0
14	99	0
15	99	0
16	99	0
17	99	0
18	99	0
19	99	0
20	99	0
21	99	0
22	99	0
23	99	0
0	100	0
1	100	8
2	100	8
3	100	8
4	100	23
5	100	8
6	100	8
7	100	8
8	100	16
9	100	23
10	100	8
11	100	23
12	100	30
13	100	0
14	100	16
15	100	0
16	100	23
17	100	0
18	100	0
19	100	0
20	100	16
21	100	0
22	100	8
23	100	0
0	101	0
1	101	0
2	101	0
3	101	253
4	101	0
5	101	0
6	101	0
7	101	0
8	101	0
9	101	0
10	101	0
11	101	0
12	101	0
13	101	0
14	101	0
15	101	0
16	101	0
17	101	0
18	101	0
19	101	0
20	101	0
21	101	0
22	101	0
23	101	0
0	102	9
1	102	12
2	102	14
3	102	11
4	102	12
5	102	16
6	102	12
7	102	14
8	102	12
9	102	12
10	102	19
11	102	22
12	102	13
13	102	25
14	102	16
15	102	16
16	102	8
17	102	7
18	102	4
19	102	5
20	102	2
21	102	9
22	102	7
23	102	11
0	103	0
1	103	0
2	103	0
3	103	0
4	103	0
5	103	0
6	103	0
7	103	0
8	103	0
9	103	0
10	103	0
11	103	0
12	103	0
13	103	0
14	103	0
15	103	0
16	103	0
17	103	0
18	103	0
19	103	0
20	103	0
21	103	0
22	103	0
23	103	0
0	104	0
1	104	0
2	104	0
3	104	0
4	104	0
5	104	0
6	104	0
7	104	0
8	104	0
9	104	0
10	104	0
11	104	0
12	104	0
13	104	112
14	104	0
15	104	112
16	104	0
17	104	0
18	104	0
19	104	0
20	104	0
21	104	0
22	104	0
23	104	0
0	105	12
1	105	5
2	105	23
3	105	14
4	105	19
5	105	13
6	105	9
7	105	12
8	105	13
9	105	13
10	105	16
11	105	14
12	105	30
13	105	23
14	105	21
15	105	10
16	105	9
17	105	2
18	105	2
19	105	3
20	105	0
21	105	3
22	105	10
23	105	5
0	106	9
1	106	17
2	106	12
3	106	13
4	106	26
5	106	9
6	106	15
7	106	15
8	106	16
9	106	17
10	106	12
11	106	15
12	106	21
13	106	15
14	106	18
15	106	9
16	106	12
17	106	7
18	106	7
19	106	1
20	106	3
21	106	9
22	106	7
23	106	9
0	107	15
1	107	33
2	107	15
3	107	15
4	107	22
5	107	17
6	107	17
7	107	5
8	107	26
9	107	26
10	107	17
11	107	17
12	107	15
13	107	24
14	107	15
15	107	22
16	107	8
17	107	5
18	107	3
19	107	0
20	107	3
21	107	0
22	107	5
23	107	15
0	108	0
1	108	0
2	108	38
3	108	0
4	108	38
5	108	0
6	108	0
7	108	0
8	108	0
9	108	0
10	108	0
11	108	0
12	108	0
13	108	0
14	108	0
15	108	38
16	108	0
17	108	0
18	108	0
19	108	0
20	108	0
21	108	0
22	108	0
23	108	0
0	109	18
1	109	6
2	109	21
3	109	37
4	109	28
5	109	34
6	109	28
7	109	23
8	109	21
9	109	23
10	109	49
11	109	20
12	109	23
13	109	21
14	109	25
15	109	2
16	109	9
17	109	4
18	109	2
19	109	2
20	109	2
21	109	2
22	109	9
23	109	11
0	110	0
1	110	19
2	110	27
3	110	43
4	110	19
5	110	0
6	110	27
7	110	19
8	110	10
9	110	0
10	110	10
11	110	10
12	110	35
13	110	0
14	110	10
15	110	0
16	110	19
17	110	19
18	110	0
19	110	0
20	110	0
21	110	0
22	110	0
23	110	10
0	111	12
1	111	12
2	111	12
3	111	0
4	111	12
5	111	23
6	111	0
7	111	0
8	111	0
9	111	33
10	111	12
11	111	23
12	111	23
13	111	23
14	111	0
15	111	23
16	111	12
17	111	0
18	111	0
19	111	23
20	111	12
21	111	0
22	111	12
23	111	23
0	112	13
1	112	16
2	112	16
3	112	25
4	112	24
5	112	14
6	112	12
7	112	14
8	112	17
9	112	16
10	112	12
11	112	18
12	112	22
13	112	22
14	112	12
15	112	17
16	112	5
17	112	8
18	112	10
19	112	2
20	112	3
21	112	2
22	112	8
23	112	10
0	113	5
1	113	15
2	113	14
3	113	15
4	113	11
5	113	15
6	113	10
7	113	15
8	113	11
9	113	12
10	113	12
11	113	15
12	113	15
13	113	19
14	113	13
15	113	10
16	113	9
17	113	10
18	113	3
19	113	5
20	113	7
21	113	9
22	113	5
23	113	15
0	114	11
1	114	11
2	114	0
3	114	0
4	114	0
5	114	31
6	114	21
7	114	40
8	114	0
9	114	11
10	114	21
11	114	11
12	114	11
13	114	31
14	114	21
15	114	0
16	114	0
17	114	0
18	114	0
19	114	0
20	114	0
21	114	0
22	114	0
23	114	11
0	115	0
1	115	0
2	115	0
3	115	0
4	115	0
5	115	0
6	115	0
7	115	154
8	115	0
9	115	0
10	115	0
11	115	0
12	115	0
13	115	0
14	115	0
15	115	0
16	115	0
17	115	0
18	115	0
19	115	0
20	115	95
21	115	0
22	115	0
23	115	0
0	116	0
1	116	0
2	116	0
3	116	0
4	116	0
5	116	72
6	116	0
7	116	0
8	116	0
9	116	0
10	116	0
11	116	0
12	116	0
13	116	0
14	116	0
15	116	0
16	116	0
17	116	0
18	116	0
19	116	0
20	116	0
21	116	0
22	116	0
23	116	0
0	117	0
1	117	0
2	117	0
3	117	0
4	117	27
5	117	0
6	117	0
7	117	0
8	117	0
9	117	0
10	117	0
11	117	0
12	117	27
13	117	27
14	117	0
15	117	0
16	117	0
17	117	0
18	117	0
19	117	0
20	117	0
21	117	0
22	117	0
23	117	0
0	118	0
1	118	0
2	118	0
3	118	0
4	118	0
5	118	0
6	118	0
7	118	64
8	118	0
9	118	64
10	118	0
11	118	0
12	118	0
13	118	0
14	118	64
15	118	0
16	118	0
17	118	0
18	118	0
19	118	0
20	118	0
21	118	64
22	118	0
23	118	0
0	119	0
1	119	49
2	119	0
3	119	18
4	119	18
5	119	0
6	119	0
7	119	0
8	119	0
9	119	18
10	119	34
11	119	0
12	119	34
13	119	0
14	119	18
15	119	0
16	119	18
17	119	0
18	119	0
19	119	0
20	119	0
21	119	0
22	119	0
23	119	0
0	120	0
1	120	0
2	120	0
3	120	0
4	120	0
5	120	0
6	120	0
7	120	0
8	120	0
9	120	0
10	120	0
11	120	0
12	120	0
13	120	0
14	120	0
15	120	0
16	120	0
17	120	0
18	120	0
19	120	0
20	120	0
21	120	0
22	120	0
23	120	0
0	121	13
1	121	0
2	121	13
3	121	13
4	121	0
5	121	0
6	121	56
7	121	0
8	121	25
9	121	13
10	121	36
11	121	46
12	121	0
13	121	25
14	121	25
15	121	36
16	121	13
17	121	0
18	121	0
19	121	0
20	121	0
21	121	13
22	121	13
23	121	0
0	122	31
1	122	6
2	122	22
3	122	27
4	122	31
5	122	45
6	122	41
7	122	36
8	122	16
9	122	22
10	122	6
11	122	27
12	122	27
13	122	59
14	122	22
15	122	36
16	122	0
17	122	0
18	122	0
19	122	0
20	122	0
21	122	0
22	122	0
23	122	6
0	123	10
1	123	10
2	123	13
3	123	13
4	123	18
5	123	13
6	123	11
7	123	11
8	123	16
9	123	12
10	123	16
11	123	16
12	123	20
13	123	22
14	123	17
15	123	13
16	123	9
17	123	8
18	123	10
19	123	2
20	123	6
21	123	6
22	123	5
23	123	8
0	124	17
1	124	48
2	124	0
3	124	0
4	124	25
5	124	9
6	124	0
7	124	17
8	124	25
9	124	9
10	124	41
11	124	17
12	124	41
13	124	0
14	124	0
15	124	0
16	124	9
17	124	0
18	124	0
19	124	0
20	124	0
21	124	0
22	124	25
23	124	17
0	125	175
1	125	0
2	125	64
3	125	0
4	125	0
5	125	175
6	125	112
7	125	195
8	125	0
9	125	0
10	125	0
11	125	0
12	125	0
13	125	0
14	125	0
15	125	0
16	125	0
17	125	0
18	125	0
19	125	0
20	125	0
21	125	0
22	125	0
23	125	0
0	126	14
1	126	0
2	126	0
3	126	51
4	126	14
5	126	27
6	126	27
7	126	0
8	126	0
9	126	14
10	126	27
11	126	27
12	126	27
13	126	27
14	126	14
15	126	40
16	126	14
17	126	0
18	126	0
19	126	14
20	126	14
21	126	14
22	126	0
23	126	27
0	127	0
1	127	0
2	127	14
3	127	14
4	127	27
5	127	0
6	127	61
7	127	0
8	127	27
9	127	0
10	127	14
11	127	14
12	127	27
13	127	14
14	127	0
15	127	27
16	127	0
17	127	14
18	127	0
19	127	0
20	127	0
21	127	0
22	127	14
23	127	27
0	128	17
1	128	7
2	128	10
3	128	20
4	128	38
5	128	7
6	128	14
7	128	7
8	128	26
9	128	23
10	128	20
11	128	23
12	128	44
13	128	29
14	128	20
15	128	10
16	128	7
17	128	14
18	128	4
19	128	4
20	128	0
21	128	7
22	128	4
23	128	7
0	129	23
1	129	12
2	129	12
3	129	0
4	129	0
5	129	0
6	129	33
7	129	12
8	129	0
9	129	23
10	129	23
11	129	33
12	129	0
13	129	33
14	129	12
15	129	23
16	129	12
17	129	12
18	129	0
19	129	0
20	129	0
21	129	0
22	129	0
23	129	23
0	130	22
1	130	0
2	130	0
3	130	0
4	130	0
5	130	0
6	130	0
7	130	0
8	130	0
9	130	0
10	130	0
11	130	12
12	130	12
13	130	0
14	130	0
15	130	22
16	130	0
17	130	0
18	130	0
19	130	12
20	130	0
21	130	12
22	130	0
23	130	0
0	131	0
1	131	0
2	131	30
3	131	16
4	131	16
5	131	30
6	131	80
7	131	0
8	131	44
9	131	30
10	131	16
11	131	30
12	131	16
13	131	44
14	131	16
15	131	0
16	131	0
17	131	0
18	131	0
19	131	0
20	131	0
21	131	0
22	131	16
23	131	16
0	132	16
1	132	25
2	132	10
3	132	14
4	132	15
5	132	12
6	132	21
7	132	11
8	132	16
9	132	18
10	132	20
11	132	19
12	132	18
13	132	21
14	132	16
15	132	16
16	132	12
17	132	6
18	132	5
19	132	4
20	132	5
21	132	7
22	132	8
23	132	9
0	133	27
1	133	10
2	133	27
3	133	16
4	133	44
5	133	19
6	133	10
7	133	22
8	133	13
9	133	13
10	133	27
11	133	22
12	133	16
13	133	13
14	133	22
15	133	22
16	133	4
17	133	7
18	133	4
19	133	0
20	133	0
21	133	10
22	133	7
23	133	27
0	134	8
1	134	16
2	134	51
3	134	8
4	134	11
5	134	21
6	134	11
7	134	14
8	134	11
9	134	21
10	134	8
11	134	11
12	134	40
13	134	11
14	134	14
15	134	8
16	134	8
17	134	3
18	134	0
19	134	6
20	134	0
21	134	6
22	134	16
23	134	14
0	135	0
1	135	0
2	135	14
3	135	0
4	135	26
5	135	50
6	135	14
7	135	0
8	135	26
9	135	14
10	135	26
11	135	26
12	135	14
13	135	14
14	135	0
15	135	26
16	135	14
17	135	0
18	135	0
19	135	0
20	135	0
21	135	0
22	135	38
23	135	0
0	136	0
1	136	0
2	136	0
3	136	0
4	136	0
5	136	0
6	136	0
7	136	0
8	136	0
9	136	0
10	136	0
11	136	0
12	136	0
13	136	0
14	136	0
15	136	0
16	136	0
17	136	0
18	136	0
19	136	0
20	136	0
21	136	0
22	136	0
23	136	0
0	137	0
1	137	0
2	137	0
3	137	0
4	137	0
5	137	0
6	137	0
7	137	0
8	137	0
9	137	0
10	137	0
11	137	0
12	137	0
13	137	0
14	137	0
15	137	0
16	137	0
17	137	0
18	137	0
19	137	0
20	137	0
21	137	0
22	137	0
23	137	0
0	138	13
1	138	36
2	138	0
3	138	13
4	138	13
5	138	36
6	138	13
7	138	46
8	138	13
9	138	13
10	138	0
11	138	0
12	138	13
13	138	25
14	138	13
15	138	13
16	138	13
17	138	0
18	138	0
19	138	13
20	138	0
21	138	0
22	138	0
23	138	0
0	139	28
1	139	8
2	139	0
3	139	41
4	139	15
5	139	28
6	139	8
7	139	41
8	139	15
9	139	28
10	139	28
11	139	0
12	139	0
13	139	0
14	139	0
15	139	0
16	139	0
17	139	0
18	139	22
19	139	0
20	139	8
21	139	0
22	139	0
23	139	8
0	140	28
1	140	28
2	140	75
3	140	28
4	140	28
5	140	28
6	140	0
7	140	28
8	140	0
9	140	28
10	140	0
11	140	0
12	140	0
13	140	0
14	140	0
15	140	0
16	140	0
17	140	0
18	140	0
19	140	0
20	140	0
21	140	0
22	140	0
23	140	0
0	141	0
1	141	68
2	141	0
3	141	0
4	141	0
5	141	0
6	141	0
7	141	0
8	141	0
9	141	0
10	141	0
11	141	0
12	141	0
13	141	0
14	141	0
15	141	0
16	141	0
17	141	0
18	141	0
19	141	0
20	141	0
21	141	0
22	141	0
23	141	0
0	142	0
1	142	0
2	142	0
3	142	0
4	142	0
5	142	0
6	142	0
7	142	0
8	142	0
9	142	0
10	142	0
11	142	15
12	142	0
13	142	0
14	142	41
15	142	15
16	142	0
17	142	0
18	142	0
19	142	0
20	142	0
21	142	15
22	142	29
23	142	0
0	143	31
1	143	0
2	143	58
3	143	31
4	143	0
5	143	0
6	143	103
7	143	31
8	143	0
9	143	31
10	143	31
11	143	0
12	143	0
13	143	82
14	143	82
15	143	0
16	143	0
17	143	0
18	143	0
19	143	0
20	143	0
21	143	0
22	143	82
23	143	58
0	144	0
1	144	0
2	144	0
3	144	0
4	144	51
5	144	51
6	144	123
7	144	0
8	144	51
9	144	0
10	144	0
11	144	0
12	144	0
13	144	0
14	144	0
15	144	0
16	144	0
17	144	0
18	144	0
19	144	0
20	144	0
21	144	0
22	144	0
23	144	0
0	145	11
1	145	15
2	145	8
3	145	14
4	145	12
5	145	8
6	145	13
7	145	7
8	145	11
9	145	21
10	145	18
11	145	23
12	145	17
13	145	11
14	145	14
15	145	11
16	145	6
17	145	6
18	145	3
19	145	4
20	145	3
21	145	22
22	145	8
23	145	10
0	146	5
1	146	8
2	146	12
3	146	8
4	146	20
5	146	8
6	146	5
7	146	12
8	146	12
9	146	5
10	146	8
11	146	8
12	146	8
13	146	12
14	146	20
15	146	34
16	146	20
17	146	5
18	146	0
19	146	8
20	146	5
21	146	0
22	146	0
23	146	5
0	147	0
1	147	0
2	147	253
3	147	0
4	147	0
5	147	0
6	147	0
7	147	0
8	147	0
9	147	0
10	147	0
11	147	0
12	147	0
13	147	0
14	147	0
15	147	0
16	147	0
17	147	0
18	147	0
19	147	0
20	147	0
21	147	0
22	147	0
23	147	0
0	148	8
1	148	15
2	148	9
3	148	9
4	148	3
5	148	16
6	148	13
7	148	15
8	148	22
9	148	16
10	148	17
11	148	23
12	148	25
13	148	22
14	148	13
15	148	14
16	148	7
17	148	4
18	148	2
19	148	2
20	148	3
21	148	4
22	148	17
23	148	10
0	149	16
1	149	6
2	149	9
3	149	14
4	149	11
5	149	17
6	149	22
7	149	17
8	149	11
9	149	15
10	149	9
11	149	27
12	149	16
13	149	18
14	149	16
15	149	14
16	149	11
17	149	9
18	149	5
19	149	3
20	149	4
21	149	5
22	149	4
23	149	23
0	150	17
1	150	26
2	150	4
3	150	10
4	150	7
5	150	4
6	150	14
7	150	29
8	150	20
9	150	4
10	150	10
11	150	17
12	150	14
13	150	7
14	150	4
15	150	14
16	150	7
17	150	7
18	150	4
19	150	0
20	150	0
21	150	14
22	150	10
23	150	7
0	151	0
1	151	0
2	151	0
3	151	0
4	151	0
5	151	0
6	151	0
7	151	0
8	151	0
9	151	0
10	151	0
11	151	0
12	151	0
13	151	0
14	151	0
15	151	0
16	151	0
17	151	0
18	151	0
19	151	0
20	151	0
21	151	0
22	151	0
23	151	0
0	152	0
1	152	0
2	152	0
3	152	0
4	152	0
5	152	0
6	152	0
7	152	0
8	152	0
9	152	0
10	152	0
11	152	0
12	152	0
13	152	0
14	152	0
15	152	0
16	152	0
17	152	0
18	152	0
19	152	0
20	152	0
21	152	0
22	152	0
23	152	0
0	153	0
1	153	0
2	153	0
3	153	0
4	153	0
5	153	0
6	153	0
7	153	0
8	153	0
9	153	0
10	153	0
11	153	0
12	153	0
13	153	0
14	153	0
15	153	0
16	153	0
17	153	0
18	153	0
19	153	0
20	153	0
21	153	0
22	153	0
23	153	0
0	154	0
1	154	0
2	154	0
3	154	0
4	154	0
5	154	0
6	154	0
7	154	0
8	154	72
9	154	72
10	154	0
11	154	0
12	154	0
13	154	0
14	154	0
15	154	0
16	154	0
17	154	0
18	154	0
19	154	0
20	154	0
21	154	0
22	154	0
23	154	0
0	155	12
1	155	13
2	155	14
3	155	17
4	155	16
5	155	18
6	155	17
7	155	14
8	155	15
9	155	16
10	155	16
11	155	20
12	155	20
13	155	22
14	155	17
15	155	13
16	155	11
17	155	6
18	155	5
19	155	3
20	155	5
21	155	4
22	155	8
23	155	10
0	156	13
1	156	15
2	156	15
3	156	16
4	156	14
5	156	17
6	156	18
7	156	19
8	156	18
9	156	17
10	156	19
11	156	20
12	156	22
13	156	20
14	156	18
15	156	12
16	156	11
17	156	8
18	156	5
19	156	4
20	156	4
21	156	5
22	156	7
23	156	11
0	157	9
1	157	13
2	157	22
3	157	11
4	157	7
5	157	11
6	157	22
7	157	32
8	157	17
9	157	17
10	157	20
11	157	9
12	157	17
13	157	15
14	157	9
15	157	5
16	157	11
17	157	9
18	157	3
19	157	3
20	157	0
21	157	5
22	157	9
23	157	17
0	158	0
1	158	10
2	158	0
3	158	0
4	158	0
5	158	0
6	158	0
7	158	54
8	158	46
9	158	0
10	158	0
11	158	0
12	158	54
13	158	10
14	158	0
15	158	0
16	158	0
17	158	0
18	158	10
19	158	0
20	158	0
21	158	0
22	158	0
23	158	20
0	159	0
1	159	0
2	159	0
3	159	0
4	159	0
5	159	0
6	159	0
7	159	0
8	159	0
9	159	0
10	159	0
11	159	0
12	159	0
13	159	0
14	159	0
15	159	0
16	159	0
17	159	0
18	159	0
19	159	0
20	159	0
21	159	0
22	159	0
23	159	0
0	160	15
1	160	6
2	160	26
3	160	14
4	160	4
5	160	14
6	160	10
7	160	12
8	160	19
9	160	12
10	160	10
11	160	23
12	160	24
13	160	24
14	160	24
15	160	8
16	160	6
17	160	6
18	160	0
19	160	8
20	160	6
21	160	4
22	160	4
23	160	4
0	161	12
1	161	10
2	161	11
3	161	14
4	161	12
5	161	14
6	161	16
7	161	14
8	161	14
9	161	14
10	161	16
11	161	15
12	161	21
13	161	18
14	161	21
15	161	10
16	161	10
17	161	8
18	161	6
19	161	5
20	161	3
21	161	7
22	161	10
23	161	8
0	162	0
1	162	20
2	162	0
3	162	0
4	162	0
5	162	29
6	162	10
7	162	0
8	162	10
9	162	20
10	162	0
11	162	10
12	162	10
13	162	10
14	162	10
15	162	0
16	162	0
17	162	10
18	162	10
19	162	0
20	162	0
21	162	0
22	162	10
23	162	0
0	163	14
1	163	4
2	163	13
3	163	9
4	163	16
5	163	14
6	163	16
7	163	19
8	163	16
9	163	14
10	163	11
11	163	7
12	163	7
13	163	16
14	163	11
15	163	6
16	163	9
17	163	2
18	163	0
19	163	0
20	163	6
21	163	9
22	163	0
23	163	13
0	164	10
1	164	12
2	164	12
3	164	10
4	164	15
5	164	17
6	164	19
7	164	12
8	164	19
9	164	10
10	164	20
11	164	20
12	164	26
13	164	19
14	164	37
15	164	8
16	164	10
17	164	6
18	164	4
19	164	2
20	164	0
21	164	10
22	164	8
23	164	26
0	165	0
1	165	0
2	165	0
3	165	0
4	165	0
5	165	0
6	165	0
7	165	0
8	165	0
9	165	0
10	165	0
11	165	0
12	165	0
13	165	0
14	165	0
15	165	253
16	165	0
17	165	0
18	165	0
19	165	0
20	165	0
21	165	0
22	165	0
23	165	0
0	166	0
1	166	137
2	166	0
3	166	0
4	166	0
5	166	0
6	166	137
7	166	0
8	166	0
9	166	0
10	166	0
11	166	0
12	166	0
13	166	0
14	166	0
15	166	0
16	166	0
17	166	0
18	166	0
19	166	0
20	166	0
21	166	0
22	166	0
23	166	0
0	167	13
1	167	14
2	167	17
3	167	10
4	167	13
5	167	11
6	167	14
7	167	13
8	167	20
9	167	19
10	167	17
11	167	17
12	167	16
13	167	20
14	167	11
15	167	10
16	167	20
17	167	0
18	167	5
19	167	2
20	167	0
21	167	7
22	167	7
23	167	7
0	168	13
1	168	9
2	168	11
3	168	20
4	168	15
5	168	12
6	168	9
7	168	11
8	168	12
9	168	13
10	168	21
11	168	20
12	168	30
13	168	32
14	168	15
15	168	9
16	168	5
17	168	6
18	168	8
19	168	6
20	168	5
21	168	4
22	168	4
23	168	14
0	169	11
1	169	11
2	169	17
3	169	16
4	169	16
5	169	16
6	169	17
7	169	19
8	169	18
9	169	19
10	169	19
11	169	23
12	169	23
13	169	22
14	169	20
15	169	14
16	169	10
17	169	4
18	169	3
19	169	3
20	169	3
21	169	6
22	169	10
23	169	11
0	170	16
1	170	21
2	170	11
3	170	6
4	170	21
5	170	21
6	170	16
7	170	6
8	170	0
9	170	6
10	170	6
11	170	21
12	170	11
13	170	6
14	170	30
15	170	6
16	170	0
17	170	26
18	170	0
19	170	0
20	170	6
21	170	16
22	170	6
23	170	11
0	171	0
1	171	0
2	171	0
3	171	28
4	171	28
5	171	0
6	171	0
7	171	28
8	171	0
9	171	0
10	171	53
11	171	28
12	171	0
13	171	28
14	171	28
15	171	28
16	171	0
17	171	0
18	171	0
19	171	0
20	171	0
21	171	0
22	171	0
23	171	53
0	172	31
1	172	9
2	172	16
3	172	24
4	172	0
5	172	9
6	172	16
7	172	24
8	172	16
9	172	31
10	172	0
11	172	16
12	172	24
13	172	31
14	172	31
15	172	9
16	172	9
17	172	0
18	172	0
19	172	0
20	172	0
21	172	16
22	172	9
23	172	0
0	173	20
1	173	39
2	173	39
3	173	20
4	173	39
5	173	0
6	173	0
7	173	39
8	173	71
9	173	0
10	173	20
11	173	39
12	173	0
13	173	111
14	173	20
15	173	20
16	173	0
17	173	0
18	173	0
19	173	0
20	173	0
21	173	0
22	173	0
23	173	0
0	174	0
1	174	11
2	174	0
3	174	22
4	174	31
5	174	0
6	174	11
7	174	0
8	174	0
9	174	0
10	174	0
11	174	11
12	174	0
13	174	59
14	174	22
15	174	22
16	174	0
17	174	0
18	174	22
19	174	0
20	174	0
21	174	0
22	174	11
23	174	0
0	175	0
1	175	0
2	175	253
3	175	0
4	175	0
5	175	0
6	175	0
7	175	0
8	175	0
9	175	0
10	175	0
11	175	0
12	175	0
13	175	0
14	175	0
15	175	0
16	175	0
17	175	0
18	175	0
19	175	0
20	175	0
21	175	0
22	175	0
23	175	0
0	176	0
1	176	0
2	176	0
3	176	0
4	176	40
5	176	40
6	176	0
7	176	0
8	176	40
9	176	0
10	176	0
11	176	0
12	176	40
13	176	40
14	176	0
15	176	0
16	176	0
17	176	0
18	176	0
19	176	0
20	176	0
21	176	0
22	176	40
23	176	0
0	177	10
1	177	28
2	177	0
3	177	10
4	177	10
5	177	0
6	177	0
7	177	0
8	177	19
9	177	0
10	177	19
11	177	19
12	177	19
13	177	0
14	177	0
15	177	10
16	177	0
17	177	0
18	177	37
19	177	0
20	177	0
21	177	0
22	177	0
23	177	19
0	178	0
1	178	0
2	178	0
3	178	45
4	178	45
5	178	0
6	178	45
7	178	0
8	178	82
9	178	45
10	178	0
11	178	0
12	178	0
13	178	0
14	178	45
15	178	0
16	178	0
17	178	0
18	178	0
19	178	0
20	178	0
21	178	0
22	178	0
23	178	0
0	179	14
1	179	14
2	179	9
3	179	14
4	179	14
5	179	38
6	179	18
7	179	26
8	179	9
9	179	26
10	179	18
11	179	22
12	179	26
13	179	14
14	179	18
15	179	9
16	179	22
17	179	9
18	179	0
19	179	0
20	179	14
21	179	14
22	179	9
23	179	9
0	180	10
1	180	13
2	180	10
3	180	10
4	180	12
5	180	6
6	180	9
7	180	11
8	180	12
9	180	22
10	180	14
11	180	14
12	180	14
13	180	23
14	180	13
15	180	11
16	180	7
17	180	6
18	180	3
19	180	8
20	180	4
21	180	3
22	180	6
23	180	5
0	181	0
1	181	0
2	181	0
3	181	0
4	181	0
5	181	0
6	181	0
7	181	0
8	181	0
9	181	0
10	181	0
11	181	0
12	181	0
13	181	0
14	181	0
15	181	0
16	181	0
17	181	0
18	181	0
19	181	0
20	181	0
21	181	0
22	181	0
23	181	0
0	182	0
1	182	0
2	182	0
3	182	0
4	182	0
5	182	0
6	182	0
7	182	0
8	182	0
9	182	0
10	182	0
11	182	0
12	182	0
13	182	0
14	182	0
15	182	0
16	182	0
17	182	0
18	182	0
19	182	0
20	182	0
21	182	0
22	182	0
23	182	0
0	183	0
1	183	0
2	183	0
3	183	0
4	183	175
5	183	0
6	183	0
7	183	0
8	183	0
9	183	0
10	183	0
11	183	0
12	183	0
13	183	0
14	183	0
15	183	0
16	183	0
17	183	0
18	183	0
19	183	0
20	183	0
21	183	0
22	183	0
23	183	230
0	184	0
1	184	13
2	184	13
3	184	7
4	184	13
5	184	7
6	184	13
7	184	25
8	184	7
9	184	0
10	184	36
11	184	25
12	184	19
13	184	52
14	184	42
15	184	25
16	184	0
17	184	0
18	184	0
19	184	0
20	184	13
21	184	25
22	184	7
23	184	0
0	185	11
1	185	14
2	185	13
3	185	15
4	185	18
5	185	12
6	185	14
7	185	14
8	185	15
9	185	16
10	185	15
11	185	15
12	185	20
13	185	19
14	185	18
15	185	14
16	185	12
17	185	6
18	185	4
19	185	3
20	185	3
21	185	7
22	185	8
23	185	8
0	186	20
1	186	20
2	186	20
3	186	0
4	186	0
5	186	0
6	186	20
7	186	0
8	186	0
9	186	55
10	186	0
11	186	0
12	186	0
13	186	0
14	186	0
15	186	0
16	186	20
17	186	0
18	186	0
19	186	0
20	186	0
21	186	0
22	186	0
23	186	0
0	187	0
1	187	37
2	187	68
3	187	95
4	187	0
5	187	0
6	187	0
7	187	0
8	187	0
9	187	0
10	187	0
11	187	37
12	187	68
13	187	37
14	187	0
15	187	0
16	187	0
17	187	0
18	187	0
19	187	0
20	187	0
21	187	0
22	187	0
23	187	0
0	188	6
1	188	9
2	188	16
3	188	9
4	188	17
5	188	17
6	188	18
7	188	10
8	188	11
9	188	9
10	188	10
11	188	17
12	188	21
13	188	13
14	188	9
15	188	17
16	188	9
17	188	10
18	188	2
19	188	6
20	188	3
21	188	3
22	188	11
23	188	11
0	189	28
1	189	22
2	189	6
3	189	12
4	189	6
5	189	0
6	189	22
7	189	0
8	189	0
9	189	6
10	189	22
11	189	33
12	189	22
13	189	12
14	189	17
15	189	6
16	189	6
17	189	0
18	189	0
19	189	0
20	189	6
21	189	0
22	189	0
23	189	0
0	190	10
1	190	14
2	190	18
3	190	22
4	190	25
5	190	19
6	190	17
7	190	14
8	190	11
9	190	7
10	190	14
11	190	25
12	190	13
13	190	22
14	190	19
15	190	9
16	190	10
17	190	6
18	190	2
19	190	0
20	190	1
21	190	4
22	190	8
23	190	12
0	191	14
1	191	9
2	191	5
3	191	34
4	191	14
5	191	22
6	191	22
7	191	22
8	191	14
9	191	5
10	191	26
11	191	18
12	191	9
13	191	30
14	191	5
15	191	26
16	191	5
17	191	14
18	191	5
19	191	5
20	191	5
21	191	0
22	191	14
23	191	5
0	192	4
1	192	8
2	192	23
3	192	4
4	192	0
5	192	26
6	192	19
7	192	8
8	192	15
9	192	12
10	192	19
11	192	30
12	192	19
13	192	19
14	192	15
15	192	0
16	192	8
17	192	4
18	192	4
19	192	0
20	192	0
21	192	4
22	192	8
23	192	4
0	193	0
1	193	37
2	193	22
3	193	12
4	193	12
5	193	0
6	193	6
7	193	32
8	193	0
9	193	22
10	193	69
11	193	32
12	193	6
13	193	17
14	193	17
15	193	12
16	193	0
17	193	6
18	193	0
19	193	0
20	193	0
21	193	6
22	193	0
23	193	12
0	194	38
1	194	20
2	194	32
3	194	26
4	194	38
5	194	14
6	194	14
7	194	32
8	194	0
9	194	7
10	194	14
11	194	49
12	194	26
13	194	14
14	194	20
15	194	26
16	194	7
17	194	7
18	194	0
19	194	0
20	194	0
21	194	14
22	194	64
23	194	26
0	195	0
1	195	0
2	195	0
3	195	27
4	195	0
5	195	0
6	195	0
7	195	0
8	195	27
9	195	0
10	195	0
11	195	0
12	195	27
13	195	0
14	195	27
15	195	0
16	195	0
17	195	0
18	195	0
19	195	0
20	195	0
21	195	0
22	195	0
23	195	72
0	196	13
1	196	0
2	196	24
3	196	35
4	196	13
5	196	13
6	196	13
7	196	13
8	196	13
9	196	13
10	196	24
11	196	35
12	196	0
13	196	45
14	196	13
15	196	13
16	196	24
17	196	13
18	196	0
19	196	0
20	196	0
21	196	0
22	196	0
23	196	0
0	197	0
1	197	0
2	197	0
3	197	90
4	197	0
5	197	35
6	197	0
7	197	0
8	197	0
9	197	35
10	197	0
11	197	0
12	197	64
13	197	0
14	197	0
15	197	0
16	197	0
17	197	0
18	197	0
19	197	0
20	197	0
21	197	0
22	197	0
23	197	35
0	198	15
1	198	17
2	198	26
3	198	15
4	198	22
5	198	19
6	198	18
7	198	16
8	198	20
9	198	22
10	198	21
11	198	23
12	198	22
13	198	30
14	198	28
15	198	21
16	198	7
17	198	5
18	198	2
19	198	1
20	198	4
21	198	5
22	198	6
23	198	11
0	199	0
1	199	8
2	199	15
3	199	0
4	199	15
5	199	30
6	199	8
7	199	8
8	199	15
9	199	15
10	199	8
11	199	8
12	199	15
13	199	15
14	199	8
15	199	8
16	199	15
17	199	0
18	199	0
19	199	15
20	199	0
21	199	0
22	199	15
23	199	0
0	200	0
1	200	0
2	200	0
3	200	0
4	200	0
5	200	0
6	200	0
7	200	0
8	200	0
9	200	0
10	200	0
11	200	0
12	200	0
13	200	0
14	200	0
15	200	0
16	200	0
17	200	0
18	200	0
19	200	0
20	200	0
21	200	0
22	200	0
23	200	0
0	201	0
1	201	0
2	201	0
3	201	0
4	201	0
5	201	0
6	201	0
7	201	0
8	201	0
9	201	0
10	201	0
11	201	0
12	201	0
13	201	0
14	201	0
15	201	0
16	201	0
17	201	0
18	201	0
19	201	0
20	201	0
21	201	0
22	201	0
23	201	0
0	202	0
1	202	0
2	202	0
3	202	0
4	202	0
5	202	55
6	202	0
7	202	55
8	202	0
9	202	30
10	202	0
11	202	0
12	202	0
13	202	30
14	202	0
15	202	0
16	202	0
17	202	0
18	202	0
19	202	0
20	202	0
21	202	0
22	202	0
23	202	0
0	203	0
1	203	0
2	203	0
3	203	0
4	203	0
5	203	0
6	203	0
7	203	0
8	203	0
9	203	0
10	203	0
11	203	82
12	203	0
13	203	0
14	203	82
15	203	45
16	203	0
17	203	0
18	203	45
19	203	0
20	203	0
21	203	0
22	203	82
23	203	45
0	204	0
1	204	0
2	204	0
3	204	0
4	204	0
5	204	0
6	204	0
7	204	0
8	204	0
9	204	0
10	204	0
11	204	0
12	204	0
13	204	0
14	204	175
15	204	0
16	204	0
17	204	0
18	204	0
19	204	0
20	204	0
21	204	0
22	204	0
23	204	0
0	205	9
1	205	9
2	205	32
3	205	17
4	205	53
5	205	24
6	205	24
7	205	66
8	205	9
9	205	9
10	205	17
11	205	9
12	205	24
13	205	24
14	205	24
15	205	9
16	205	0
17	205	9
18	205	0
19	205	0
20	205	0
21	205	24
22	205	9
23	205	53
0	206	0
1	206	0
2	206	0
3	206	20
4	206	0
5	206	0
6	206	20
7	206	0
8	206	11
9	206	11
10	206	11
11	206	38
12	206	47
13	206	47
14	206	11
15	206	11
16	206	0
17	206	0
18	206	0
19	206	0
20	206	0
21	206	0
22	206	0
23	206	0
0	207	0
1	207	0
2	207	26
3	207	26
4	207	0
5	207	0
6	207	26
7	207	0
8	207	26
9	207	49
10	207	0
11	207	0
12	207	49
13	207	26
14	207	0
15	207	0
16	207	26
17	207	0
18	207	0
19	207	0
20	207	0
21	207	26
22	207	0
23	207	0
0	208	9
1	208	11
2	208	19
3	208	14
4	208	20
5	208	20
6	208	13
7	208	24
8	208	16
9	208	7
10	208	15
11	208	17
12	208	24
13	208	20
14	208	21
15	208	13
16	208	14
17	208	5
18	208	2
19	208	1
20	208	7
21	208	11
22	208	10
23	208	9
0	209	0
1	209	9
2	209	0
3	209	9
4	209	46
5	209	17
6	209	17
7	209	24
8	209	9
9	209	9
10	209	24
11	209	53
12	209	65
13	209	17
14	209	9
15	209	0
16	209	0
17	209	0
18	209	0
19	209	0
20	209	0
21	209	0
22	209	0
23	209	9
0	210	0
1	210	38
2	210	38
3	210	0
4	210	26
5	210	14
6	210	26
7	210	0
8	210	26
9	210	14
10	210	0
11	210	0
12	210	14
13	210	0
14	210	0
15	210	14
16	210	0
17	210	14
18	210	0
19	210	0
20	210	0
21	210	0
22	210	0
23	210	14
0	211	11
1	211	17
2	211	11
3	211	12
4	211	12
5	211	9
6	211	21
7	211	21
8	211	11
9	211	11
10	211	13
11	211	15
12	211	18
13	211	26
14	211	23
15	211	15
16	211	10
17	211	1
18	211	3
19	211	2
20	211	4
21	211	5
22	211	6
23	211	11
0	212	0
1	212	0
2	212	39
3	212	0
4	212	0
5	212	11
6	212	30
7	212	0
8	212	0
9	212	21
10	212	0
11	212	21
12	212	11
13	212	11
14	212	48
15	212	30
16	212	0
17	212	0
18	212	0
19	212	0
20	212	0
21	212	11
22	212	30
23	212	0
0	213	13
1	213	13
2	213	14
3	213	15
4	213	15
5	213	16
6	213	16
7	213	16
8	213	16
9	213	16
10	213	17
11	213	19
12	213	22
13	213	21
14	213	19
15	213	14
16	213	9
17	213	7
18	213	4
19	213	3
20	213	4
21	213	6
22	213	9
23	213	11
0	214	0
1	214	0
2	214	0
3	214	0
4	214	253
5	214	0
6	214	0
7	214	0
8	214	0
9	214	0
10	214	0
11	214	0
12	214	0
13	214	0
14	214	0
15	214	0
16	214	0
17	214	0
18	214	0
19	214	0
20	214	0
21	214	0
22	214	0
23	214	0
0	215	6
1	215	20
2	215	26
3	215	18
4	215	13
5	215	9
6	215	26
7	215	21
8	215	25
9	215	21
10	215	16
11	215	30
12	215	25
13	215	20
14	215	15
15	215	11
16	215	4
17	215	2
18	215	4
19	215	8
20	215	6
21	215	4
22	215	6
23	215	2
0	216	0
1	216	0
2	216	0
3	216	0
4	216	0
5	216	0
6	216	0
7	216	0
8	216	0
9	216	0
10	216	0
11	216	0
12	216	0
13	216	0
14	216	0
15	216	0
16	216	0
17	216	0
18	216	0
19	216	0
20	216	0
21	216	0
22	216	0
23	216	0
0	217	0
1	217	0
2	217	18
3	217	9
4	217	0
5	217	18
6	217	18
7	217	9
8	217	18
9	217	9
10	217	0
11	217	9
12	217	34
13	217	9
14	217	0
15	217	18
16	217	0
17	217	0
18	217	0
19	217	0
20	217	0
21	217	9
22	217	0
23	217	0
0	218	0
1	218	0
2	218	0
3	218	0
4	218	0
5	218	0
6	218	0
7	218	0
8	218	0
9	218	0
10	218	0
11	218	0
12	218	0
13	218	0
14	218	0
15	218	0
16	218	0
17	218	0
18	218	0
19	218	0
20	218	0
21	218	0
22	218	0
23	218	0
0	219	16
1	219	26
2	219	11
3	219	30
4	219	16
5	219	16
6	219	0
7	219	6
8	219	6
9	219	6
10	219	16
11	219	11
12	219	16
13	219	21
14	219	16
15	219	30
16	219	26
17	219	6
18	219	0
19	219	0
20	219	0
21	219	11
22	219	6
23	219	6
0	220	12
1	220	15
2	220	14
3	220	9
4	220	14
5	220	12
6	220	20
7	220	19
8	220	9
9	220	9
10	220	19
11	220	6
12	220	15
13	220	17
14	220	17
15	220	15
16	220	11
17	220	6
18	220	0
19	220	4
20	220	2
21	220	0
22	220	15
23	220	11
0	221	11
1	221	12
2	221	15
3	221	15
4	221	11
5	221	15
6	221	14
7	221	16
8	221	13
9	221	14
10	221	21
11	221	20
12	221	22
13	221	19
14	221	16
15	221	12
16	221	8
17	221	7
18	221	3
19	221	2
20	221	5
21	221	8
22	221	12
23	221	12
0	222	17
1	222	5
2	222	29
3	222	5
4	222	5
5	222	13
6	222	32
7	222	36
8	222	9
9	222	21
10	222	13
11	222	5
12	222	32
13	222	17
14	222	9
15	222	13
16	222	13
17	222	0
18	222	5
19	222	5
20	222	0
21	222	9
22	222	5
23	222	13
0	223	16
1	223	11
2	223	20
3	223	20
4	223	15
5	223	11
6	223	12
7	223	14
8	223	11
9	223	19
10	223	22
11	223	25
12	223	25
13	223	26
14	223	19
15	223	11
16	223	4
17	223	3
18	223	0
19	223	3
20	223	9
21	223	8
22	223	11
23	223	8
0	224	0
1	224	0
2	224	0
3	224	0
4	224	0
5	224	0
6	224	0
7	224	0
8	224	0
9	224	0
10	224	0
11	224	0
12	224	0
13	224	0
14	224	0
15	224	0
16	224	0
17	224	0
18	224	0
19	224	0
20	224	0
21	224	0
22	224	0
23	224	0
0	225	0
1	225	0
2	225	21
3	225	0
4	225	0
5	225	0
6	225	0
7	225	74
8	225	0
9	225	58
10	225	21
11	225	0
12	225	0
13	225	21
14	225	0
15	225	0
16	225	0
17	225	0
18	225	0
19	225	0
20	225	0
21	225	0
22	225	21
23	225	21
0	226	10
1	226	10
2	226	15
3	226	16
4	226	16
5	226	18
6	226	16
7	226	16
8	226	15
9	226	15
10	226	15
11	226	23
12	226	24
13	226	23
14	226	22
15	226	14
16	226	11
17	226	7
18	226	4
19	226	4
20	226	6
21	226	6
22	226	10
23	226	10
0	227	11
1	227	63
2	227	11
3	227	0
4	227	20
5	227	39
6	227	0
7	227	11
8	227	20
9	227	11
10	227	11
11	227	20
12	227	11
13	227	20
14	227	0
15	227	11
16	227	0
17	227	0
18	227	0
19	227	0
20	227	11
21	227	0
22	227	11
23	227	0
0	228	13
1	228	13
2	228	18
3	228	26
4	228	9
5	228	18
6	228	26
7	228	9
8	228	33
9	228	26
10	228	5
11	228	13
12	228	13
13	228	30
14	228	26
15	228	30
16	228	9
17	228	5
18	228	5
19	228	0
20	228	0
21	228	26
22	228	26
23	228	41
0	229	9
1	229	12
2	229	10
3	229	19
4	229	16
5	229	19
6	229	20
7	229	21
8	229	16
9	229	13
10	229	19
11	229	17
12	229	31
13	229	29
14	229	15
15	229	7
16	229	11
17	229	7
18	229	4
19	229	1
20	229	7
21	229	10
22	229	9
23	229	16
0	230	9
1	230	11
2	230	13
3	230	4
4	230	13
5	230	9
6	230	15
7	230	9
8	230	16
9	230	21
10	230	21
11	230	20
12	230	18
13	230	9
14	230	9
15	230	11
16	230	4
17	230	4
18	230	0
19	230	2
20	230	2
21	230	13
22	230	4
23	230	8
0	231	66
1	231	92
2	231	0
3	231	66
4	231	36
5	231	36
6	231	0
7	231	0
8	231	36
9	231	0
10	231	0
11	231	0
12	231	0
13	231	0
14	231	0
15	231	36
16	231	36
17	231	0
18	231	0
19	231	0
20	231	0
21	231	0
22	231	0
23	231	66
0	232	10
1	232	15
2	232	15
3	232	9
4	232	14
5	232	9
6	232	11
7	232	14
8	232	11
9	232	17
10	232	10
11	232	15
12	232	18
13	232	17
14	232	23
15	232	11
16	232	18
17	232	9
18	232	5
19	232	3
20	232	2
21	232	5
22	232	14
23	232	11
0	233	0
1	233	0
2	233	23
3	233	0
4	233	0
5	233	15
6	233	0
7	233	15
8	233	23
9	233	0
10	233	8
11	233	0
12	233	49
13	233	8
14	233	0
15	233	0
16	233	15
17	233	23
18	233	8
19	233	0
20	233	0
21	233	0
22	233	43
23	233	23
0	234	35
1	234	0
2	234	0
3	234	35
4	234	0
5	234	0
6	234	18
7	234	18
8	234	18
9	234	18
10	234	18
11	234	0
12	234	18
13	234	90
14	234	18
15	234	18
16	234	18
17	234	0
18	234	0
19	234	0
20	234	0
21	234	0
22	234	0
23	234	0
0	235	0
1	235	0
2	235	103
3	235	0
4	235	0
5	235	0
6	235	0
7	235	0
8	235	0
9	235	0
10	235	0
11	235	0
12	235	0
13	235	0
14	235	0
15	235	0
16	235	0
17	235	0
18	235	0
19	235	0
20	235	0
21	235	0
22	235	0
23	235	0
0	236	12
1	236	10
2	236	12
3	236	18
4	236	15
5	236	10
6	236	11
7	236	12
8	236	15
9	236	13
10	236	13
11	236	13
12	236	20
13	236	17
14	236	17
15	236	8
16	236	11
17	236	4
18	236	2
19	236	3
20	236	0
21	236	4
22	236	4
23	236	6
0	237	18
1	237	15
2	237	15
3	237	11
4	237	7
5	237	14
6	237	11
7	237	11
8	237	10
9	237	13
10	237	10
11	237	21
12	237	23
13	237	11
14	237	23
15	237	20
16	237	14
17	237	8
18	237	8
19	237	10
20	237	7
21	237	5
22	237	10
23	237	11
0	238	12
1	238	13
2	238	15
3	238	13
4	238	11
5	238	8
6	238	11
7	238	11
8	238	6
9	238	7
10	238	10
11	238	13
12	238	19
13	238	18
14	238	17
15	238	13
16	238	11
17	238	7
18	238	4
19	238	5
20	238	4
21	238	4
22	238	6
23	238	6
0	239	36
1	239	19
2	239	12
3	239	22
4	239	32
5	239	26
6	239	22
7	239	12
8	239	12
9	239	15
10	239	8
11	239	26
12	239	29
13	239	19
14	239	26
15	239	8
16	239	8
17	239	4
18	239	0
19	239	0
20	239	0
21	239	8
22	239	4
23	239	22
0	240	20
1	240	13
2	240	8
3	240	14
4	240	13
5	240	13
6	240	16
7	240	18
8	240	15
9	240	16
10	240	9
11	240	23
12	240	10
13	240	11
14	240	16
15	240	9
16	240	7
17	240	4
18	240	3
19	240	2
20	240	0
21	240	3
22	240	7
23	240	12
0	241	17
1	241	11
2	241	10
3	241	14
4	241	16
5	241	22
6	241	20
7	241	13
8	241	17
9	241	13
10	241	17
11	241	16
12	241	31
13	241	21
14	241	23
15	241	15
16	241	10
17	241	7
18	241	3
19	241	2
20	241	5
21	241	5
22	241	9
23	241	9
0	242	0
1	242	0
2	242	0
3	242	30
4	242	30
5	242	30
6	242	0
7	242	0
8	242	30
9	242	0
10	242	0
11	242	0
12	242	0
13	242	0
14	242	30
15	242	57
16	242	0
17	242	0
18	242	0
19	242	0
20	242	0
21	242	0
22	242	0
23	242	0
0	243	22
1	243	15
2	243	0
3	243	35
4	243	0
5	243	22
6	243	28
7	243	8
8	243	0
9	243	8
10	243	22
11	243	22
12	243	22
13	243	41
14	243	28
15	243	22
16	243	8
17	243	0
18	243	0
19	243	0
20	243	0
21	243	0
22	243	0
23	243	8
0	244	18
1	244	18
2	244	9
3	244	9
4	244	18
5	244	50
6	244	9
7	244	9
8	244	42
9	244	0
10	244	0
11	244	9
12	244	0
13	244	18
14	244	18
15	244	0
16	244	9
17	244	0
18	244	0
19	244	0
20	244	18
21	244	26
22	244	9
23	244	26
0	245	0
1	245	0
2	245	0
3	245	0
4	245	0
5	245	0
6	245	0
7	245	0
8	245	0
9	245	0
10	245	0
11	245	0
12	245	0
13	245	0
14	245	0
15	245	0
16	245	0
17	245	0
18	245	0
19	245	0
20	245	0
21	245	0
22	245	0
23	245	0
0	246	10
1	246	0
2	246	0
3	246	19
4	246	10
5	246	10
6	246	10
7	246	10
8	246	28
9	246	0
10	246	10
11	246	10
12	246	28
13	246	0
14	246	19
15	246	10
16	246	10
17	246	0
18	246	0
19	246	10
20	246	0
21	246	0
22	246	0
23	246	19
0	247	12
1	247	11
2	247	10
3	247	18
4	247	15
5	247	18
6	247	16
7	247	13
8	247	17
9	247	17
10	247	15
11	247	22
12	247	23
13	247	20
14	247	15
15	247	12
16	247	5
17	247	6
18	247	2
19	247	2
20	247	3
21	247	3
22	247	6
23	247	11
0	248	0
1	248	9
2	248	17
3	248	9
4	248	17
5	248	9
6	248	9
7	248	0
8	248	25
9	248	17
10	248	25
11	248	9
12	248	25
13	248	17
14	248	0
15	248	9
16	248	0
17	248	0
18	248	0
19	248	0
20	248	0
21	248	0
22	248	0
23	248	9
0	249	12
1	249	0
2	249	23
3	249	12
4	249	0
5	249	23
6	249	12
7	249	43
8	249	23
9	249	23
10	249	78
11	249	12
12	249	12
13	249	33
14	249	12
15	249	12
16	249	12
17	249	0
18	249	0
19	249	0
20	249	12
21	249	0
22	249	23
23	249	0
0	250	0
1	250	0
2	250	0
3	250	50
4	250	0
5	250	18
6	250	0
7	250	18
8	250	0
9	250	18
10	250	18
11	250	0
12	250	0
13	250	0
14	250	0
15	250	0
16	250	0
17	250	0
18	250	0
19	250	0
20	250	0
21	250	0
22	250	0
23	250	18
0	251	230
1	251	0
2	251	0
3	251	0
4	251	0
5	251	0
6	251	0
7	251	0
8	251	0
9	251	0
10	251	0
11	251	0
12	251	0
13	251	0
14	251	0
15	251	0
16	251	0
17	251	0
18	251	0
19	251	0
20	251	0
21	251	0
22	251	0
23	251	0
0	252	14
1	252	15
2	252	16
3	252	17
4	252	16
5	252	18
6	252	19
7	252	20
8	252	17
9	252	17
10	252	19
11	252	20
12	252	22
13	252	21
14	252	19
15	252	15
16	252	11
17	252	8
18	252	6
19	252	4
20	252	5
21	252	7
22	252	10
23	252	12
