Counts for Apple(2) in Philippines(33):
Hour	Location Index	Count
0	0	0
1	0	0
2	0	0
3	0	0
4	0	0
5	0	0
6	0	0
7	0	0
8	0	0
9	0	0
10	0	0
11	0	0
12	0	0
13	0	0
14	0	0
15	0	0
16	0	0
17	0	0
18	0	0
19	0	0
20	0	0
21	0	0
22	0	0
23	0	253
0	1	28
1	1	14
2	1	21
3	1	28
4	1	21
5	1	23
6	1	28
7	1	14
8	1	21
9	1	17
10	1	30
11	1	29
12	1	29
13	1	42
14	1	31
15	1	33
16	1	15
17	1	7
18	1	7
19	1	6
20	1	5
21	1	13
22	1	17
23	1	10
0	2	16
1	2	21
2	2	0
3	2	40
4	2	26
5	2	30
6	2	11
7	2	11
8	2	35
9	2	16
10	2	16
11	2	16
12	2	77
13	2	48
14	2	35
15	2	26
16	2	16
17	2	16
18	2	0
19	2	0
20	2	0
21	2	16
22	2	16
23	2	6
0	3	24
1	3	17
2	3	17
3	3	20
4	3	24
5	3	24
6	3	13
7	3	35
8	3	46
9	3	22
10	3	25
11	3	13
12	3	25
13	3	34
14	3	45
15	3	35
16	3	17
17	3	11
18	3	10
19	3	8
20	3	2
21	3	20
22	3	19
23	3	19
0	4	7
1	4	27
2	4	33
3	4	12
4	4	20
5	4	18
6	4	54
7	4	27
8	4	37
9	4	42
10	4	29
11	4	35
12	4	40
13	4	33
14	4	18
15	4	20
16	4	7
17	4	9
18	4	3
19	4	3
20	4	5
21	4	3
22	4	22
23	4	31
0	5	19
1	5	26
2	5	25
3	5	21
4	5	25
5	5	26
6	5	24
7	5	22
8	5	24
9	5	19
10	5	34
11	5	28
12	5	34
13	5	36
14	5	35
15	5	33
16	5	24
17	5	16
18	5	5
19	5	9
20	5	8
21	5	15
22	5	18
23	5	18
0	6	20
1	6	29
2	6	20
3	6	0
4	6	47
5	6	78
6	6	20
7	6	29
8	6	11
9	6	20
10	6	29
11	6	20
12	6	20
13	6	55
14	6	47
15	6	11
16	6	0
17	6	29
18	6	11
19	6	0
20	6	11
21	6	11
22	6	0
23	6	11
0	7	0
1	7	39
2	7	21
3	7	21
4	7	0
5	7	0
6	7	0
7	7	56
8	7	56
9	7	39
10	7	0
11	7	72
12	7	39
13	7	21
14	7	0
15	7	39
16	7	0
17	7	56
18	7	0
19	7	0
20	7	21
21	7	21
22	7	21
23	7	0
0	8	26
1	8	21
2	8	29
3	8	27
4	8	21
5	8	19
6	8	18
7	8	28
8	8	18
9	8	30
10	8	36
11	8	27
12	8	35
13	8	31
14	8	36
15	8	37
16	8	27
17	8	15
18	8	16
19	8	6
20	8	8
21	8	16
22	8	15
23	8	16
0	9	26
1	9	0
2	9	0
3	9	26
4	9	0
5	9	49
6	9	49
7	9	0
8	9	0
9	9	49
10	9	69
11	9	49
12	9	49
13	9	26
14	9	26
15	9	0
16	9	0
17	9	0
18	9	0
19	9	0
20	9	0
21	9	0
22	9	26
23	9	26
0	10	23
1	10	23
2	10	27
3	10	8
4	10	31
5	10	0
6	10	4
7	10	12
8	10	12
9	10	16
10	10	57
11	10	75
12	10	44
13	10	37
14	10	0
15	10	27
16	10	8
17	10	20
18	10	23
19	10	54
20	10	144
21	10	57
22	10	20
23	10	34
0	11	0
1	11	0
2	11	0
3	11	0
4	11	0
5	11	0
6	11	0
7	11	0
8	11	0
9	11	0
10	11	0
11	11	0
12	11	0
13	11	0
14	11	0
15	11	0
16	11	0
17	11	0
18	11	0
19	11	0
20	11	0
21	11	0
22	11	0
23	11	0
0	12	0
1	12	0
2	12	0
3	12	0
4	12	0
5	12	0
6	12	0
7	12	0
8	12	0
9	12	0
10	12	0
11	12	0
12	12	0
13	12	0
14	12	0
15	12	0
16	12	0
17	12	0
18	12	0
19	12	0
20	12	0
21	12	0
22	12	0
23	12	0
0	13	22
1	13	23
2	13	28
3	13	19
4	13	26
5	13	31
6	13	22
7	13	28
8	13	29
9	13	25
10	13	29
11	13	38
12	13	32
13	13	32
14	13	28
15	13	10
16	13	7
17	13	10
18	13	6
19	13	4
20	13	6
21	13	12
22	13	14
23	13	23
0	14	8
1	14	19
2	14	8
3	14	23
4	14	12
5	14	28
6	14	34
7	14	19
8	14	19
9	14	19
10	14	32
11	14	32
12	14	40
13	14	32
14	14	30
15	14	42
16	14	15
17	14	19
18	14	17
19	14	0
20	14	0
21	14	0
22	14	10
23	14	19
0	15	0
1	15	0
2	15	0
3	15	0
4	15	0
5	15	0
6	15	0
7	15	0
8	15	0
9	15	0
10	15	0
11	15	0
12	15	0
13	15	0
14	15	0
15	15	0
16	15	0
17	15	0
18	15	0
19	15	0
20	15	0
21	15	0
22	15	0
23	15	0
0	16	17
1	16	20
2	16	22
3	16	18
4	16	22
5	16	23
6	16	20
7	16	24
8	16	18
9	16	16
10	16	25
11	16	30
12	16	34
13	16	30
14	16	25
15	16	26
16	16	14
17	16	6
18	16	6
19	16	5
20	16	5
21	16	8
22	16	11
23	16	18
0	17	0
1	17	0
2	17	0
3	17	0
4	17	0
5	17	0
6	17	0
7	17	0
8	17	0
9	17	0
10	17	0
11	17	0
12	17	0
13	17	0
14	17	0
15	17	0
16	17	0
17	17	0
18	17	0
19	17	0
20	17	0
21	17	0
22	17	0
23	17	0
0	18	0
1	18	0
2	18	0
3	18	0
4	18	88
5	18	88
6	18	88
7	18	0
8	18	0
9	18	88
10	18	0
11	18	0
12	18	0
13	18	0
14	18	0
15	18	0
16	18	0
17	18	0
18	18	0
19	18	0
20	18	0
21	18	0
22	18	0
23	18	0
0	19	29
1	19	38
2	19	11
3	19	11
4	19	11
5	19	20
6	19	20
7	19	11
8	19	20
9	19	11
10	19	20
11	19	20
12	19	70
13	19	20
14	19	29
15	19	20
16	19	55
17	19	63
18	19	11
19	19	0
20	19	0
21	19	0
22	19	20
23	19	29
0	20	0
1	20	154
2	20	0
3	20	0
4	20	0
5	20	215
6	20	0
7	20	0
8	20	0
9	20	0
10	20	0
11	20	154
12	20	0
13	20	0
14	20	0
15	20	0
16	20	0
17	20	0
18	20	0
19	20	0
20	20	0
21	20	0
22	20	0
23	20	0
0	21	12
1	21	26
2	21	40
3	21	26
4	21	36
5	21	26
6	21	33
7	21	73
8	21	19
9	21	19
10	21	12
11	21	4
12	21	30
13	21	73
14	21	30
15	21	33
16	21	8
17	21	30
18	21	4
19	21	8
20	21	4
21	21	0
22	21	8
23	21	0
0	22	40
1	22	21
2	22	21
3	22	21
4	22	40
5	22	21
6	22	0
7	22	0
8	22	58
9	22	40
10	22	0
11	22	21
12	22	58
13	22	0
14	22	21
15	22	0
16	22	0
17	22	0
18	22	0
19	22	0
20	22	0
21	22	0
22	22	40
23	22	0
0	23	22
1	23	22
2	23	24
3	23	19
4	23	16
5	23	23
6	23	19
7	23	26
8	23	15
9	23	26
10	23	23
11	23	36
12	23	30
13	23	25
14	23	29
15	23	18
16	23	16
17	23	18
18	23	8
19	23	5
20	23	6
21	23	9
22	23	15
23	23	21
0	24	0
1	24	54
2	24	20
3	24	69
4	24	20
5	24	0
6	24	54
7	24	0
8	24	20
9	24	0
10	24	54
11	24	37
12	24	20
13	24	0
14	24	54
15	24	37
16	24	37
17	24	20
18	24	37
19	24	0
20	24	0
21	24	20
22	24	0
23	24	69
0	25	0
1	25	26
2	25	0
3	25	26
4	25	0
5	25	0
6	25	0
7	25	0
8	25	0
9	25	0
10	25	0
11	25	26
12	25	0
13	25	0
14	25	0
15	25	0
16	25	175
17	25	0
18	25	0
19	25	145
20	25	0
21	25	0
22	25	0
23	25	0
0	26	0
1	26	46
2	26	24
3	26	65
4	26	46
5	26	0
6	26	99
7	26	0
8	26	24
9	26	0
10	26	0
11	26	0
12	26	0
13	26	0
14	26	99
15	26	0
16	26	24
17	26	0
18	26	0
19	26	0
20	26	0
21	26	0
22	26	0
23	26	0
0	27	23
1	27	22
2	27	25
3	27	23
4	27	22
5	27	25
6	27	27
7	27	25
8	27	25
9	27	24
10	27	26
11	27	32
12	27	31
13	27	32
14	27	35
15	27	29
16	27	22
17	27	15
18	27	11
19	27	8
20	27	8
21	27	10
22	27	15
23	27	21
0	28	14
1	28	14
2	28	14
3	28	14
4	28	26
5	28	14
6	28	50
7	28	0
8	28	26
9	28	71
10	28	26
11	28	71
12	28	71
13	28	38
14	28	14
15	28	60
16	28	14
17	28	0
18	28	14
19	28	14
20	28	0
21	28	14
22	28	26
23	28	0
0	29	0
1	29	12
2	29	0
3	29	12
4	29	0
5	29	22
6	29	56
7	29	12
8	29	42
9	29	47
10	29	52
11	29	17
12	29	22
13	29	56
14	29	33
15	29	12
16	29	12
17	29	12
18	29	22
19	29	0
20	29	6
21	29	17
22	29	22
23	29	37
0	30	15
1	30	21
2	30	31
3	30	37
4	30	34
5	30	21
6	30	26
7	30	23
8	30	26
9	30	12
10	30	39
11	30	23
12	30	29
13	30	21
14	30	26
15	30	12
16	30	9
17	30	9
18	30	3
19	30	3
20	30	6
21	30	6
22	30	18
23	30	37
0	31	10
1	31	19
2	31	19
3	31	28
4	31	19
5	31	10
6	31	10
7	31	10
8	31	37
9	31	10
10	31	28
11	31	60
12	31	10
13	31	10
14	31	19
15	31	10
16	31	19
17	31	10
18	31	0
19	31	0
20	31	0
21	31	0
22	31	10
23	31	28
0	32	17
1	32	10
2	32	13
3	32	22
4	32	15
5	32	26
6	32	19
7	32	39
8	32	37
9	32	27
10	32	41
11	32	21
12	32	34
13	32	31
14	32	45
15	32	29
16	32	26
17	32	8
18	32	12
19	32	13
20	32	2
21	32	6
22	32	10
23	32	19
0	33	36
1	33	31
2	33	52
3	33	0
4	33	19
5	33	52
6	33	19
7	33	25
8	33	0
9	33	25
10	33	25
11	33	19
12	33	25
13	33	31
14	33	7
15	33	19
16	33	36
17	33	7
18	33	19
19	33	13
20	33	13
21	33	7
22	33	19
23	33	13
0	34	0
1	34	253
2	34	0
3	34	0
4	34	0
5	34	0
6	34	0
7	34	0
8	34	0
9	34	0
10	34	0
11	34	0
12	34	0
13	34	0
14	34	0
15	34	0
16	34	0
17	34	0
18	34	0
19	34	0
20	34	0
21	34	0
22	34	0
23	34	0
0	35	0
1	35	0
2	35	0
3	35	0
4	35	0
5	35	0
6	35	0
7	35	0
8	35	0
9	35	0
10	35	0
11	35	0
12	35	0
13	35	0
14	35	0
15	35	0
16	35	0
17	35	0
18	35	0
19	35	0
20	35	0
21	35	0
22	35	253
23	35	0
0	36	0
1	36	45
2	36	0
3	36	0
4	36	24
5	36	0
6	36	24
7	36	0
8	36	64
9	36	45
10	36	24
11	36	82
12	36	24
13	36	98
14	36	0
15	36	0
16	36	0
17	36	0
18	36	0
19	36	0
20	36	0
21	36	0
22	36	24
23	36	64
0	37	9
1	37	9
2	37	0
3	37	17
4	37	17
5	37	9
6	37	9
7	37	17
8	37	0
9	37	9
10	37	33
11	37	40
12	37	0
13	37	17
14	37	33
15	37	0
16	37	33
17	37	17
18	37	9
19	37	25
20	37	9
21	37	17
22	37	25
23	37	33
0	38	0
1	38	16
2	38	82
3	38	31
4	38	45
5	38	31
6	38	0
7	38	31
8	38	45
9	38	70
10	38	16
11	38	16
12	38	0
13	38	0
14	38	0
15	38	0
16	38	0
17	38	0
18	38	0
19	38	31
20	38	16
21	38	0
22	38	0
23	38	16
0	39	0
1	39	0
2	39	0
3	39	0
4	39	0
5	39	230
6	39	230
7	39	0
8	39	0
9	39	0
10	39	0
11	39	0
12	39	0
13	39	0
14	39	0
15	39	0
16	39	0
17	39	0
18	39	0
19	39	0
20	39	0
21	39	0
22	39	0
23	39	0
0	40	20
1	40	30
2	40	23
3	40	22
4	40	19
5	40	18
6	40	27
7	40	26
8	40	21
9	40	19
10	40	22
11	40	25
12	40	36
13	40	35
14	40	28
15	40	28
16	40	18
17	40	12
18	40	6
19	40	8
20	40	7
21	40	11
22	40	17
23	40	25
0	41	16
1	41	26
2	41	23
3	41	20
4	41	20
5	41	23
6	41	19
7	41	26
8	41	21
9	41	23
10	41	37
11	41	20
12	41	36
13	41	30
14	41	34
15	41	32
16	41	20
17	41	11
18	41	7
19	41	1
20	41	4
21	41	11
22	41	16
23	41	14
0	42	19
1	42	20
2	42	20
3	42	31
4	42	16
5	42	18
6	42	14
7	42	36
8	42	19
9	42	27
10	42	29
11	42	24
12	42	32
13	42	53
14	42	30
15	42	32
16	42	18
17	42	13
18	42	3
19	42	2
20	42	10
21	42	8
22	42	4
23	42	11
0	43	31
1	43	40
2	43	0
3	43	49
4	43	0
5	43	31
6	43	11
7	43	31
8	43	0
9	43	0
10	43	40
11	43	31
12	43	11
13	43	21
14	43	11
15	43	21
16	43	11
17	43	21
18	43	11
19	43	11
20	43	11
21	43	11
22	43	49
23	43	0
0	44	14
1	44	27
2	44	39
3	44	11
4	44	19
5	44	25
6	44	14
7	44	30
8	44	17
9	44	22
10	44	42
11	44	6
12	44	37
13	44	30
14	44	39
15	44	27
16	44	37
17	44	19
18	44	6
19	44	11
20	44	14
21	44	11
22	44	22
23	44	19
0	45	19
1	45	22
2	45	23
3	45	35
4	45	20
5	45	25
6	45	32
7	45	25
8	45	24
9	45	27
10	45	32
11	45	31
12	45	27
13	45	31
14	45	37
15	45	33
16	45	18
17	45	19
18	45	11
19	45	6
20	45	8
21	45	12
22	45	10
23	45	27
0	46	0
1	46	0
2	46	0
3	46	0
4	46	43
5	46	0
6	46	0
7	46	23
8	46	0
9	46	61
10	46	23
11	46	43
12	46	23
13	46	23
14	46	0
15	46	23
16	46	0
17	46	0
18	46	0
19	46	0
20	46	0
21	46	23
22	46	23
23	46	0
0	47	13
1	47	20
2	47	12
3	47	18
4	47	29
5	47	32
6	47	30
7	47	30
8	47	24
9	47	29
10	47	30
11	47	26
12	47	18
13	47	33
14	47	30
15	47	32
16	47	20
17	47	15
18	47	0
19	47	12
20	47	5
21	47	9
22	47	18
23	47	23
0	48	0
1	48	33
2	48	0
3	48	33
4	48	33
5	48	33
6	48	0
7	48	0
8	48	61
9	48	0
10	48	0
11	48	0
12	48	0
13	48	0
14	48	0
15	48	0
16	48	33
17	48	0
18	48	0
19	48	0
20	48	0
21	48	33
22	48	86
23	48	0
0	49	0
1	49	0
2	49	0
3	49	0
4	49	0
5	49	0
6	49	0
7	49	0
8	49	0
9	49	145
10	49	0
11	49	0
12	49	0
13	49	0
14	49	0
15	49	0
16	49	0
17	49	0
18	49	0
19	49	0
20	49	0
21	49	0
22	49	0
23	49	0
0	50	0
1	50	0
2	50	11
3	50	30
4	50	30
5	50	21
6	50	56
7	50	30
8	50	11
9	50	0
10	50	39
11	50	21
12	50	11
13	50	30
14	50	21
15	50	21
16	50	0
17	50	0
18	50	0
19	50	11
20	50	11
21	50	0
22	50	11
23	50	0
0	51	30
1	51	24
2	51	33
3	51	35
4	51	15
5	51	42
6	51	30
7	51	37
8	51	26
9	51	30
10	51	37
11	51	55
12	51	30
13	51	39
14	51	35
15	51	24
16	51	13
17	51	11
18	51	20
19	51	7
20	51	3
21	51	28
22	51	20
23	51	39
0	52	0
1	52	0
2	52	0
3	52	0
4	52	0
5	52	0
6	52	0
7	52	0
8	52	0
9	52	0
10	52	0
11	52	0
12	52	0
13	52	190
14	52	107
15	52	0
16	52	107
17	52	142
18	52	0
19	52	0
20	52	0
21	52	0
22	52	61
23	52	0
0	53	21
1	53	20
2	53	28
3	53	37
4	53	24
5	53	25
6	53	24
7	53	26
8	53	28
9	53	31
10	53	22
11	53	28
12	53	29
13	53	27
14	53	25
15	53	24
16	53	27
17	53	16
18	53	11
19	53	8
20	53	3
21	53	8
22	53	16
23	53	24
0	54	25
1	54	17
2	54	32
3	54	25
4	54	32
5	54	17
6	54	46
7	54	25
8	54	9
9	54	17
10	54	53
11	54	46
12	54	53
13	54	9
14	54	39
15	54	60
16	54	32
17	54	39
18	54	9
19	54	32
20	54	9
21	54	25
22	54	9
23	54	9
0	55	23
1	55	23
2	55	46
3	55	19
4	55	8
5	55	23
6	55	19
7	55	23
8	55	19
9	55	23
10	55	43
11	55	15
12	55	33
13	55	43
14	55	23
15	55	19
16	55	8
17	55	19
18	55	0
19	55	8
20	55	4
21	55	8
22	55	12
23	55	19
0	56	21
1	56	27
2	56	27
3	56	17
4	56	17
5	56	28
6	56	25
7	56	23
8	56	19
9	56	30
10	56	29
11	56	37
12	56	25
13	56	30
14	56	41
15	56	19
16	56	14
17	56	11
18	56	5
19	56	3
20	56	5
21	56	3
22	56	17
23	56	8
0	57	0
1	57	0
2	57	0
3	57	0
4	57	0
5	57	0
6	57	0
7	57	0
8	57	0
9	57	0
10	57	0
11	57	0
12	57	0
13	57	0
14	57	0
15	57	0
16	57	0
17	57	0
18	57	0
19	57	0
20	57	0
21	57	0
22	57	0
23	57	0
0	58	17
1	58	22
2	58	22
3	58	19
4	58	21
5	58	23
6	58	24
7	58	23
8	58	22
9	58	22
10	58	25
11	58	29
12	58	32
13	58	31
14	58	30
15	58	23
16	58	16
17	58	10
18	58	7
19	58	6
20	58	6
21	58	9
22	58	14
23	58	19
0	59	11
1	59	21
2	59	11
3	59	21
4	59	48
5	59	21
6	59	25
7	59	11
8	59	11
9	59	25
10	59	39
11	59	35
12	59	16
13	59	6
14	59	48
15	59	6
16	59	16
17	59	0
18	59	6
19	59	0
20	59	6
21	59	11
22	59	11
23	59	6
0	60	21
1	60	33
2	60	21
3	60	19
4	60	4
5	60	24
6	60	26
7	60	12
8	60	17
9	60	19
10	60	14
11	60	24
12	60	38
13	60	38
14	60	35
15	60	14
16	60	14
17	60	12
18	60	10
19	60	4
20	60	21
21	60	15
22	60	10
23	60	31
0	61	10
1	61	28
2	61	16
3	61	25
4	61	25
5	61	34
6	61	37
7	61	28
8	61	7
9	61	25
10	61	25
11	61	19
12	61	28
13	61	34
14	61	28
15	61	28
16	61	22
17	61	19
18	61	0
19	61	13
20	61	10
21	61	10
22	61	0
23	61	25
0	62	22
1	62	26
2	62	28
3	62	26
4	62	24
5	62	19
6	62	12
7	62	19
8	62	30
9	62	15
10	62	26
11	62	39
12	62	12
13	62	15
14	62	26
15	62	17
16	62	24
17	62	5
18	62	5
19	62	12
20	62	3
21	62	3
22	62	24
23	62	17
0	63	0
1	63	0
2	63	30
3	63	30
4	63	55
5	63	0
6	63	30
7	63	30
8	63	0
9	63	30
10	63	30
11	63	0
12	63	0
13	63	0
14	63	0
15	63	30
16	63	30
17	63	0
18	63	0
19	63	0
20	63	78
21	63	0
22	63	0
23	63	30
0	64	20
1	64	19
2	64	22
3	64	19
4	64	20
5	64	21
6	64	22
7	64	22
8	64	20
9	64	21
10	64	21
11	64	24
12	64	23
13	64	23
14	64	22
15	64	18
16	64	15
17	64	11
18	64	6
19	64	5
20	64	6
21	64	6
22	64	11
23	64	16
0	65	0
1	65	0
2	65	0
3	65	0
4	65	0
5	65	0
6	65	0
7	65	0
8	65	0
9	65	0
10	65	0
11	65	0
12	65	0
13	65	0
14	65	0
15	65	0
16	65	0
17	65	0
18	65	0
19	65	0
20	65	0
21	65	0
22	65	0
23	65	0
0	66	14
1	66	4
2	66	27
3	66	22
4	66	36
5	66	22
6	66	23
7	66	18
8	66	27
9	66	20
10	66	31
11	66	31
12	66	27
13	66	22
14	66	34
15	66	18
16	66	22
17	66	10
18	66	2
19	66	6
20	66	0
21	66	0
22	66	4
23	66	20
0	67	14
1	67	0
2	67	14
3	67	0
4	67	51
5	67	62
6	67	14
7	67	0
8	67	14
9	67	14
10	67	51
11	67	40
12	67	27
13	67	14
14	67	14
15	67	62
16	67	14
17	67	0
18	67	0
19	67	0
20	67	0
21	67	40
22	67	0
23	67	27
0	68	10
1	68	45
2	68	28
3	68	19
4	68	19
5	68	19
6	68	0
7	68	0
8	68	28
9	68	0
10	68	75
11	68	37
12	68	61
13	68	53
14	68	28
15	68	53
16	68	89
17	68	53
18	68	0
19	68	0
20	68	0
21	68	0
22	68	0
23	68	28
0	69	19
1	69	17
2	69	23
3	69	20
4	69	19
5	69	25
6	69	16
7	69	23
8	69	23
9	69	16
10	69	33
11	69	28
12	69	16
13	69	22
14	69	26
15	69	39
16	69	14
17	69	10
18	69	5
19	69	5
20	69	4
21	69	10
22	69	20
23	69	8
0	70	17
1	70	19
2	70	17
3	70	19
4	70	18
5	70	18
6	70	13
7	70	26
8	70	19
9	70	23
10	70	23
11	70	32
12	70	30
13	70	30
14	70	24
15	70	24
16	70	16
17	70	14
18	70	9
19	70	7
20	70	5
21	70	10
22	70	12
23	70	12
0	71	18
1	71	18
2	71	9
3	71	26
4	71	0
5	71	9
6	71	42
7	71	26
8	71	9
9	71	26
10	71	42
11	71	57
12	71	42
13	71	34
14	71	18
15	71	0
16	71	0
17	71	0
18	71	18
19	71	26
20	71	0
21	71	0
22	71	42
23	71	9
0	72	0
1	72	0
2	72	0
3	72	0
4	72	0
5	72	0
6	72	0
7	72	0
8	72	95
9	72	0
10	72	0
11	72	0
12	72	0
13	72	0
14	72	0
15	72	0
16	72	0
17	72	0
18	72	0
19	72	0
20	72	0
21	72	0
22	72	95
23	72	0
0	73	41
1	73	80
2	73	11
3	73	27
4	73	17
5	73	27
6	73	22
7	73	37
8	73	32
9	73	51
10	73	22
11	73	32
12	73	46
13	73	37
14	73	59
15	73	22
16	73	6
17	73	22
18	73	22
19	73	0
20	73	6
21	73	0
22	73	11
23	73	22
0	74	0
1	74	0
2	74	0
3	74	0
4	74	0
5	74	0
6	74	0
7	74	0
8	74	0
9	74	0
10	74	0
11	74	0
12	74	0
13	74	0
14	74	0
15	74	0
16	74	0
17	74	0
18	74	0
19	74	0
20	74	0
21	74	0
22	74	0
23	74	0
0	75	37
1	75	13
2	75	13
3	75	0
4	75	13
5	75	0
6	75	26
7	75	0
8	75	26
9	75	0
10	75	0
11	75	0
12	75	78
13	75	48
14	75	37
15	75	26
16	75	13
17	75	0
18	75	0
19	75	0
20	75	13
21	75	0
22	75	0
23	75	26
0	76	20
1	76	0
2	76	20
3	76	37
4	76	20
5	76	20
6	76	20
7	76	20
8	76	54
9	76	0
10	76	20
11	76	0
12	76	96
13	76	54
14	76	37
15	76	37
16	76	0
17	76	0
18	76	0
19	76	0
20	76	0
21	76	0
22	76	0
23	76	0
0	77	0
1	77	0
2	77	0
3	77	0
4	77	0
5	77	0
6	77	0
7	77	0
8	77	0
9	77	0
10	77	0
11	77	0
12	77	0
13	77	0
14	77	0
15	77	0
16	77	0
17	77	0
18	77	0
19	77	0
20	77	0
21	77	0
22	77	0
23	77	0
0	78	21
1	78	27
2	78	28
3	78	22
4	78	25
5	78	26
6	78	23
7	78	29
8	78	32
9	78	36
10	78	30
11	78	34
12	78	38
13	78	35
14	78	34
15	78	35
16	78	24
17	78	15
18	78	11
19	78	8
20	78	11
21	78	17
22	78	20
23	78	20
0	79	20
1	79	23
2	79	24
3	79	24
4	79	24
5	79	25
6	79	27
7	79	28
8	79	24
9	79	26
10	79	27
11	79	27
12	79	28
13	79	28
14	79	26
15	79	21
16	79	17
17	79	12
18	79	8
19	79	7
20	79	7
21	79	9
22	79	15
23	79	19
0	80	21
1	80	11
2	80	30
3	80	48
4	80	0
5	80	11
6	80	39
7	80	30
8	80	11
9	80	21
10	80	11
11	80	48
12	80	11
13	80	65
14	80	65
15	80	21
16	80	0
17	80	0
18	80	0
19	80	11
20	80	0
21	80	0
22	80	11
23	80	0
0	81	15
1	81	30
2	81	22
3	81	26
4	81	26
5	81	37
6	81	35
7	81	30
8	81	20
9	81	19
10	81	30
11	81	34
12	81	39
13	81	51
14	81	19
15	81	26
16	81	15
17	81	11
18	81	13
19	81	7
20	81	5
21	81	15
22	81	11
23	81	30
0	82	23
1	82	16
2	82	12
3	82	26
4	82	14
5	82	15
6	82	23
7	82	42
8	82	21
9	82	16
10	82	19
11	82	33
12	82	27
13	82	27
14	82	48
15	82	34
16	82	22
17	82	21
18	82	19
19	82	3
20	82	6
21	82	16
22	82	19
23	82	6
0	83	15
1	83	15
2	83	20
3	83	27
4	83	22
5	83	25
6	83	28
7	83	31
8	83	16
9	83	20
10	83	25
11	83	27
12	83	29
13	83	31
14	83	31
15	83	21
16	83	18
17	83	19
18	83	12
19	83	6
20	83	6
21	83	9
22	83	10
23	83	14
0	84	7
1	84	13
2	84	7
3	84	0
4	84	13
5	84	36
6	84	19
7	84	36
8	84	7
9	84	7
10	84	41
11	84	19
12	84	41
13	84	36
14	84	36
15	84	19
16	84	19
17	84	7
18	84	0
19	84	0
20	84	0
21	84	0
22	84	7
23	84	36
0	85	0
1	85	29
2	85	0
3	85	29
4	85	0
5	85	54
6	85	0
7	85	0
8	85	0
9	85	54
10	85	0
11	85	29
12	85	29
13	85	0
14	85	0
15	85	54
16	85	29
17	85	0
18	85	29
19	85	0
20	85	0
21	85	0
22	85	0
23	85	29
0	86	15
1	86	28
2	86	15
3	86	15
4	86	85
5	86	0
6	86	41
7	86	28
8	86	15
9	86	15
10	86	0
11	86	15
12	86	53
13	86	28
14	86	0
15	86	0
16	86	142
17	86	64
18	86	15
19	86	0
20	86	0
21	86	0
22	86	15
23	86	53
0	87	13
1	87	25
2	87	25
3	87	25
4	87	40
5	87	25
6	87	13
7	87	29
8	87	43
9	87	13
10	87	36
11	87	25
12	87	40
13	87	76
14	87	29
15	87	54
16	87	57
17	87	32
18	87	5
19	87	0
20	87	17
21	87	29
22	87	13
23	87	21
0	88	21
1	88	0
2	88	0
3	88	21
4	88	0
5	88	73
6	88	21
7	88	0
8	88	0
9	88	21
10	88	114
11	88	57
12	88	40
13	88	57
14	88	40
15	88	0
16	88	21
17	88	0
18	88	0
19	88	0
20	88	0
21	88	0
22	88	0
23	88	0
0	89	24
1	89	22
2	89	25
3	89	22
4	89	22
5	89	25
6	89	28
7	89	25
8	89	27
9	89	25
10	89	22
11	89	30
12	89	38
13	89	39
14	89	36
15	89	28
16	89	22
17	89	12
18	89	9
19	89	6
20	89	8
21	89	14
22	89	19
23	89	21
0	90	23
1	90	22
2	90	21
3	90	25
4	90	28
5	90	27
6	90	28
7	90	23
8	90	22
9	90	25
10	90	26
11	90	29
12	90	36
13	90	31
14	90	29
15	90	25
16	90	19
17	90	14
18	90	8
19	90	8
20	90	7
21	90	11
22	90	16
23	90	19
0	91	15
1	91	19
2	91	19
3	91	16
4	91	17
5	91	20
6	91	20
7	91	20
8	91	13
9	91	21
10	91	22
11	91	19
12	91	25
13	91	25
14	91	28
15	91	20
16	91	20
17	91	15
18	91	14
19	91	7
20	91	7
21	91	8
22	91	12
23	91	10
0	92	0
1	92	0
2	92	0
3	92	0
4	92	123
5	92	0
6	92	0
7	92	0
8	92	0
9	92	123
10	92	0
11	92	0
12	92	0
13	92	0
14	92	0
15	92	0
16	92	0
17	92	0
18	92	0
19	92	0
20	92	0
21	92	0
22	92	0
23	92	0
0	93	14
1	93	21
2	93	26
3	93	36
4	93	22
5	93	30
6	93	16
7	93	26
8	93	30
9	93	28
10	93	24
11	93	34
12	93	23
13	93	30
14	93	26
15	93	17
16	93	21
17	93	11
18	93	13
19	93	2
20	93	9
21	93	2
22	93	17
23	93	15
0	94	24
1	94	28
2	94	27
3	94	33
4	94	36
5	94	36
6	94	43
7	94	40
8	94	32
9	94	23
10	94	27
11	94	25
12	94	36
13	94	23
14	94	30
15	94	16
16	94	15
17	94	8
18	94	9
19	94	6
20	94	9
21	94	11
22	94	15
23	94	15
0	95	0
1	95	9
2	95	0
3	95	26
4	95	26
5	95	18
6	95	18
7	95	34
8	95	34
9	95	9
10	95	42
11	95	0
12	95	26
13	95	34
14	95	49
15	95	18
16	95	0
17	95	0
18	95	26
19	95	9
20	95	34
21	95	26
22	95	9
23	95	9
0	96	40
1	96	74
2	96	40
3	96	0
4	96	0
5	96	40
6	96	0
7	96	0
8	96	40
9	96	0
10	96	40
11	96	40
12	96	0
13	96	0
14	96	0
15	96	0
16	96	40
17	96	0
18	96	0
19	96	0
20	96	0
21	96	0
22	96	0
23	96	0
0	97	18
1	97	19
2	97	19
3	97	21
4	97	20
5	97	22
6	97	28
7	97	23
8	97	23
9	97	20
10	97	27
11	97	28
12	97	30
13	97	33
14	97	29
15	97	17
16	97	13
17	97	8
18	97	6
19	97	4
20	97	9
21	97	13
22	97	13
23	97	18
0	98	9
1	98	24
2	98	15
3	98	19
4	98	10
5	98	19
6	98	32
7	98	25
8	98	26
9	98	18
10	98	19
11	98	22
12	98	34
13	98	42
14	98	23
15	98	27
16	98	7
17	98	11
18	98	2
19	98	6
20	98	10
21	98	7
22	98	11
23	98	17
0	99	0
1	99	0
2	99	0
3	99	0
4	99	0
5	99	0
6	99	0
7	99	253
8	99	0
9	99	0
10	99	0
11	99	0
12	99	0
13	99	0
14	99	0
15	99	0
16	99	0
17	99	0
18	99	0
19	99	0
20	99	0
21	99	0
22	99	0
23	99	0
0	100	30
1	100	50
2	100	44
3	100	16
4	100	23
5	100	8
6	100	30
7	100	0
8	100	16
9	100	23
10	100	8
11	100	95
12	100	23
13	100	16
14	100	56
15	100	68
16	100	8
17	100	8
18	100	0
19	100	8
20	100	0
21	100	0
22	100	30
23	100	0
0	101	0
1	101	0
2	101	0
3	101	0
4	101	0
5	101	0
6	101	0
7	101	0
8	101	0
9	101	0
10	101	0
11	101	0
12	101	0
13	101	0
14	101	0
15	101	0
16	101	0
17	101	0
18	101	0
19	101	0
20	101	0
21	101	0
22	101	0
23	101	0
0	102	24
1	102	35
2	102	31
3	102	20
4	102	22
5	102	28
6	102	35
7	102	36
8	102	29
9	102	19
10	102	24
11	102	28
12	102	39
13	102	36
14	102	35
15	102	20
16	102	20
17	102	14
18	102	7
19	102	9
20	102	6
21	102	26
22	102	10
23	102	21
0	103	0
1	103	0
2	103	0
3	103	0
4	103	0
5	103	0
6	103	0
7	103	0
8	103	0
9	103	0
10	103	0
11	103	0
12	103	0
13	103	0
14	103	0
15	103	0
16	103	0
17	103	0
18	103	0
19	103	0
20	103	0
21	103	0
22	103	230
23	103	230
0	104	0
1	104	0
2	104	0
3	104	0
4	104	0
5	104	112
6	104	0
7	104	0
8	104	0
9	104	0
10	104	112
11	104	112
12	104	112
13	104	0
14	104	0
15	104	0
16	104	112
17	104	0
18	104	0
19	104	0
20	104	0
21	104	0
22	104	0
23	104	0
0	105	26
1	105	22
2	105	19
3	105	22
4	105	26
5	105	13
6	105	49
7	105	27
8	105	26
9	105	18
10	105	36
11	105	35
12	105	32
13	105	25
14	105	25
15	105	30
16	105	19
17	105	3
18	105	5
19	105	0
20	105	9
21	105	12
22	105	16
23	105	25
0	106	13
1	106	16
2	106	24
3	106	18
4	106	22
5	106	24
6	106	35
7	106	25
8	106	21
9	106	20
10	106	20
11	106	34
12	106	34
13	106	35
14	106	39
15	106	28
16	106	21
17	106	23
18	106	8
19	106	4
20	106	9
21	106	7
22	106	19
23	106	14
0	107	17
1	107	29
2	107	29
3	107	24
4	107	33
5	107	24
6	107	15
7	107	39
8	107	17
9	107	31
10	107	35
11	107	24
12	107	22
13	107	17
14	107	26
15	107	13
16	107	17
17	107	22
18	107	8
19	107	10
20	107	5
21	107	3
22	107	17
23	107	17
0	108	0
1	108	0
2	108	0
3	108	0
4	108	0
5	108	0
6	108	0
7	108	0
8	108	0
9	108	0
10	108	0
11	108	0
12	108	0
13	108	0
14	108	0
15	108	0
16	108	0
17	108	38
18	108	0
19	108	0
20	108	0
21	108	0
22	108	0
23	108	0
0	109	15
1	109	26
2	109	28
3	109	20
4	109	29
5	109	20
6	109	20
7	109	15
8	109	20
9	109	26
10	109	20
11	109	25
12	109	16
13	109	37
14	109	34
15	109	26
16	109	9
17	109	6
18	109	13
19	109	2
20	109	8
21	109	2
22	109	13
23	109	9
0	110	10
1	110	35
2	110	19
3	110	10
4	110	19
5	110	35
6	110	19
7	110	0
8	110	10
9	110	19
10	110	19
11	110	19
12	110	0
13	110	66
14	110	35
15	110	10
16	110	19
17	110	35
18	110	10
19	110	0
20	110	0
21	110	0
22	110	0
23	110	10
0	111	12
1	111	23
2	111	62
3	111	33
4	111	33
5	111	23
6	111	12
7	111	12
8	111	23
9	111	43
10	111	23
11	111	43
12	111	43
13	111	43
14	111	12
15	111	12
16	111	53
17	111	12
18	111	0
19	111	12
20	111	0
21	111	62
22	111	23
23	111	23
0	112	17
1	112	25
2	112	14
3	112	34
4	112	22
5	112	34
6	112	22
7	112	26
8	112	27
9	112	16
10	112	31
11	112	31
12	112	36
13	112	29
14	112	32
15	112	26
16	112	18
17	112	8
18	112	9
19	112	2
20	112	6
21	112	6
22	112	14
23	112	31
0	113	20
1	113	30
2	113	24
3	113	23
4	113	27
5	113	32
6	113	32
7	113	23
8	113	32
9	113	24
10	113	33
11	113	34
12	113	38
13	113	32
14	113	29
15	113	27
16	113	15
17	113	11
18	113	9
19	113	3
20	113	3
21	113	8
22	113	21
23	113	17
0	114	21
1	114	31
2	114	21
3	114	0
4	114	11
5	114	11
6	114	40
7	114	11
8	114	21
9	114	21
10	114	74
11	114	11
12	114	40
13	114	21
14	114	88
15	114	74
16	114	11
17	114	21
18	114	0
19	114	0
20	114	11
21	114	11
22	114	0
23	114	31
0	115	0
1	115	0
2	115	0
3	115	0
4	115	0
5	115	0
6	115	0
7	115	0
8	115	0
9	115	0
10	115	0
11	115	191
12	115	95
13	115	0
14	115	0
15	115	0
16	115	0
17	115	0
18	115	0
19	115	0
20	115	0
21	115	0
22	115	0
23	115	0
0	116	0
1	116	0
2	116	0
3	116	72
4	116	0
5	116	0
6	116	0
7	116	0
8	116	0
9	116	0
10	116	72
11	116	0
12	116	0
13	116	0
14	116	0
15	116	0
16	116	0
17	116	0
18	116	0
19	116	0
20	116	0
21	116	0
22	116	0
23	116	0
0	117	0
1	117	0
2	117	72
3	117	51
4	117	27
5	117	51
6	117	0
7	117	27
8	117	51
9	117	27
10	117	27
11	117	27
12	117	27
13	117	27
14	117	72
15	117	27
16	117	91
17	117	0
18	117	0
19	117	0
20	117	0
21	117	51
22	117	51
23	117	0
0	118	0
1	118	0
2	118	0
3	118	0
4	118	0
5	118	0
6	118	0
7	118	0
8	118	0
9	118	0
10	118	0
11	118	0
12	118	0
13	118	0
14	118	64
15	118	0
16	118	0
17	118	0
18	118	0
19	118	0
20	118	0
21	118	0
22	118	0
23	118	0
0	119	0
1	119	34
2	119	76
3	119	0
4	119	0
5	119	0
6	119	49
7	119	0
8	119	18
9	119	49
10	119	18
11	119	18
12	119	49
13	119	18
14	119	18
15	119	18
16	119	0
17	119	18
18	119	0
19	119	0
20	119	0
21	119	0
22	119	0
23	119	0
0	120	0
1	120	0
2	120	0
3	120	0
4	120	0
5	120	0
6	120	0
7	120	0
8	120	0
9	120	0
10	120	0
11	120	0
12	120	0
13	120	0
14	120	0
15	120	0
16	120	0
17	120	0
18	120	0
19	120	0
20	120	0
21	120	0
22	120	0
23	120	0
0	121	25
1	121	13
2	121	0
3	121	13
4	121	46
5	121	0
6	121	66
7	121	0
8	121	13
9	121	13
10	121	13
11	121	25
12	121	13
13	121	36
14	121	25
15	121	13
16	121	13
17	121	0
18	121	0
19	121	0
20	121	0
21	121	13
22	121	0
23	121	0
0	122	16
1	122	22
2	122	11
3	122	6
4	122	6
5	122	6
6	122	6
7	122	11
8	122	6
9	122	6
10	122	27
11	122	11
12	122	27
13	122	22
14	122	22
15	122	16
16	122	0
17	122	0
18	122	0
19	122	0
20	122	6
21	122	31
22	122	6
23	122	0
0	123	15
1	123	20
2	123	23
3	123	20
4	123	26
5	123	24
6	123	29
7	123	33
8	123	29
9	123	29
10	123	19
11	123	26
12	123	28
13	123	36
14	123	32
15	123	34
16	123	22
17	123	15
18	123	6
19	123	4
20	123	7
21	123	12
22	123	17
23	123	17
0	124	33
1	124	41
2	124	9
3	124	0
4	124	17
5	124	9
6	124	9
7	124	9
8	124	17
9	124	25
10	124	41
11	124	9
12	124	0
13	124	33
14	124	62
15	124	87
16	124	25
17	124	0
18	124	0
19	124	0
20	124	0
21	124	0
22	124	25
23	124	17
0	125	0
1	125	0
2	125	0
3	125	0
4	125	0
5	125	0
6	125	0
7	125	0
8	125	0
9	125	0
10	125	0
11	125	0
12	125	0
13	125	0
14	125	0
15	125	0
16	125	0
17	125	0
18	125	0
19	125	0
20	125	0
21	125	0
22	125	0
23	125	0
0	126	14
1	126	0
2	126	40
3	126	14
4	126	62
5	126	14
6	126	0
7	126	14
8	126	14
9	126	14
10	126	73
11	126	27
12	126	51
13	126	51
14	126	0
15	126	40
16	126	0
17	126	0
18	126	0
19	126	14
20	126	0
21	126	14
22	126	0
23	126	14
0	127	27
1	127	39
2	127	0
3	127	0
4	127	14
5	127	14
6	127	14
7	127	14
8	127	71
9	127	14
10	127	27
11	127	14
12	127	14
13	127	50
14	127	39
15	127	0
16	127	14
17	127	27
18	127	0
19	127	14
20	127	0
21	127	0
22	127	39
23	127	14
0	128	29
1	128	10
2	128	20
3	128	26
4	128	32
5	128	17
6	128	10
7	128	32
8	128	20
9	128	14
10	128	20
11	128	38
12	128	26
13	128	32
14	128	32
15	128	14
16	128	29
17	128	7
18	128	7
19	128	17
20	128	0
21	128	4
22	128	23
23	128	23
0	129	23
1	129	12
2	129	23
3	129	23
4	129	23
5	129	12
6	129	12
7	129	23
8	129	0
9	129	12
10	129	33
11	129	86
12	129	0
13	129	52
14	129	33
15	129	23
16	129	33
17	129	23
18	129	0
19	129	12
20	129	0
21	129	0
22	129	33
23	129	33
0	130	12
1	130	42
2	130	52
3	130	12
4	130	12
5	130	12
6	130	85
7	130	33
8	130	0
9	130	42
10	130	60
11	130	77
12	130	92
13	130	52
14	130	33
15	130	0
16	130	0
17	130	0
18	130	12
19	130	0
20	130	0
21	130	12
22	130	12
23	130	22
0	131	16
1	131	57
2	131	57
3	131	0
4	131	57
5	131	16
6	131	0
7	131	16
8	131	0
9	131	0
10	131	30
11	131	44
12	131	0
13	131	69
14	131	16
15	131	16
16	131	0
17	131	0
18	131	16
19	131	0
20	131	0
21	131	16
22	131	0
23	131	16
0	132	17
1	132	29
2	132	23
3	132	27
4	132	20
5	132	26
6	132	20
7	132	26
8	132	24
9	132	29
10	132	31
11	132	28
12	132	35
13	132	27
14	132	33
15	132	29
16	132	21
17	132	15
18	132	7
19	132	9
20	132	7
21	132	13
22	132	11
23	132	16
0	133	36
1	133	30
2	133	27
3	133	22
4	133	13
5	133	22
6	133	16
7	133	16
8	133	27
9	133	22
10	133	22
11	133	41
12	133	16
13	133	44
14	133	27
15	133	38
16	133	13
17	133	13
18	133	10
19	133	0
20	133	7
21	133	7
22	133	33
23	133	30
0	134	21
1	134	19
2	134	33
3	134	24
4	134	24
5	134	11
6	134	26
7	134	11
8	134	36
9	134	33
10	134	24
11	134	19
12	134	38
13	134	33
14	134	24
15	134	29
16	134	11
17	134	16
18	134	6
19	134	3
20	134	3
21	134	16
22	134	8
23	134	21
0	135	26
1	135	14
2	135	14
3	135	0
4	135	0
5	135	0
6	135	14
7	135	14
8	135	14
9	135	14
10	135	0
11	135	26
12	135	38
13	135	26
14	135	14
15	135	26
16	135	14
17	135	14
18	135	0
19	135	14
20	135	0
21	135	14
22	135	0
23	135	0
0	136	0
1	136	0
2	136	0
3	136	0
4	136	0
5	136	0
6	136	0
7	136	0
8	136	0
9	136	0
10	136	253
11	136	0
12	136	0
13	136	0
14	136	0
15	136	0
16	136	0
17	136	0
18	136	0
19	136	0
20	136	0
21	136	0
22	136	0
23	136	0
0	137	0
1	137	0
2	137	0
3	137	0
4	137	0
5	137	0
6	137	0
7	137	0
8	137	0
9	137	0
10	137	0
11	137	0
12	137	0
13	137	0
14	137	0
15	137	253
16	137	0
17	137	0
18	137	0
19	137	0
20	137	0
21	137	0
22	137	0
23	137	0
0	138	36
1	138	36
2	138	36
3	138	0
4	138	13
5	138	46
6	138	36
7	138	0
8	138	0
9	138	0
10	138	13
11	138	13
12	138	56
13	138	75
14	138	46
15	138	13
16	138	13
17	138	0
18	138	13
19	138	0
20	138	0
21	138	36
22	138	13
23	138	25
0	139	53
1	139	35
2	139	22
3	139	8
4	139	35
5	139	15
6	139	28
7	139	53
8	139	75
9	139	117
10	139	41
11	139	35
12	139	8
13	139	22
14	139	0
15	139	8
16	139	15
17	139	0
18	139	0
19	139	0
20	139	0
21	139	0
22	139	0
23	139	53
0	140	53
1	140	0
2	140	75
3	140	0
4	140	53
5	140	28
6	140	53
7	140	0
8	140	0
9	140	0
10	140	0
11	140	0
12	140	28
13	140	0
14	140	0
15	140	28
16	140	0
17	140	0
18	140	0
19	140	0
20	140	0
21	140	28
22	140	0
23	140	0
0	141	95
1	141	0
2	141	37
3	141	0
4	141	0
5	141	37
6	141	0
7	141	0
8	141	0
9	141	0
10	141	0
11	141	0
12	141	0
13	141	37
14	141	0
15	141	118
16	141	181
17	141	0
18	141	0
19	141	0
20	141	0
21	141	0
22	141	0
23	141	0
0	142	29
1	142	0
2	142	41
3	142	29
4	142	15
5	142	41
6	142	15
7	142	54
8	142	15
9	142	15
10	142	86
11	142	0
12	142	54
13	142	76
14	142	29
15	142	41
16	142	41
17	142	0
18	142	0
19	142	0
20	142	0
21	142	0
22	142	0
23	142	0
0	143	31
1	143	0
2	143	0
3	143	0
4	143	31
5	143	0
6	143	0
7	143	0
8	143	0
9	143	0
10	143	31
11	143	82
12	143	0
13	143	0
14	143	0
15	143	0
16	143	31
17	143	31
18	143	0
19	143	0
20	143	0
21	143	0
22	143	0
23	143	31
0	144	51
1	144	0
2	144	0
3	144	0
4	144	0
5	144	91
6	144	51
7	144	0
8	144	0
9	144	51
10	144	0
11	144	0
12	144	0
13	144	0
14	144	0
15	144	0
16	144	0
17	144	0
18	144	0
19	144	0
20	144	0
21	144	0
22	144	0
23	144	0
0	145	18
1	145	18
2	145	25
3	145	26
4	145	28
5	145	28
6	145	27
7	145	22
8	145	16
9	145	31
10	145	34
11	145	21
12	145	33
13	145	38
14	145	35
15	145	17
16	145	14
17	145	7
18	145	6
19	145	8
20	145	11
21	145	16
22	145	14
23	145	19
0	146	24
1	146	27
2	146	41
3	146	20
4	146	31
5	146	8
6	146	12
7	146	34
8	146	20
9	146	12
10	146	20
11	146	24
12	146	24
13	146	16
14	146	64
15	146	27
16	146	31
17	146	5
18	146	0
19	146	5
20	146	0
21	146	0
22	146	34
23	146	8
0	147	0
1	147	0
2	147	0
3	147	0
4	147	0
5	147	0
6	147	0
7	147	0
8	147	0
9	147	0
10	147	0
11	147	0
12	147	0
13	147	0
14	147	0
15	147	0
16	147	0
17	147	0
18	147	0
19	147	0
20	147	0
21	147	0
22	147	0
23	147	0
0	148	21
1	148	19
2	148	13
3	148	18
4	148	15
5	148	16
6	148	34
7	148	25
8	148	18
9	148	21
10	148	26
11	148	29
12	148	33
13	148	41
14	148	35
15	148	25
16	148	18
17	148	17
18	148	12
19	148	11
20	148	9
21	148	3
22	148	10
23	148	19
0	149	34
1	149	30
2	149	32
3	149	31
4	149	19
5	149	30
6	149	24
7	149	31
8	149	31
9	149	20
10	149	25
11	149	33
12	149	39
13	149	41
14	149	36
15	149	36
16	149	20
17	149	19
18	149	10
19	149	7
20	149	8
21	149	8
22	149	12
23	149	23
0	150	7
1	150	7
2	150	23
3	150	23
4	150	32
5	150	14
6	150	23
7	150	23
8	150	23
9	150	10
10	150	23
11	150	38
12	150	32
13	150	26
14	150	20
15	150	14
16	150	4
17	150	4
18	150	0
19	150	0
20	150	0
21	150	7
22	150	17
23	150	10
0	151	0
1	151	0
2	151	0
3	151	0
4	151	0
5	151	0
6	151	0
7	151	230
8	151	0
9	151	0
10	151	0
11	151	0
12	151	0
13	151	0
14	151	0
15	151	0
16	151	0
17	151	0
18	151	0
19	151	0
20	151	0
21	151	0
22	151	0
23	151	0
0	152	0
1	152	0
2	152	0
3	152	0
4	152	0
5	152	0
6	152	0
7	152	0
8	152	0
9	152	0
10	152	0
11	152	0
12	152	0
13	152	0
14	152	0
15	152	0
16	152	0
17	152	0
18	152	0
19	152	0
20	152	0
21	152	0
22	152	0
23	152	0
0	153	0
1	153	0
2	153	0
3	153	0
4	153	0
5	153	0
6	153	0
7	153	0
8	153	0
9	153	0
10	153	0
11	153	0
12	153	253
13	153	0
14	153	0
15	153	0
16	153	0
17	153	0
18	153	0
19	153	0
20	153	0
21	153	0
22	153	0
23	153	0
0	154	0
1	154	0
2	154	0
3	154	0
4	154	0
5	154	0
6	154	160
7	154	72
8	154	0
9	154	0
10	154	0
11	154	0
12	154	0
13	154	0
14	154	0
15	154	0
16	154	0
17	154	0
18	154	0
19	154	0
20	154	0
21	154	0
22	154	0
23	154	0
0	155	22
1	155	23
2	155	25
3	155	25
4	155	22
5	155	25
6	155	25
7	155	25
8	155	28
9	155	26
10	155	28
11	155	28
12	155	31
13	155	32
14	155	33
15	155	29
16	155	20
17	155	13
18	155	10
19	155	7
20	155	7
21	155	10
22	155	16
23	155	18
0	156	28
1	156	27
2	156	29
3	156	30
4	156	28
5	156	31
6	156	33
7	156	31
8	156	32
9	156	31
10	156	33
11	156	31
12	156	35
13	156	34
14	156	32
15	156	27
16	156	19
17	156	11
18	156	9
19	156	8
20	156	10
21	156	13
22	156	21
23	156	25
0	157	28
1	157	18
2	157	24
3	157	18
4	157	32
5	157	15
6	157	39
7	157	44
8	157	13
9	157	26
10	157	22
11	157	28
12	157	33
13	157	40
14	157	35
15	157	35
16	157	40
17	157	37
18	157	15
19	157	18
20	157	15
21	157	9
22	157	9
23	157	7
0	158	20
1	158	10
2	158	10
3	158	10
4	158	20
5	158	20
6	158	10
7	158	20
8	158	20
9	158	20
10	158	10
11	158	10
12	158	10
13	158	10
14	158	37
15	158	20
16	158	20
17	158	0
18	158	0
19	158	0
20	158	10
21	158	20
22	158	20
23	158	10
0	159	0
1	159	0
2	159	0
3	159	0
4	159	0
5	159	0
6	159	0
7	159	0
8	159	0
9	159	0
10	159	0
11	159	0
12	159	0
13	159	0
14	159	0
15	159	0
16	159	0
17	159	0
18	159	0
19	159	0
20	159	0
21	159	0
22	159	0
23	159	0
0	160	29
1	160	28
2	160	17
3	160	26
4	160	31
5	160	23
6	160	12
7	160	26
8	160	17
9	160	26
10	160	24
11	160	33
12	160	29
13	160	41
14	160	34
15	160	46
16	160	12
17	160	26
18	160	33
19	160	12
20	160	4
21	160	8
22	160	12
23	160	12
0	161	26
1	161	28
2	161	29
3	161	31
4	161	24
5	161	26
6	161	25
7	161	27
8	161	26
9	161	31
10	161	34
11	161	35
12	161	38
13	161	38
14	161	42
15	161	31
16	161	22
17	161	10
18	161	7
19	161	10
20	161	7
21	161	12
22	161	18
23	161	22
0	162	20
1	162	10
2	162	29
3	162	29
4	162	55
5	162	20
6	162	29
7	162	10
8	162	62
9	162	29
10	162	46
11	162	46
12	162	38
13	162	38
14	162	10
15	162	46
16	162	10
17	162	10
18	162	0
19	162	0
20	162	0
21	162	38
22	162	29
23	162	29
0	163	18
1	163	21
2	163	22
3	163	27
4	163	18
5	163	26
6	163	29
7	163	30
8	163	27
9	163	30
10	163	35
11	163	30
12	163	24
13	163	21
14	163	32
15	163	30
16	163	21
17	163	18
18	163	7
19	163	2
20	163	7
21	163	6
22	163	44
23	163	24
0	164	13
1	164	8
2	164	24
3	164	8
4	164	12
5	164	27
6	164	24
7	164	19
8	164	31
9	164	20
10	164	13
11	164	12
12	164	40
13	164	37
14	164	34
15	164	10
16	164	2
17	164	6
18	164	8
19	164	2
20	164	4
21	164	2
22	164	17
23	164	22
0	165	0
1	165	0
2	165	0
3	165	0
4	165	0
5	165	0
6	165	0
7	165	0
8	165	0
9	165	0
10	165	0
11	165	0
12	165	0
13	165	0
14	165	0
15	165	0
16	165	0
17	165	0
18	165	0
19	165	0
20	165	0
21	165	0
22	165	0
23	165	0
0	166	0
1	166	0
2	166	0
3	166	0
4	166	0
5	166	0
6	166	0
7	166	0
8	166	0
9	166	0
10	166	0
11	166	0
12	166	0
13	166	0
14	166	0
15	166	0
16	166	0
17	166	0
18	166	0
19	166	0
20	166	0
21	166	0
22	166	0
23	166	0
0	167	38
1	167	14
2	167	41
3	167	21
4	167	13
5	167	23
6	167	20
7	167	17
8	167	13
9	167	21
10	167	20
11	167	31
12	167	38
13	167	37
14	167	39
15	167	27
16	167	10
17	167	13
18	167	13
19	167	7
20	167	14
21	167	8
22	167	26
23	167	21
0	168	13
1	168	17
2	168	20
3	168	17
4	168	14
5	168	19
6	168	24
7	168	10
8	168	16
9	168	9
10	168	20
11	168	29
12	168	34
13	168	24
14	168	22
15	168	16
16	168	9
17	168	2
18	168	5
19	168	4
20	168	2
21	168	7
22	168	7
23	168	8
0	169	20
1	169	21
2	169	25
3	169	23
4	169	24
5	169	21
6	169	28
7	169	29
8	169	27
9	169	25
10	169	27
11	169	30
12	169	30
13	169	28
14	169	30
15	169	20
16	169	13
17	169	10
18	169	6
19	169	6
20	169	6
21	169	8
22	169	13
23	169	16
0	170	26
1	170	16
2	170	26
3	170	0
4	170	21
5	170	11
6	170	11
7	170	11
8	170	6
9	170	44
10	170	30
11	170	30
12	170	21
13	170	26
14	170	30
15	170	26
16	170	6
17	170	6
18	170	0
19	170	0
20	170	6
21	170	11
22	170	16
23	170	21
0	171	0
1	171	0
2	171	0
3	171	28
4	171	53
5	171	75
6	171	53
7	171	28
8	171	0
9	171	28
10	171	0
11	171	0
12	171	28
13	171	28
14	171	53
15	171	0
16	171	0
17	171	0
18	171	28
19	171	0
20	171	0
21	171	0
22	171	0
23	171	0
0	172	16
1	172	24
2	172	9
3	172	31
4	172	16
5	172	16
6	172	16
7	172	31
8	172	45
9	172	31
10	172	24
11	172	24
12	172	38
13	172	24
14	172	71
15	172	52
16	172	9
17	172	0
18	172	0
19	172	0
20	172	0
21	172	0
22	172	9
23	172	9
0	173	0
1	173	20
2	173	39
3	173	39
4	173	0
5	173	20
6	173	20
7	173	0
8	173	55
9	173	55
10	173	55
11	173	20
12	173	39
13	173	20
14	173	0
15	173	20
16	173	0
17	173	20
18	173	0
19	173	0
20	173	0
21	173	0
22	173	0
23	173	0
0	174	11
1	174	11
2	174	0
3	174	0
4	174	0
5	174	50
6	174	31
7	174	22
8	174	22
9	174	41
10	174	22
11	174	50
12	174	11
13	174	75
14	174	75
15	174	41
16	174	41
17	174	11
18	174	11
19	174	41
20	174	0
21	174	11
22	174	31
23	174	11
0	175	0
1	175	0
2	175	0
3	175	0
4	175	0
5	175	0
6	175	0
7	175	0
8	175	0
9	175	0
10	175	0
11	175	0
12	175	0
13	175	0
14	175	0
15	175	0
16	175	0
17	175	0
18	175	0
19	175	0
20	175	0
21	175	0
22	175	0
23	175	0
0	176	74
1	176	0
2	176	0
3	176	0
4	176	0
5	176	0
6	176	74
7	176	147
8	176	0
9	176	0
10	176	40
11	176	0
12	176	74
13	176	0
14	176	74
15	176	0
16	176	0
17	176	0
18	176	0
19	176	0
20	176	0
21	176	0
22	176	40
23	176	0
0	177	10
1	177	45
2	177	19
3	177	28
4	177	19
5	177	28
6	177	37
7	177	19
8	177	28
9	177	28
10	177	45
11	177	37
12	177	37
13	177	19
14	177	19
15	177	37
16	177	10
17	177	10
18	177	19
19	177	10
20	177	0
21	177	10
22	177	0
23	177	28
0	178	0
1	178	45
2	178	0
3	178	45
4	178	0
5	178	0
6	178	0
7	178	82
8	178	82
9	178	0
10	178	0
11	178	0
12	178	45
13	178	82
14	178	0
15	178	45
16	178	0
17	178	0
18	178	0
19	178	0
20	178	0
21	178	45
22	178	0
23	178	45
0	179	5
1	179	14
2	179	49
3	179	14
4	179	30
5	179	26
6	179	30
7	179	14
8	179	14
9	179	34
10	179	77
11	179	38
12	179	30
13	179	18
14	179	30
15	179	9
16	179	26
17	179	9
18	179	5
19	179	9
20	179	5
21	179	5
22	179	0
23	179	5
0	180	37
1	180	29
2	180	25
3	180	37
4	180	29
5	180	21
6	180	35
7	180	35
8	180	25
9	180	21
10	180	28
11	180	37
12	180	46
13	180	37
14	180	56
15	180	43
16	180	39
17	180	23
18	180	19
19	180	18
20	180	8
21	180	13
22	180	17
23	180	23
0	181	0
1	181	0
2	181	0
3	181	0
4	181	0
5	181	0
6	181	0
7	181	0
8	181	0
9	181	0
10	181	0
11	181	0
12	181	0
13	181	0
14	181	0
15	181	0
16	181	0
17	181	0
18	181	0
19	181	0
20	181	0
21	181	0
22	181	0
23	181	0
0	182	0
1	182	0
2	182	0
3	182	0
4	182	0
5	182	0
6	182	0
7	182	0
8	182	0
9	182	0
10	182	0
11	182	0
12	182	0
13	182	0
14	182	0
15	182	0
16	182	0
17	182	0
18	182	0
19	182	0
20	182	0
21	182	0
22	182	0
23	182	0
0	183	0
1	183	0
2	183	0
3	183	0
4	183	0
5	183	0
6	183	0
7	183	0
8	183	0
9	183	0
10	183	0
11	183	0
12	183	0
13	183	0
14	183	0
15	183	0
16	183	0
17	183	0
18	183	0
19	183	0
20	183	0
21	183	0
22	183	0
23	183	0
0	184	42
1	184	7
2	184	19
3	184	0
4	184	7
5	184	13
6	184	0
7	184	13
8	184	19
9	184	42
10	184	42
11	184	25
12	184	19
13	184	42
14	184	13
15	184	0
16	184	47
17	184	0
18	184	7
19	184	0
20	184	0
21	184	13
22	184	7
23	184	25
0	185	22
1	185	22
2	185	23
3	185	22
4	185	21
5	185	23
6	185	28
7	185	28
8	185	30
9	185	26
10	185	29
11	185	30
12	185	33
13	185	36
14	185	33
15	185	28
16	185	26
17	185	14
18	185	10
19	185	8
20	185	8
21	185	15
22	185	16
23	185	22
0	186	20
1	186	71
2	186	20
3	186	39
4	186	0
5	186	55
6	186	0
7	186	55
8	186	55
9	186	0
10	186	39
11	186	20
12	186	122
13	186	0
14	186	20
15	186	20
16	186	39
17	186	0
18	186	20
19	186	0
20	186	0
21	186	0
22	186	0
23	186	20
0	187	0
1	187	0
2	187	37
3	187	68
4	187	37
5	187	37
6	187	0
7	187	68
8	187	0
9	187	68
10	187	0
11	187	68
12	187	0
13	187	0
14	187	0
15	187	0
16	187	0
17	187	0
18	187	0
19	187	0
20	187	0
21	187	0
22	187	0
23	187	37
0	188	20
1	188	40
2	188	20
3	188	21
4	188	19
5	188	20
6	188	15
7	188	26
8	188	29
9	188	28
10	188	39
11	188	42
12	188	40
13	188	30
14	188	41
15	188	20
16	188	14
17	188	11
18	188	6
19	188	10
20	188	5
21	188	10
22	188	11
23	188	20
0	189	28
1	189	28
2	189	33
3	189	28
4	189	12
5	189	52
6	189	33
7	189	38
8	189	56
9	189	12
10	189	28
11	189	61
12	189	28
13	189	38
14	189	52
15	189	47
16	189	17
17	189	12
18	189	12
19	189	6
20	189	6
21	189	0
22	189	28
23	189	65
0	190	22
1	190	23
2	190	30
3	190	22
4	190	23
5	190	21
6	190	28
7	190	21
8	190	19
9	190	20
10	190	25
11	190	27
12	190	31
13	190	38
14	190	28
15	190	22
16	190	17
17	190	12
18	190	10
19	190	8
20	190	6
21	190	8
22	190	18
23	190	21
0	191	14
1	191	14
2	191	14
3	191	14
4	191	38
5	191	18
6	191	26
7	191	30
8	191	14
9	191	18
10	191	34
11	191	26
12	191	30
13	191	18
14	191	34
15	191	34
16	191	0
17	191	5
18	191	0
19	191	9
20	191	5
21	191	14
22	191	18
23	191	14
0	192	19
1	192	23
2	192	36
3	192	23
4	192	26
5	192	76
6	192	30
7	192	30
8	192	15
9	192	23
10	192	36
11	192	52
12	192	23
13	192	43
14	192	33
15	192	23
16	192	23
17	192	8
18	192	12
19	192	0
20	192	0
21	192	8
22	192	8
23	192	19
0	193	0
1	193	0
2	193	12
3	193	17
4	193	22
5	193	6
6	193	27
7	193	17
8	193	17
9	193	47
10	193	37
11	193	56
12	193	47
13	193	42
14	193	37
15	193	22
16	193	22
17	193	12
18	193	6
19	193	0
20	193	12
21	193	6
22	193	17
23	193	17
0	194	20
1	194	7
2	194	20
3	194	20
4	194	7
5	194	26
6	194	20
7	194	14
8	194	20
9	194	20
10	194	26
11	194	32
12	194	32
13	194	59
14	194	14
15	194	7
16	194	7
17	194	0
18	194	7
19	194	0
20	194	7
21	194	0
22	194	14
23	194	7
0	195	72
1	195	51
2	195	27
3	195	0
4	195	0
5	195	0
6	195	27
7	195	91
8	195	27
9	195	51
10	195	27
11	195	0
12	195	27
13	195	0
14	195	27
15	195	0
16	195	0
17	195	0
18	195	0
19	195	0
20	195	0
21	195	0
22	195	72
23	195	27
0	196	45
1	196	0
2	196	24
3	196	0
4	196	13
5	196	13
6	196	24
7	196	0
8	196	55
9	196	24
10	196	13
11	196	24
12	196	24
13	196	13
14	196	0
15	196	13
16	196	35
17	196	0
18	196	0
19	196	0
20	196	13
21	196	0
22	196	45
23	196	55
0	197	0
1	197	0
2	197	0
3	197	0
4	197	0
5	197	35
6	197	0
7	197	0
8	197	64
9	197	0
10	197	35
11	197	0
12	197	0
13	197	35
14	197	64
15	197	64
16	197	35
17	197	0
18	197	0
19	197	64
20	197	0
21	197	0
22	197	0
23	197	35
0	198	15
1	198	15
2	198	22
3	198	8
4	198	15
5	198	19
6	198	24
7	198	22
8	198	23
9	198	18
10	198	33
11	198	30
12	198	31
13	198	33
14	198	38
15	198	29
16	198	14
17	198	16
18	198	10
19	198	5
20	198	7
21	198	7
22	198	7
23	198	15
0	199	15
1	199	49
2	199	15
3	199	8
4	199	43
5	199	15
6	199	36
7	199	43
8	199	30
9	199	8
10	199	23
11	199	15
12	199	43
13	199	43
14	199	23
15	199	0
16	199	15
17	199	0
18	199	15
19	199	8
20	199	0
21	199	15
22	199	23
23	199	0
0	200	0
1	200	0
2	200	253
3	200	0
4	200	0
5	200	0
6	200	0
7	200	0
8	200	0
9	200	0
10	200	0
11	200	0
12	200	0
13	200	0
14	200	0
15	200	0
16	200	0
17	200	0
18	200	0
19	200	0
20	200	0
21	200	0
22	200	0
23	200	0
0	201	0
1	201	0
2	201	0
3	201	0
4	201	0
5	201	0
6	201	0
7	201	253
8	201	0
9	201	0
10	201	0
11	201	0
12	201	0
13	201	0
14	201	0
15	201	0
16	201	0
17	201	0
18	201	0
19	201	0
20	201	0
21	201	0
22	201	0
23	201	0
0	202	0
1	202	0
2	202	0
3	202	30
4	202	55
5	202	30
6	202	0
7	202	0
8	202	0
9	202	55
10	202	55
11	202	98
12	202	0
13	202	30
14	202	30
15	202	0
16	202	30
17	202	0
18	202	0
19	202	0
20	202	0
21	202	0
22	202	30
23	202	0
0	203	45
1	203	45
2	203	0
3	203	0
4	203	45
5	203	0
6	203	0
7	203	45
8	203	45
9	203	82
10	203	45
11	203	0
12	203	0
13	203	45
14	203	0
15	203	45
16	203	0
17	203	0
18	203	0
19	203	0
20	203	0
21	203	0
22	203	0
23	203	0
0	204	0
1	204	175
2	204	0
3	204	0
4	204	0
5	204	0
6	204	0
7	204	0
8	204	0
9	204	0
10	204	0
11	204	175
12	204	0
13	204	0
14	204	0
15	204	0
16	204	0
17	204	0
18	204	0
19	204	0
20	204	0
21	204	0
22	204	0
23	204	0
0	205	24
1	205	0
2	205	0
3	205	24
4	205	9
5	205	0
6	205	0
7	205	32
8	205	17
9	205	17
10	205	24
11	205	24
12	205	0
13	205	0
14	205	17
15	205	9
16	205	17
17	205	9
18	205	24
19	205	46
20	205	0
21	205	17
22	205	17
23	205	9
0	206	29
1	206	20
2	206	55
3	206	20
4	206	0
5	206	0
6	206	20
7	206	20
8	206	11
9	206	29
10	206	11
11	206	70
12	206	38
13	206	38
14	206	70
15	206	0
16	206	0
17	206	0
18	206	0
19	206	11
20	206	0
21	206	20
22	206	20
23	206	0
0	207	0
1	207	0
2	207	0
3	207	26
4	207	0
5	207	26
6	207	26
7	207	26
8	207	26
9	207	26
10	207	26
11	207	26
12	207	49
13	207	0
14	207	26
15	207	0
16	207	26
17	207	26
18	207	0
19	207	0
20	207	0
21	207	0
22	207	26
23	207	26
0	208	27
1	208	19
2	208	28
3	208	18
4	208	22
5	208	24
6	208	27
7	208	21
8	208	27
9	208	25
10	208	23
11	208	30
12	208	37
13	208	28
14	208	31
15	208	30
16	208	19
17	208	16
18	208	6
19	208	6
20	208	9
21	208	8
22	208	16
23	208	14
0	209	24
1	209	9
2	209	39
3	209	17
4	209	9
5	209	0
6	209	32
7	209	32
8	209	24
9	209	53
10	209	32
11	209	83
12	209	24
13	209	83
14	209	39
15	209	24
16	209	9
17	209	0
18	209	17
19	209	24
20	209	9
21	209	17
22	209	9
23	209	17
0	210	26
1	210	14
2	210	14
3	210	14
4	210	50
5	210	14
6	210	60
7	210	71
8	210	0
9	210	14
10	210	60
11	210	26
12	210	14
13	210	14
14	210	38
15	210	14
16	210	14
17	210	26
18	210	0
19	210	0
20	210	26
21	210	0
22	210	14
23	210	0
0	211	22
1	211	22
2	211	22
3	211	26
4	211	20
5	211	23
6	211	26
7	211	19
8	211	21
9	211	23
10	211	20
11	211	33
12	211	37
13	211	33
14	211	38
15	211	26
16	211	14
17	211	10
18	211	6
19	211	5
20	211	7
21	211	17
22	211	17
23	211	20
0	212	0
1	212	39
2	212	21
3	212	0
4	212	48
5	212	11
6	212	21
7	212	0
8	212	21
9	212	0
10	212	11
11	212	11
12	212	21
13	212	11
14	212	39
15	212	0
16	212	0
17	212	0
18	212	0
19	212	0
20	212	0
21	212	21
22	212	65
23	212	57
0	213	20
1	213	22
2	213	22
3	213	22
4	213	22
5	213	23
6	213	24
7	213	24
8	213	23
9	213	24
10	213	25
11	213	28
12	213	31
13	213	32
14	213	30
15	213	24
16	213	17
17	213	11
18	213	8
19	213	6
20	213	7
21	213	10
22	213	15
23	213	18
0	214	0
1	214	0
2	214	0
3	214	0
4	214	0
5	214	0
6	214	0
7	214	0
8	214	0
9	214	0
10	214	0
11	214	0
12	214	0
13	214	0
14	214	0
15	214	0
16	214	0
17	214	0
18	214	0
19	214	0
20	214	0
21	214	0
22	214	0
23	214	0
0	215	33
1	215	21
2	215	9
3	215	28
4	215	34
5	215	47
6	215	34
7	215	21
8	215	16
9	215	38
10	215	21
11	215	28
12	215	42
13	215	41
14	215	28
15	215	21
16	215	8
17	215	16
18	215	6
19	215	6
20	215	6
21	215	6
22	215	18
23	215	20
0	216	0
1	216	0
2	216	0
3	216	0
4	216	0
5	216	0
6	216	0
7	216	0
8	216	0
9	216	0
10	216	0
11	216	253
12	216	0
13	216	0
14	216	0
15	216	0
16	216	0
17	216	0
18	216	0
19	216	0
20	216	0
21	216	0
22	216	0
23	216	0
0	217	9
1	217	18
2	217	26
3	217	34
4	217	77
5	217	70
6	217	18
7	217	34
8	217	42
9	217	42
10	217	9
11	217	49
12	217	26
13	217	70
14	217	26
15	217	34
16	217	0
17	217	9
18	217	0
19	217	0
20	217	0
21	217	0
22	217	0
23	217	49
0	218	0
1	218	0
2	218	0
3	218	0
4	218	0
5	218	0
6	218	0
7	218	0
8	218	0
9	218	253
10	218	0
11	218	0
12	218	0
13	218	0
14	218	0
15	218	0
16	218	0
17	218	0
18	218	0
19	218	0
20	218	0
21	218	0
22	218	0
23	218	0
0	219	26
1	219	26
2	219	44
3	219	26
4	219	16
5	219	6
6	219	11
7	219	40
8	219	11
9	219	40
10	219	21
11	219	11
12	219	26
13	219	16
14	219	21
15	219	48
16	219	16
17	219	69
18	219	6
19	219	16
20	219	6
21	219	16
22	219	11
23	219	6
0	220	20
1	220	27
2	220	15
3	220	25
4	220	12
5	220	25
6	220	31
7	220	27
8	220	20
9	220	30
10	220	23
11	220	46
12	220	41
13	220	33
14	220	25
15	220	17
16	220	14
17	220	6
18	220	2
19	220	0
20	220	23
21	220	20
22	220	44
23	220	30
0	221	20
1	221	20
2	221	24
3	221	20
4	221	21
5	221	18
6	221	28
7	221	24
8	221	21
9	221	22
10	221	23
11	221	29
12	221	35
13	221	36
14	221	28
15	221	21
16	221	12
17	221	7
18	221	6
19	221	5
20	221	5
21	221	11
22	221	18
23	221	17
0	222	21
1	222	13
2	222	29
3	222	25
4	222	17
5	222	32
6	222	40
7	222	5
8	222	17
9	222	32
10	222	32
11	222	21
12	222	17
13	222	32
14	222	47
15	222	17
16	222	5
17	222	13
18	222	13
19	222	0
20	222	5
21	222	5
22	222	29
23	222	17
0	223	29
1	223	27
2	223	20
3	223	17
4	223	23
5	223	18
6	223	26
7	223	27
8	223	16
9	223	16
10	223	24
11	223	22
12	223	16
13	223	34
14	223	12
15	223	20
16	223	14
17	223	22
18	223	10
19	223	2
20	223	3
21	223	15
22	223	12
23	223	9
0	224	0
1	224	0
2	224	0
3	224	0
4	224	0
5	224	0
6	224	0
7	224	0
8	224	0
9	224	0
10	224	0
11	224	0
12	224	0
13	224	0
14	224	0
15	224	0
16	224	0
17	224	0
18	224	0
19	224	0
20	224	0
21	224	0
22	224	0
23	224	0
0	225	74
1	225	40
2	225	58
3	225	58
4	225	21
5	225	40
6	225	0
7	225	40
8	225	21
9	225	21
10	225	40
11	225	21
12	225	21
13	225	58
14	225	21
15	225	58
16	225	0
17	225	0
18	225	0
19	225	0
20	225	0
21	225	21
22	225	21
23	225	0
0	226	16
1	226	18
2	226	20
3	226	28
4	226	20
5	226	28
6	226	32
7	226	27
8	226	22
9	226	26
10	226	31
11	226	32
12	226	34
13	226	36
14	226	29
15	226	21
16	226	17
17	226	13
18	226	7
19	226	6
20	226	5
21	226	9
22	226	16
23	226	12
0	227	39
1	227	63
2	227	39
3	227	11
4	227	20
5	227	11
6	227	63
7	227	30
8	227	20
9	227	39
10	227	20
11	227	20
12	227	11
13	227	30
14	227	20
15	227	11
16	227	11
17	227	20
18	227	0
19	227	11
20	227	0
21	227	20
22	227	11
23	227	20
0	228	26
1	228	0
2	228	18
3	228	26
4	228	48
5	228	26
6	228	9
7	228	9
8	228	13
9	228	22
10	228	18
11	228	33
12	228	59
13	228	9
14	228	5
15	228	13
16	228	0
17	228	18
18	228	0
19	228	9
20	228	0
21	228	0
22	228	0
23	228	9
0	229	20
1	229	20
2	229	25
3	229	18
4	229	15
5	229	25
6	229	29
7	229	21
8	229	24
9	229	24
10	229	19
11	229	28
12	229	40
13	229	37
14	229	39
15	229	21
16	229	18
17	229	7
18	229	8
19	229	8
20	229	4
21	229	9
22	229	24
23	229	21
0	230	16
1	230	18
2	230	15
3	230	18
4	230	13
5	230	15
6	230	31
7	230	23
8	230	21
9	230	26
10	230	33
11	230	25
12	230	36
13	230	36
14	230	26
15	230	23
16	230	8
17	230	15
18	230	13
19	230	11
20	230	18
21	230	11
22	230	21
23	230	18
0	231	0
1	231	0
2	231	0
3	231	36
4	231	36
5	231	0
6	231	0
7	231	0
8	231	0
9	231	0
10	231	0
11	231	0
12	231	66
13	231	66
14	231	0
15	231	36
16	231	66
17	231	0
18	231	0
19	231	0
20	231	0
21	231	36
22	231	0
23	231	36
0	232	26
1	232	21
2	232	32
3	232	25
4	232	31
5	232	32
6	232	30
7	232	25
8	232	34
9	232	33
10	232	13
11	232	14
12	232	19
13	232	45
14	232	31
15	232	22
16	232	28
17	232	19
18	232	5
19	232	3
20	232	15
21	232	18
22	232	22
23	232	22
0	233	43
1	233	36
2	233	36
3	233	49
4	233	23
5	233	30
6	233	15
7	233	15
8	233	61
9	233	23
10	233	36
11	233	8
12	233	15
13	233	43
14	233	36
15	233	30
16	233	30
17	233	23
18	233	8
19	233	43
20	233	15
21	233	8
22	233	36
23	233	67
0	234	18
1	234	35
2	234	0
3	234	0
4	234	35
5	234	18
6	234	18
7	234	50
8	234	35
9	234	18
10	234	50
11	234	0
12	234	18
13	234	64
14	234	78
15	234	18
16	234	18
17	234	35
18	234	18
19	234	0
20	234	0
21	234	0
22	234	0
23	234	18
0	235	0
1	235	0
2	235	0
3	235	0
4	235	0
5	235	0
6	235	0
7	235	223
8	235	0
9	235	0
10	235	0
11	235	0
12	235	0
13	235	0
14	235	103
15	235	0
16	235	0
17	235	0
18	235	0
19	235	0
20	235	0
21	235	0
22	235	0
23	235	0
0	236	15
1	236	36
2	236	28
3	236	22
4	236	18
5	236	29
6	236	54
7	236	32
8	236	24
9	236	24
10	236	18
11	236	29
12	236	26
13	236	34
14	236	42
15	236	32
16	236	29
17	236	29
18	236	6
19	236	12
20	236	12
21	236	11
22	236	21
23	236	13
0	237	22
1	237	36
2	237	27
3	237	22
4	237	24
5	237	32
6	237	28
7	237	33
8	237	24
9	237	29
10	237	32
11	237	28
12	237	35
13	237	39
14	237	49
15	237	39
16	237	29
17	237	20
18	237	16
19	237	11
20	237	10
21	237	12
22	237	26
23	237	23
0	238	29
1	238	29
2	238	30
3	238	27
4	238	19
5	238	36
6	238	13
7	238	22
8	238	32
9	238	25
10	238	22
11	238	29
12	238	24
13	238	43
14	238	36
15	238	34
16	238	20
17	238	15
18	238	13
19	238	5
20	238	11
21	238	10
22	238	16
23	238	21
0	239	12
1	239	26
2	239	12
3	239	15
4	239	8
5	239	8
6	239	19
7	239	29
8	239	26
9	239	19
10	239	32
11	239	22
12	239	42
13	239	32
14	239	26
15	239	36
16	239	8
17	239	0
18	239	0
19	239	0
20	239	4
21	239	4
22	239	12
23	239	15
0	240	18
1	240	16
2	240	12
3	240	19
4	240	13
5	240	16
6	240	29
7	240	24
8	240	24
9	240	23
10	240	20
11	240	30
12	240	36
13	240	28
14	240	34
15	240	39
16	240	18
17	240	11
18	240	5
19	240	2
20	240	9
21	240	7
22	240	13
23	240	13
0	241	24
1	241	21
2	241	24
3	241	19
4	241	28
5	241	29
6	241	23
7	241	15
8	241	27
9	241	24
10	241	33
11	241	31
12	241	34
13	241	25
14	241	33
15	241	27
16	241	22
17	241	14
18	241	9
19	241	3
20	241	5
21	241	8
22	241	16
23	241	19
0	242	0
1	242	30
2	242	30
3	242	30
4	242	0
5	242	57
6	242	0
7	242	0
8	242	0
9	242	80
10	242	0
11	242	57
12	242	57
13	242	80
14	242	0
15	242	0
16	242	0
17	242	0
18	242	0
19	242	0
20	242	0
21	242	57
22	242	57
23	242	30
0	243	22
1	243	22
2	243	22
3	243	22
4	243	15
5	243	8
6	243	28
7	243	22
8	243	35
9	243	22
10	243	15
11	243	15
12	243	28
13	243	28
14	243	28
15	243	41
16	243	8
17	243	8
18	243	0
19	243	22
20	243	15
21	243	8
22	243	0
23	243	8
0	244	9
1	244	9
2	244	18
3	244	34
4	244	9
5	244	26
6	244	18
7	244	26
8	244	26
9	244	18
10	244	18
11	244	18
12	244	26
13	244	9
14	244	9
15	244	50
16	244	18
17	244	9
18	244	0
19	244	9
20	244	9
21	244	0
22	244	18
23	244	9
0	245	0
1	245	0
2	245	0
3	245	0
4	245	0
5	245	0
6	245	0
7	245	0
8	245	0
9	245	0
10	245	0
11	245	0
12	245	0
13	245	0
14	245	0
15	245	0
16	245	0
17	245	0
18	245	0
19	245	0
20	245	0
21	245	0
22	245	0
23	245	0
0	246	45
1	246	0
2	246	0
3	246	0
4	246	10
5	246	37
6	246	19
7	246	28
8	246	10
9	246	19
10	246	60
11	246	19
12	246	45
13	246	60
14	246	67
15	246	94
16	246	28
17	246	10
18	246	0
19	246	0
20	246	10
21	246	10
22	246	19
23	246	28
0	247	18
1	247	26
2	247	25
3	247	26
4	247	22
5	247	24
6	247	20
7	247	26
8	247	19
9	247	21
10	247	27
11	247	29
12	247	33
13	247	32
14	247	30
15	247	21
16	247	14
17	247	9
18	247	5
19	247	3
20	247	6
21	247	10
22	247	14
23	247	13
0	248	9
1	248	17
2	248	32
3	248	9
4	248	47
5	248	17
6	248	17
7	248	25
8	248	40
9	248	60
10	248	32
11	248	32
12	248	32
13	248	9
14	248	9
15	248	32
16	248	17
17	248	0
18	248	0
19	248	9
20	248	0
21	248	0
22	248	0
23	248	9
0	249	70
1	249	23
2	249	52
3	249	23
4	249	12
5	249	33
6	249	23
7	249	52
8	249	23
9	249	12
10	249	33
11	249	52
12	249	33
13	249	12
14	249	33
15	249	0
16	249	0
17	249	12
18	249	12
19	249	0
20	249	0
21	249	0
22	249	0
23	249	12
0	250	0
1	250	50
2	250	35
3	250	35
4	250	18
5	250	18
6	250	35
7	250	50
8	250	35
9	250	18
10	250	50
11	250	64
12	250	35
13	250	90
14	250	101
15	250	50
16	250	0
17	250	0
18	250	0
19	250	0
20	250	0
21	250	0
22	250	0
23	250	50
0	251	0
1	251	0
2	251	0
3	251	0
4	251	0
5	251	0
6	251	0
7	251	0
8	251	0
9	251	0
10	251	0
11	251	0
12	251	0
13	251	0
14	251	0
15	251	0
16	251	0
17	251	0
18	251	0
19	251	0
20	251	0
21	251	0
22	251	0
23	251	0
0	252	21
1	252	22
2	252	24
3	252	23
4	252	23
5	252	24
6	252	25
7	252	25
8	252	25
9	252	26
10	252	27
11	252	30
12	252	30
13	252	30
14	252	29
15	252	24
16	252	18
17	252	13
18	252	9
19	252	7
20	252	7
21	252	10
22	252	15
23	252	19
