Counts for Lenovo(7) in Philippines(33):
Hour	Location Index	Count
0	0	0
1	0	0
2	0	0
3	0	0
4	0	0
5	0	0
6	0	0
7	0	0
8	0	0
9	0	0
10	0	0
11	0	0
12	0	0
13	0	0
14	0	0
15	0	0
16	0	0
17	0	0
18	0	0
19	0	0
20	0	0
21	0	0
22	0	0
23	0	0
0	1	0
1	1	2
2	1	3
3	1	0
4	1	5
5	1	3
6	1	2
7	1	4
8	1	7
9	1	2
10	1	3
11	1	0
12	1	2
13	1	6
14	1	3
15	1	0
16	1	0
17	1	0
18	1	0
19	1	0
20	1	0
21	1	0
22	1	0
23	1	0
0	2	0
1	2	0
2	2	0
3	2	0
4	2	0
5	2	0
6	2	0
7	2	0
8	2	0
9	2	0
10	2	0
11	2	0
12	2	0
13	2	6
14	2	0
15	2	0
16	2	6
17	2	6
18	2	6
19	2	0
20	2	0
21	2	0
22	2	6
23	2	0
0	3	0
1	3	0
2	3	0
3	3	0
4	3	6
5	3	0
6	3	0
7	3	0
8	3	0
9	3	4
10	3	2
11	3	4
12	3	4
13	3	0
14	3	11
15	3	0
16	3	0
17	3	0
18	3	0
19	3	0
20	3	0
21	3	0
22	3	0
23	3	0
0	4	3
1	4	0
2	4	0
3	4	0
4	4	3
5	4	3
6	4	0
7	4	0
8	4	0
9	4	0
10	4	3
11	4	0
12	4	3
13	4	3
14	4	0
15	4	0
16	4	0
17	4	0
18	4	0
19	4	0
20	4	0
21	4	0
22	4	0
23	4	0
0	5	1
1	5	1
2	5	2
3	5	0
4	5	2
5	5	2
6	5	1
7	5	2
8	5	1
9	5	2
10	5	1
11	5	1
12	5	4
13	5	2
14	5	3
15	5	2
16	5	2
17	5	0
18	5	0
19	5	1
20	5	2
21	5	0
22	5	1
23	5	1
0	6	0
1	6	0
2	6	0
3	6	11
4	6	0
5	6	0
6	6	0
7	6	0
8	6	0
9	6	0
10	6	0
11	6	0
12	6	29
13	6	0
14	6	11
15	6	0
16	6	0
17	6	0
18	6	0
19	6	0
20	6	0
21	6	0
22	6	0
23	6	0
0	7	0
1	7	0
2	7	0
3	7	0
4	7	0
5	7	0
6	7	0
7	7	0
8	7	0
9	7	0
10	7	0
11	7	0
12	7	0
13	7	0
14	7	0
15	7	0
16	7	21
17	7	0
18	7	0
19	7	0
20	7	0
21	7	0
22	7	0
23	7	0
0	8	0
1	8	1
2	8	2
3	8	0
4	8	1
5	8	3
6	8	1
7	8	1
8	8	1
9	8	2
10	8	1
11	8	1
12	8	0
13	8	2
14	8	1
15	8	2
16	8	2
17	8	2
18	8	0
19	8	3
20	8	1
21	8	1
22	8	1
23	8	1
0	9	0
1	9	0
2	9	0
3	9	0
4	9	0
5	9	0
6	9	0
7	9	0
8	9	0
9	9	0
10	9	0
11	9	0
12	9	0
13	9	0
14	9	0
15	9	0
16	9	0
17	9	0
18	9	0
19	9	0
20	9	0
21	9	0
22	9	0
23	9	0
0	10	0
1	10	0
2	10	0
3	10	0
4	10	4
5	10	0
6	10	0
7	10	0
8	10	0
9	10	0
10	10	0
11	10	0
12	10	0
13	10	0
14	10	0
15	10	0
16	10	0
17	10	0
18	10	0
19	10	0
20	10	0
21	10	4
22	10	0
23	10	0
0	11	0
1	11	0
2	11	0
3	11	0
4	11	0
5	11	0
6	11	0
7	11	0
8	11	0
9	11	0
10	11	0
11	11	0
12	11	0
13	11	0
14	11	0
15	11	0
16	11	0
17	11	0
18	11	0
19	11	0
20	11	0
21	11	0
22	11	0
23	11	0
0	12	0
1	12	0
2	12	0
3	12	0
4	12	0
5	12	0
6	12	0
7	12	0
8	12	0
9	12	0
10	12	0
11	12	0
12	12	0
13	12	0
14	12	0
15	12	0
16	12	0
17	12	0
18	12	0
19	12	0
20	12	0
21	12	0
22	12	0
23	12	0
0	13	0
1	13	4
2	13	0
3	13	0
4	13	2
5	13	2
6	13	7
7	13	0
8	13	0
9	13	2
10	13	2
11	13	2
12	13	2
13	13	2
14	13	4
15	13	0
16	13	0
17	13	0
18	13	0
19	13	0
20	13	2
21	13	2
22	13	2
23	13	0
0	14	3
1	14	0
2	14	3
3	14	0
4	14	5
5	14	0
6	14	0
7	14	3
8	14	5
9	14	0
10	14	3
11	14	3
12	14	8
13	14	3
14	14	17
15	14	5
16	14	0
17	14	0
18	14	0
19	14	0
20	14	0
21	14	3
22	14	5
23	14	3
0	15	0
1	15	0
2	15	0
3	15	0
4	15	0
5	15	0
6	15	0
7	15	0
8	15	0
9	15	0
10	15	0
11	15	0
12	15	0
13	15	0
14	15	0
15	15	0
16	15	0
17	15	0
18	15	0
19	15	0
20	15	0
21	15	0
22	15	0
23	15	0
0	16	2
1	16	0
2	16	2
3	16	3
4	16	1
5	16	1
6	16	2
7	16	2
8	16	1
9	16	0
10	16	0
11	16	1
12	16	1
13	16	2
14	16	2
15	16	1
16	16	1
17	16	1
18	16	1
19	16	1
20	16	0
21	16	2
22	16	1
23	16	1
0	17	0
1	17	0
2	17	0
3	17	175
4	17	0
5	17	0
6	17	0
7	17	0
8	17	0
9	17	0
10	17	0
11	17	0
12	17	0
13	17	0
14	17	0
15	17	0
16	17	0
17	17	0
18	17	0
19	17	0
20	17	0
21	17	0
22	17	0
23	17	0
0	18	0
1	18	0
2	18	0
3	18	0
4	18	0
5	18	0
6	18	0
7	18	0
8	18	0
9	18	0
10	18	0
11	18	0
12	18	0
13	18	0
14	18	0
15	18	0
16	18	0
17	18	0
18	18	0
19	18	0
20	18	0
21	18	0
22	18	0
23	18	0
0	19	0
1	19	0
2	19	0
3	19	0
4	19	11
5	19	0
6	19	0
7	19	0
8	19	0
9	19	0
10	19	0
11	19	0
12	19	0
13	19	11
14	19	0
15	19	0
16	19	0
17	19	0
18	19	0
19	19	0
20	19	0
21	19	0
22	19	0
23	19	11
0	20	0
1	20	0
2	20	0
3	20	0
4	20	0
5	20	0
6	20	0
7	20	0
8	20	0
9	20	0
10	20	0
11	20	0
12	20	0
13	20	0
14	20	0
15	20	0
16	20	0
17	20	0
18	20	0
19	20	0
20	20	0
21	20	0
22	20	0
23	20	0
0	21	0
1	21	0
2	21	0
3	21	0
4	21	0
5	21	0
6	21	0
7	21	0
8	21	0
9	21	4
10	21	0
11	21	0
12	21	4
13	21	0
14	21	0
15	21	0
16	21	0
17	21	0
18	21	0
19	21	0
20	21	0
21	21	0
22	21	0
23	21	0
0	22	0
1	22	0
2	22	0
3	22	0
4	22	0
5	22	0
6	22	0
7	22	0
8	22	0
9	22	0
10	22	0
11	22	0
12	22	0
13	22	0
14	22	21
15	22	0
16	22	0
17	22	0
18	22	0
19	22	0
20	22	0
21	22	0
22	22	0
23	22	0
0	23	3
1	23	4
2	23	1
3	23	1
4	23	1
5	23	3
6	23	2
7	23	2
8	23	3
9	23	1
10	23	3
11	23	4
12	23	2
13	23	3
14	23	2
15	23	2
16	23	1
17	23	0
18	23	0
19	23	0
20	23	0
21	23	1
22	23	3
23	23	4
0	24	0
1	24	0
2	24	0
3	24	0
4	24	0
5	24	0
6	24	20
7	24	0
8	24	0
9	24	0
10	24	0
11	24	0
12	24	0
13	24	0
14	24	0
15	24	0
16	24	0
17	24	0
18	24	0
19	24	0
20	24	0
21	24	0
22	24	0
23	24	0
0	25	0
1	25	0
2	25	0
3	25	0
4	25	0
5	25	0
6	25	0
7	25	0
8	25	0
9	25	0
10	25	0
11	25	0
12	25	0
13	25	0
14	25	0
15	25	0
16	25	0
17	25	0
18	25	0
19	25	0
20	25	0
21	25	0
22	25	0
23	25	0
0	26	0
1	26	0
2	26	0
3	26	0
4	26	0
5	26	0
6	26	0
7	26	0
8	26	0
9	26	46
10	26	0
11	26	0
12	26	0
13	26	0
14	26	0
15	26	0
16	26	0
17	26	0
18	26	0
19	26	0
20	26	0
21	26	0
22	26	0
23	26	0
0	27	2
1	27	2
2	27	2
3	27	2
4	27	2
5	27	2
6	27	2
7	27	2
8	27	2
9	27	2
10	27	2
11	27	3
12	27	3
13	27	2
14	27	2
15	27	1
16	27	1
17	27	1
18	27	1
19	27	1
20	27	1
21	27	1
22	27	1
23	27	2
0	28	0
1	28	0
2	28	0
3	28	0
4	28	0
5	28	0
6	28	0
7	28	0
8	28	0
9	28	0
10	28	0
11	28	0
12	28	0
13	28	0
14	28	0
15	28	0
16	28	0
17	28	0
18	28	0
19	28	0
20	28	0
21	28	0
22	28	0
23	28	0
0	29	0
1	29	0
2	29	0
3	29	0
4	29	0
5	29	0
6	29	12
7	29	0
8	29	0
9	29	6
10	29	0
11	29	0
12	29	0
13	29	0
14	29	0
15	29	0
16	29	0
17	29	0
18	29	0
19	29	0
20	29	0
21	29	0
22	29	0
23	29	0
0	30	0
1	30	0
2	30	3
3	30	3
4	30	3
5	30	3
6	30	3
7	30	6
8	30	0
9	30	0
10	30	0
11	30	3
12	30	3
13	30	3
14	30	3
15	30	0
16	30	0
17	30	0
18	30	0
19	30	0
20	30	0
21	30	0
22	30	3
23	30	6
0	31	0
1	31	0
2	31	0
3	31	19
4	31	0
5	31	19
6	31	0
7	31	10
8	31	10
9	31	19
10	31	10
11	31	0
12	31	0
13	31	0
14	31	0
15	31	0
16	31	0
17	31	0
18	31	0
19	31	0
20	31	0
21	31	0
22	31	0
23	31	10
0	32	0
1	32	0
2	32	0
3	32	0
4	32	2
5	32	2
6	32	0
7	32	2
8	32	0
9	32	2
10	32	0
11	32	6
12	32	6
13	32	0
14	32	0
15	32	0
16	32	0
17	32	0
18	32	0
19	32	0
20	32	0
21	32	0
22	32	0
23	32	0
0	33	0
1	33	0
2	33	0
3	33	0
4	33	0
5	33	7
6	33	0
7	33	7
8	33	0
9	33	0
10	33	0
11	33	13
12	33	0
13	33	0
14	33	0
15	33	0
16	33	7
17	33	0
18	33	0
19	33	0
20	33	0
21	33	0
22	33	0
23	33	0
0	34	0
1	34	0
2	34	0
3	34	0
4	34	0
5	34	0
6	34	0
7	34	0
8	34	0
9	34	0
10	34	0
11	34	0
12	34	0
13	34	0
14	34	0
15	34	0
16	34	0
17	34	0
18	34	0
19	34	0
20	34	0
21	34	0
22	34	0
23	34	0
0	35	0
1	35	0
2	35	0
3	35	0
4	35	0
5	35	0
6	35	0
7	35	0
8	35	0
9	35	0
10	35	0
11	35	0
12	35	0
13	35	0
14	35	0
15	35	0
16	35	0
17	35	0
18	35	0
19	35	0
20	35	0
21	35	0
22	35	0
23	35	0
0	36	0
1	36	0
2	36	0
3	36	0
4	36	0
5	36	0
6	36	0
7	36	0
8	36	0
9	36	0
10	36	0
11	36	0
12	36	0
13	36	0
14	36	0
15	36	0
16	36	0
17	36	0
18	36	0
19	36	0
20	36	0
21	36	0
22	36	0
23	36	0
0	37	0
1	37	9
2	37	9
3	37	9
4	37	0
5	37	0
6	37	0
7	37	0
8	37	0
9	37	0
10	37	0
11	37	0
12	37	0
13	37	0
14	37	0
15	37	0
16	37	0
17	37	0
18	37	0
19	37	0
20	37	0
21	37	0
22	37	0
23	37	0
0	38	0
1	38	0
2	38	0
3	38	0
4	38	0
5	38	0
6	38	0
7	38	0
8	38	0
9	38	0
10	38	0
11	38	0
12	38	0
13	38	0
14	38	0
15	38	0
16	38	0
17	38	0
18	38	0
19	38	0
20	38	0
21	38	0
22	38	0
23	38	0
0	39	0
1	39	0
2	39	0
3	39	0
4	39	0
5	39	0
6	39	0
7	39	0
8	39	0
9	39	0
10	39	0
11	39	0
12	39	0
13	39	0
14	39	0
15	39	0
16	39	0
17	39	0
18	39	0
19	39	0
20	39	0
21	39	0
22	39	0
23	39	0
0	40	1
1	40	2
2	40	2
3	40	3
4	40	2
5	40	3
6	40	3
7	40	6
8	40	3
9	40	3
10	40	3
11	40	4
12	40	2
13	40	3
14	40	4
15	40	2
16	40	1
17	40	1
18	40	1
19	40	2
20	40	0
21	40	2
22	40	2
23	40	2
0	41	1
1	41	4
2	41	1
3	41	0
4	41	0
5	41	2
6	41	1
7	41	3
8	41	2
9	41	0
10	41	2
11	41	2
12	41	2
13	41	4
14	41	6
15	41	5
16	41	2
17	41	1
18	41	0
19	41	0
20	41	3
21	41	0
22	41	1
23	41	0
0	42	2
1	42	3
2	42	2
3	42	0
4	42	0
5	42	0
6	42	0
7	42	2
8	42	0
9	42	4
10	42	3
11	42	0
12	42	3
13	42	0
14	42	3
15	42	0
16	42	0
17	42	2
18	42	2
19	42	0
20	42	0
21	42	0
22	42	2
23	42	0
0	43	0
1	43	0
2	43	0
3	43	0
4	43	0
5	43	0
6	43	0
7	43	0
8	43	0
9	43	0
10	43	0
11	43	0
12	43	0
13	43	0
14	43	0
15	43	0
16	43	0
17	43	0
18	43	0
19	43	0
20	43	0
21	43	0
22	43	0
23	43	0
0	44	6
1	44	6
2	44	3
3	44	0
4	44	0
5	44	0
6	44	0
7	44	0
8	44	0
9	44	0
10	44	0
11	44	3
12	44	3
13	44	0
14	44	0
15	44	19
16	44	0
17	44	0
18	44	0
19	44	3
20	44	0
21	44	0
22	44	0
23	44	0
0	45	1
1	45	0
2	45	1
3	45	2
4	45	2
5	45	3
6	45	5
7	45	2
8	45	2
9	45	2
10	45	1
11	45	2
12	45	4
13	45	1
14	45	4
15	45	2
16	45	3
17	45	1
18	45	3
19	45	0
20	45	1
21	45	1
22	45	2
23	45	1
0	46	0
1	46	0
2	46	0
3	46	0
4	46	0
5	46	0
6	46	0
7	46	0
8	46	0
9	46	0
10	46	0
11	46	0
12	46	0
13	46	0
14	46	0
15	46	0
16	46	0
17	46	0
18	46	0
19	46	0
20	46	0
21	46	0
22	46	0
23	46	0
0	47	0
1	47	0
2	47	0
3	47	5
4	47	2
5	47	0
6	47	0
7	47	0
8	47	2
9	47	2
10	47	2
11	47	5
12	47	0
13	47	5
14	47	0
15	47	4
16	47	0
17	47	0
18	47	0
19	47	0
20	47	0
21	47	2
22	47	0
23	47	2
0	48	0
1	48	0
2	48	0
3	48	0
4	48	0
5	48	0
6	48	0
7	48	0
8	48	0
9	48	0
10	48	0
11	48	0
12	48	0
13	48	0
14	48	0
15	48	0
16	48	0
17	48	0
18	48	0
19	48	0
20	48	0
21	48	0
22	48	0
23	48	0
0	49	0
1	49	0
2	49	0
3	49	0
4	49	0
5	49	0
6	49	0
7	49	0
8	49	0
9	49	0
10	49	0
11	49	0
12	49	0
13	49	0
14	49	0
15	49	0
16	49	0
17	49	0
18	49	0
19	49	0
20	49	0
21	49	0
22	49	0
23	49	0
0	50	0
1	50	0
2	50	21
3	50	0
4	50	0
5	50	0
6	50	11
7	50	0
8	50	11
9	50	0
10	50	0
11	50	11
12	50	0
13	50	0
14	50	0
15	50	0
16	50	21
17	50	0
18	50	11
19	50	0
20	50	0
21	50	0
22	50	0
23	50	0
0	51	0
1	51	9
2	51	3
3	51	3
4	51	0
5	51	3
6	51	0
7	51	0
8	51	3
9	51	11
10	51	0
11	51	13
12	51	5
13	51	0
14	51	5
15	51	0
16	51	0
17	51	0
18	51	0
19	51	0
20	51	0
21	51	0
22	51	0
23	51	3
0	52	0
1	52	0
2	52	0
3	52	0
4	52	0
5	52	0
6	52	0
7	52	0
8	52	0
9	52	0
10	52	0
11	52	0
12	52	0
13	52	0
14	52	0
15	52	0
16	52	0
17	52	0
18	52	0
19	52	0
20	52	0
21	52	0
22	52	0
23	52	0
0	53	0
1	53	2
2	53	6
3	53	1
4	53	2
5	53	3
6	53	0
7	53	2
8	53	3
9	53	2
10	53	2
11	53	4
12	53	4
13	53	2
14	53	3
15	53	1
16	53	2
17	53	2
18	53	2
19	53	1
20	53	1
21	53	1
22	53	0
23	53	2
0	54	0
1	54	0
2	54	0
3	54	0
4	54	0
5	54	0
6	54	0
7	54	0
8	54	0
9	54	0
10	54	0
11	54	0
12	54	0
13	54	0
14	54	0
15	54	0
16	54	0
17	54	0
18	54	0
19	54	0
20	54	0
21	54	0
22	54	0
23	54	0
0	55	0
1	55	0
2	55	0
3	55	0
4	55	0
5	55	0
6	55	4
7	55	0
8	55	0
9	55	0
10	55	8
11	55	4
12	55	0
13	55	0
14	55	0
15	55	0
16	55	0
17	55	0
18	55	0
19	55	0
20	55	0
21	55	43
22	55	0
23	55	0
0	56	0
1	56	5
2	56	0
3	56	2
4	56	2
5	56	2
6	56	2
7	56	0
8	56	2
9	56	3
10	56	0
11	56	0
12	56	0
13	56	5
14	56	0
15	56	2
16	56	2
17	56	0
18	56	0
19	56	0
20	56	0
21	56	0
22	56	0
23	56	0
0	57	0
1	57	0
2	57	0
3	57	0
4	57	0
5	57	0
6	57	0
7	57	0
8	57	0
9	57	0
10	57	0
11	57	0
12	57	0
13	57	0
14	57	0
15	57	0
16	57	0
17	57	0
18	57	0
19	57	0
20	57	0
21	57	0
22	57	0
23	57	0
0	58	1
1	58	2
2	58	2
3	58	2
4	58	2
5	58	3
6	58	2
7	58	2
8	58	2
9	58	2
10	58	2
11	58	2
12	58	3
13	58	2
14	58	2
15	58	2
16	58	1
17	58	2
18	58	1
19	58	1
20	58	1
21	58	1
22	58	1
23	58	1
0	59	0
1	59	0
2	59	0
3	59	11
4	59	0
5	59	0
6	59	6
7	59	11
8	59	6
9	59	0
10	59	0
11	59	6
12	59	0
13	59	0
14	59	0
15	59	0
16	59	0
17	59	0
18	59	0
19	59	0
20	59	0
21	59	0
22	59	0
23	59	0
0	60	0
1	60	0
2	60	0
3	60	0
4	60	2
5	60	2
6	60	4
7	60	4
8	60	0
9	60	2
10	60	0
11	60	4
12	60	6
13	60	0
14	60	2
15	60	0
16	60	0
17	60	0
18	60	0
19	60	0
20	60	0
21	60	0
22	60	0
23	60	0
0	61	0
1	61	0
2	61	7
3	61	4
4	61	0
5	61	0
6	61	0
7	61	0
8	61	7
9	61	7
10	61	0
11	61	0
12	61	0
13	61	0
14	61	0
15	61	0
16	61	0
17	61	0
18	61	0
19	61	0
20	61	0
21	61	0
22	61	0
23	61	0
0	62	0
1	62	3
2	62	0
3	62	3
4	62	3
5	62	3
6	62	3
7	62	3
8	62	35
9	62	3
10	62	0
11	62	0
12	62	0
13	62	0
14	62	0
15	62	0
16	62	5
17	62	0
18	62	0
19	62	0
20	62	3
21	62	0
22	62	0
23	62	0
0	63	0
1	63	0
2	63	0
3	63	0
4	63	0
5	63	0
6	63	0
7	63	0
8	63	0
9	63	0
10	63	0
11	63	0
12	63	0
13	63	0
14	63	0
15	63	55
16	63	0
17	63	0
18	63	0
19	63	0
20	63	0
21	63	0
22	63	0
23	63	0
0	64	3
1	64	2
2	64	2
3	64	2
4	64	2
5	64	3
6	64	2
7	64	3
8	64	2
9	64	3
10	64	2
11	64	2
12	64	1
13	64	2
14	64	1
15	64	2
16	64	1
17	64	1
18	64	1
19	64	1
20	64	1
21	64	1
22	64	1
23	64	1
0	65	0
1	65	0
2	65	0
3	65	0
4	65	0
5	65	0
6	65	0
7	65	0
8	65	0
9	65	0
10	65	0
11	65	0
12	65	0
13	65	0
14	65	0
15	65	0
16	65	0
17	65	0
18	65	0
19	65	0
20	65	0
21	65	0
22	65	0
23	65	0
0	66	4
1	66	2
2	66	6
3	66	0
4	66	0
5	66	0
6	66	0
7	66	2
8	66	6
9	66	0
10	66	0
11	66	0
12	66	4
13	66	2
14	66	8
15	66	0
16	66	0
17	66	0
18	66	2
19	66	0
20	66	2
21	66	0
22	66	0
23	66	0
0	67	0
1	67	0
2	67	51
3	67	0
4	67	0
5	67	0
6	67	51
7	67	0
8	67	0
9	67	0
10	67	0
11	67	0
12	67	0
13	67	0
14	67	0
15	67	0
16	67	0
17	67	0
18	67	0
19	67	0
20	67	0
21	67	0
22	67	0
23	67	0
0	68	10
1	68	28
2	68	0
3	68	0
4	68	0
5	68	19
6	68	19
7	68	0
8	68	0
9	68	0
10	68	0
11	68	0
12	68	0
13	68	19
14	68	10
15	68	0
16	68	0
17	68	0
18	68	0
19	68	0
20	68	0
21	68	10
22	68	10
23	68	10
0	69	2
1	69	2
2	69	4
3	69	0
4	69	0
5	69	2
6	69	2
7	69	2
8	69	0
9	69	4
10	69	0
11	69	2
12	69	0
13	69	4
14	69	4
15	69	0
16	69	2
17	69	0
18	69	0
19	69	0
20	69	0
21	69	0
22	69	0
23	69	0
0	70	6
1	70	3
2	70	1
3	70	3
4	70	1
5	70	3
6	70	4
7	70	5
8	70	5
9	70	6
10	70	5
11	70	6
12	70	5
13	70	2
14	70	1
15	70	1
16	70	0
17	70	0
18	70	0
19	70	0
20	70	16
21	70	11
22	70	6
23	70	5
0	71	0
1	71	0
2	71	0
3	71	0
4	71	0
5	71	0
6	71	0
7	71	0
8	71	0
9	71	0
10	71	0
11	71	0
12	71	0
13	71	0
14	71	0
15	71	0
16	71	0
17	71	0
18	71	0
19	71	0
20	71	0
21	71	0
22	71	0
23	71	0
0	72	0
1	72	0
2	72	0
3	72	0
4	72	0
5	72	0
6	72	0
7	72	0
8	72	0
9	72	0
10	72	0
11	72	0
12	72	0
13	72	0
14	72	0
15	72	0
16	72	0
17	72	0
18	72	0
19	72	0
20	72	0
21	72	0
22	72	0
23	72	0
0	73	0
1	73	6
2	73	11
3	73	0
4	73	0
5	73	0
6	73	0
7	73	0
8	73	0
9	73	6
10	73	0
11	73	17
12	73	0
13	73	0
14	73	0
15	73	0
16	73	0
17	73	0
18	73	0
19	73	0
20	73	0
21	73	0
22	73	0
23	73	0
0	74	0
1	74	0
2	74	0
3	74	0
4	74	0
5	74	0
6	74	0
7	74	0
8	74	0
9	74	0
10	74	0
11	74	0
12	74	0
13	74	0
14	74	0
15	74	0
16	74	0
17	74	0
18	74	0
19	74	0
20	74	0
21	74	0
22	74	0
23	74	0
0	75	0
1	75	0
2	75	0
3	75	0
4	75	0
5	75	0
6	75	0
7	75	0
8	75	0
9	75	0
10	75	0
11	75	0
12	75	0
13	75	26
14	75	0
15	75	0
16	75	0
17	75	0
18	75	0
19	75	0
20	75	0
21	75	0
22	75	0
23	75	0
0	76	0
1	76	0
2	76	20
3	76	0
4	76	0
5	76	0
6	76	0
7	76	20
8	76	0
9	76	0
10	76	0
11	76	0
12	76	0
13	76	0
14	76	0
15	76	0
16	76	0
17	76	0
18	76	0
19	76	0
20	76	0
21	76	0
22	76	0
23	76	0
0	77	0
1	77	0
2	77	0
3	77	0
4	77	0
5	77	0
6	77	0
7	77	0
8	77	0
9	77	0
10	77	0
11	77	0
12	77	0
13	77	0
14	77	0
15	77	0
16	77	0
17	77	0
18	77	0
19	77	0
20	77	0
21	77	0
22	77	0
23	77	0
0	78	2
1	78	1
2	78	3
3	78	2
4	78	1
5	78	1
6	78	2
7	78	1
8	78	1
9	78	2
10	78	2
11	78	2
12	78	3
13	78	2
14	78	2
15	78	2
16	78	2
17	78	1
18	78	0
19	78	0
20	78	1
21	78	2
22	78	1
23	78	1
0	79	2
1	79	2
2	79	2
3	79	2
4	79	2
5	79	2
6	79	2
7	79	3
8	79	2
9	79	2
10	79	3
11	79	3
12	79	3
13	79	3
14	79	2
15	79	2
16	79	1
17	79	1
18	79	1
19	79	1
20	79	1
21	79	1
22	79	1
23	79	2
0	80	0
1	80	0
2	80	0
3	80	0
4	80	0
5	80	0
6	80	0
7	80	0
8	80	0
9	80	0
10	80	0
11	80	0
12	80	0
13	80	0
14	80	0
15	80	0
16	80	0
17	80	0
18	80	0
19	80	0
20	80	0
21	80	0
22	80	0
23	80	21
0	81	0
1	81	0
2	81	0
3	81	3
4	81	0
5	81	0
6	81	0
7	81	3
8	81	0
9	81	3
10	81	3
11	81	5
12	81	0
13	81	3
14	81	0
15	81	0
16	81	0
17	81	0
18	81	0
19	81	0
20	81	0
21	81	0
22	81	0
23	81	0
0	82	0
1	82	0
2	82	0
3	82	0
4	82	0
5	82	2
6	82	0
7	82	0
8	82	0
9	82	2
10	82	0
11	82	2
12	82	0
13	82	2
14	82	2
15	82	0
16	82	0
17	82	0
18	82	0
19	82	0
20	82	0
21	82	0
22	82	0
23	82	0
0	83	1
1	83	1
2	83	0
3	83	1
4	83	1
5	83	2
6	83	3
7	83	2
8	83	1
9	83	3
10	83	1
11	83	0
12	83	3
13	83	2
14	83	2
15	83	2
16	83	2
17	83	0
18	83	2
19	83	0
20	83	0
21	83	1
22	83	1
23	83	1
0	84	0
1	84	0
2	84	0
3	84	0
4	84	7
5	84	0
6	84	0
7	84	0
8	84	0
9	84	0
10	84	0
11	84	13
12	84	0
13	84	0
14	84	0
15	84	0
16	84	7
17	84	0
18	84	0
19	84	0
20	84	7
21	84	0
22	84	0
23	84	0
0	85	0
1	85	0
2	85	0
3	85	0
4	85	0
5	85	0
6	85	0
7	85	0
8	85	0
9	85	0
10	85	0
11	85	0
12	85	29
13	85	0
14	85	0
15	85	0
16	85	0
17	85	29
18	85	0
19	85	0
20	85	0
21	85	0
22	85	0
23	85	0
0	86	0
1	86	0
2	86	0
3	86	0
4	86	15
5	86	0
6	86	0
7	86	0
8	86	0
9	86	0
10	86	0
11	86	0
12	86	0
13	86	0
14	86	0
15	86	0
16	86	0
17	86	0
18	86	0
19	86	0
20	86	0
21	86	0
22	86	0
23	86	0
0	87	0
1	87	0
2	87	0
3	87	0
4	87	0
5	87	0
6	87	0
7	87	5
8	87	0
9	87	0
10	87	0
11	87	5
12	87	0
13	87	0
14	87	0
15	87	5
16	87	0
17	87	0
18	87	0
19	87	0
20	87	0
21	87	0
22	87	0
23	87	0
0	88	0
1	88	0
2	88	0
3	88	0
4	88	0
5	88	0
6	88	0
7	88	0
8	88	0
9	88	0
10	88	0
11	88	0
12	88	40
13	88	0
14	88	21
15	88	0
16	88	0
17	88	0
18	88	0
19	88	0
20	88	0
21	88	0
22	88	0
23	88	0
0	89	1
1	89	1
2	89	1
3	89	2
4	89	2
5	89	2
6	89	2
7	89	1
8	89	2
9	89	3
10	89	1
11	89	2
12	89	2
13	89	3
14	89	1
15	89	2
16	89	1
17	89	1
18	89	1
19	89	1
20	89	0
21	89	1
22	89	1
23	89	1
0	90	1
1	90	1
2	90	1
3	90	2
4	90	2
5	90	1
6	90	2
7	90	1
8	90	1
9	90	1
10	90	2
11	90	2
12	90	2
13	90	2
14	90	2
15	90	1
16	90	1
17	90	0
18	90	1
19	90	0
20	90	1
21	90	1
22	90	1
23	90	1
0	91	1
1	91	4
2	91	1
3	91	1
4	91	1
5	91	4
6	91	2
7	91	1
8	91	2
9	91	2
10	91	5
11	91	3
12	91	3
13	91	3
14	91	4
15	91	1
16	91	2
17	91	0
18	91	2
19	91	1
20	91	0
21	91	2
22	91	1
23	91	1
0	92	0
1	92	0
2	92	0
3	92	0
4	92	0
5	92	0
6	92	0
7	92	0
8	92	0
9	92	0
10	92	0
11	92	0
12	92	0
13	92	0
14	92	0
15	92	0
16	92	0
17	92	0
18	92	0
19	92	0
20	92	0
21	92	0
22	92	0
23	92	0
0	93	1
1	93	1
2	93	0
3	93	0
4	93	1
5	93	1
6	93	1
7	93	2
8	93	0
9	93	0
10	93	1
11	93	1
12	93	1
13	93	2
14	93	0
15	93	2
16	93	2
17	93	0
18	93	0
19	93	0
20	93	0
21	93	0
22	93	0
23	93	0
0	94	2
1	94	1
2	94	1
3	94	1
4	94	4
5	94	3
6	94	3
7	94	2
8	94	3
9	94	1
10	94	0
11	94	1
12	94	4
13	94	1
14	94	1
15	94	1
16	94	1
17	94	1
18	94	0
19	94	0
20	94	0
21	94	0
22	94	1
23	94	2
0	95	0
1	95	0
2	95	26
3	95	0
4	95	0
5	95	0
6	95	0
7	95	0
8	95	0
9	95	0
10	95	0
11	95	0
12	95	0
13	95	0
14	95	0
15	95	0
16	95	0
17	95	0
18	95	0
19	95	0
20	95	0
21	95	0
22	95	0
23	95	0
0	96	0
1	96	0
2	96	0
3	96	0
4	96	0
5	96	0
6	96	0
7	96	0
8	96	0
9	96	0
10	96	0
11	96	0
12	96	0
13	96	0
14	96	0
15	96	0
16	96	0
17	96	0
18	96	0
19	96	0
20	96	0
21	96	0
22	96	0
23	96	0
0	97	1
1	97	1
2	97	2
3	97	1
4	97	2
5	97	2
6	97	1
7	97	3
8	97	2
9	97	2
10	97	2
11	97	3
12	97	3
13	97	3
14	97	3
15	97	2
16	97	1
17	97	2
18	97	1
19	97	1
20	97	0
21	97	1
22	97	1
23	97	2
0	98	0
1	98	2
2	98	3
3	98	1
4	98	0
5	98	2
6	98	1
7	98	0
8	98	2
9	98	1
10	98	6
11	98	8
12	98	2
13	98	2
14	98	5
15	98	1
16	98	2
17	98	2
18	98	0
19	98	1
20	98	0
21	98	1
22	98	3
23	98	0
0	99	0
1	99	0
2	99	0
3	99	0
4	99	0
5	99	0
6	99	0
7	99	0
8	99	0
9	99	0
10	99	0
11	99	0
12	99	0
13	99	0
14	99	0
15	99	0
16	99	0
17	99	0
18	99	0
19	99	0
20	99	0
21	99	0
22	99	0
23	99	0
0	100	0
1	100	0
2	100	0
3	100	0
4	100	0
5	100	0
6	100	0
7	100	0
8	100	0
9	100	0
10	100	0
11	100	0
12	100	8
13	100	0
14	100	0
15	100	0
16	100	0
17	100	0
18	100	0
19	100	0
20	100	0
21	100	0
22	100	0
23	100	0
0	101	0
1	101	0
2	101	0
3	101	0
4	101	0
5	101	0
6	101	0
7	101	0
8	101	0
9	101	0
10	101	0
11	101	0
12	101	0
13	101	0
14	101	0
15	101	0
16	101	0
17	101	0
18	101	0
19	101	0
20	101	0
21	101	0
22	101	0
23	101	0
0	102	2
1	102	0
2	102	2
3	102	5
4	102	3
5	102	1
6	102	2
7	102	1
8	102	1
9	102	3
10	102	1
11	102	1
12	102	5
13	102	1
14	102	2
15	102	0
16	102	0
17	102	0
18	102	0
19	102	1
20	102	0
21	102	1
22	102	1
23	102	0
0	103	0
1	103	0
2	103	0
3	103	0
4	103	0
5	103	0
6	103	0
7	103	0
8	103	0
9	103	0
10	103	0
11	103	0
12	103	0
13	103	0
14	103	0
15	103	0
16	103	0
17	103	0
18	103	0
19	103	0
20	103	0
21	103	0
22	103	0
23	103	0
0	104	0
1	104	0
2	104	0
3	104	0
4	104	0
5	104	0
6	104	0
7	104	0
8	104	0
9	104	0
10	104	0
11	104	0
12	104	0
13	104	0
14	104	0
15	104	0
16	104	0
17	104	0
18	104	0
19	104	0
20	104	0
21	104	0
22	104	0
23	104	0
0	105	5
1	105	0
2	105	6
3	105	5
4	105	9
5	105	6
6	105	0
7	105	2
8	105	0
9	105	2
10	105	0
11	105	3
12	105	2
13	105	7
14	105	0
15	105	0
16	105	3
17	105	0
18	105	0
19	105	0
20	105	0
21	105	0
22	105	2
23	105	2
0	106	1
1	106	1
2	106	1
3	106	7
4	106	2
5	106	2
6	106	5
7	106	1
8	106	3
9	106	2
10	106	0
11	106	2
12	106	2
13	106	3
14	106	1
15	106	0
16	106	0
17	106	0
18	106	0
19	106	1
20	106	0
21	106	0
22	106	1
23	106	3
0	107	3
1	107	0
2	107	0
3	107	3
4	107	3
5	107	3
6	107	0
7	107	0
8	107	3
9	107	0
10	107	0
11	107	0
12	107	0
13	107	3
14	107	0
15	107	0
16	107	0
17	107	0
18	107	0
19	107	0
20	107	0
21	107	0
22	107	3
23	107	0
0	108	0
1	108	0
2	108	0
3	108	0
4	108	0
5	108	0
6	108	0
7	108	0
8	108	0
9	108	0
10	108	0
11	108	0
12	108	0
13	108	0
14	108	0
15	108	0
16	108	0
17	108	0
18	108	0
19	108	0
20	108	0
21	108	0
22	108	0
23	108	0
0	109	0
1	109	0
2	109	0
3	109	2
4	109	4
5	109	2
6	109	0
7	109	2
8	109	0
9	109	0
10	109	0
11	109	2
12	109	2
13	109	2
14	109	0
15	109	0
16	109	0
17	109	0
18	109	0
19	109	0
20	109	2
21	109	2
22	109	0
23	109	0
0	110	10
1	110	51
2	110	19
3	110	0
4	110	0
5	110	0
6	110	0
7	110	10
8	110	0
9	110	0
10	110	10
11	110	0
12	110	0
13	110	10
14	110	0
15	110	0
16	110	0
17	110	0
18	110	0
19	110	0
20	110	0
21	110	0
22	110	0
23	110	10
0	111	0
1	111	0
2	111	0
3	111	0
4	111	0
5	111	0
6	111	0
7	111	0
8	111	0
9	111	0
10	111	0
11	111	0
12	111	0
13	111	0
14	111	0
15	111	0
16	111	0
17	111	0
18	111	0
19	111	0
20	111	0
21	111	0
22	111	0
23	111	0
0	112	3
1	112	3
2	112	2
3	112	2
4	112	2
5	112	0
6	112	6
7	112	0
8	112	0
9	112	2
10	112	3
11	112	12
12	112	6
13	112	6
14	112	3
15	112	2
16	112	0
17	112	0
18	112	0
19	112	0
20	112	0
21	112	0
22	112	0
23	112	0
0	113	1
1	113	2
2	113	4
3	113	2
4	113	3
5	113	3
6	113	4
7	113	2
8	113	1
9	113	0
10	113	3
11	113	5
12	113	4
13	113	4
14	113	3
15	113	2
16	113	1
17	113	0
18	113	0
19	113	0
20	113	0
21	113	0
22	113	0
23	113	0
0	114	0
1	114	0
2	114	11
3	114	0
4	114	0
5	114	21
6	114	0
7	114	11
8	114	0
9	114	0
10	114	0
11	114	0
12	114	0
13	114	0
14	114	0
15	114	0
16	114	0
17	114	0
18	114	0
19	114	0
20	114	0
21	114	0
22	114	0
23	114	0
0	115	0
1	115	0
2	115	0
3	115	0
4	115	0
5	115	0
6	115	0
7	115	0
8	115	0
9	115	0
10	115	0
11	115	0
12	115	0
13	115	0
14	115	0
15	115	0
16	115	0
17	115	0
18	115	0
19	115	0
20	115	0
21	115	0
22	115	0
23	115	0
0	116	0
1	116	0
2	116	0
3	116	0
4	116	0
5	116	0
6	116	0
7	116	0
8	116	0
9	116	0
10	116	0
11	116	0
12	116	0
13	116	0
14	116	0
15	116	0
16	116	0
17	116	0
18	116	0
19	116	0
20	116	0
21	116	0
22	116	0
23	116	0
0	117	0
1	117	0
2	117	0
3	117	0
4	117	0
5	117	0
6	117	0
7	117	0
8	117	0
9	117	0
10	117	0
11	117	0
12	117	0
13	117	0
14	117	0
15	117	0
16	117	0
17	117	0
18	117	0
19	117	0
20	117	0
21	117	0
22	117	0
23	117	27
0	118	0
1	118	0
2	118	0
3	118	0
4	118	0
5	118	0
6	118	0
7	118	0
8	118	0
9	118	0
10	118	0
11	118	0
12	118	64
13	118	0
14	118	0
15	118	0
16	118	0
17	118	0
18	118	0
19	118	0
20	118	0
21	118	0
22	118	0
23	118	0
0	119	0
1	119	0
2	119	0
3	119	0
4	119	0
5	119	18
6	119	0
7	119	0
8	119	0
9	119	0
10	119	0
11	119	18
12	119	0
13	119	0
14	119	0
15	119	0
16	119	0
17	119	0
18	119	0
19	119	0
20	119	0
21	119	0
22	119	0
23	119	0
0	120	0
1	120	0
2	120	0
3	120	0
4	120	0
5	120	0
6	120	0
7	120	0
8	120	0
9	120	0
10	120	0
11	120	0
12	120	0
13	120	0
14	120	0
15	120	0
16	120	0
17	120	0
18	120	0
19	120	0
20	120	0
21	120	0
22	120	0
23	120	0
0	121	0
1	121	0
2	121	0
3	121	0
4	121	0
5	121	13
6	121	13
7	121	0
8	121	0
9	121	0
10	121	13
11	121	0
12	121	13
13	121	0
14	121	13
15	121	13
16	121	0
17	121	0
18	121	0
19	121	0
20	121	0
21	121	0
22	121	0
23	121	0
0	122	0
1	122	0
2	122	0
3	122	0
4	122	0
5	122	0
6	122	0
7	122	6
8	122	0
9	122	27
10	122	16
11	122	0
12	122	0
13	122	0
14	122	6
15	122	0
16	122	0
17	122	0
18	122	0
19	122	0
20	122	0
21	122	0
22	122	0
23	122	0
0	123	3
1	123	2
2	123	2
3	123	3
4	123	4
5	123	4
6	123	1
7	123	3
8	123	2
9	123	3
10	123	4
11	123	1
12	123	2
13	123	2
14	123	3
15	123	1
16	123	2
17	123	1
18	123	1
19	123	1
20	123	1
21	123	0
22	123	1
23	123	2
0	124	0
1	124	0
2	124	0
3	124	0
4	124	0
5	124	0
6	124	0
7	124	9
8	124	0
9	124	0
10	124	0
11	124	0
12	124	0
13	124	0
14	124	0
15	124	0
16	124	0
17	124	0
18	124	0
19	124	0
20	124	0
21	124	0
22	124	0
23	124	0
0	125	0
1	125	0
2	125	0
3	125	0
4	125	0
5	125	0
6	125	0
7	125	0
8	125	0
9	125	0
10	125	0
11	125	0
12	125	0
13	125	0
14	125	0
15	125	0
16	125	0
17	125	0
18	125	0
19	125	0
20	125	0
21	125	0
22	125	0
23	125	0
0	126	0
1	126	0
2	126	0
3	126	14
4	126	0
5	126	0
6	126	0
7	126	0
8	126	0
9	126	0
10	126	0
11	126	0
12	126	0
13	126	0
14	126	0
15	126	0
16	126	0
17	126	0
18	126	0
19	126	0
20	126	0
21	126	0
22	126	0
23	126	0
0	127	0
1	127	0
2	127	0
3	127	0
4	127	0
5	127	0
6	127	0
7	127	0
8	127	14
9	127	0
10	127	0
11	127	0
12	127	0
13	127	0
14	127	0
15	127	0
16	127	0
17	127	0
18	127	0
19	127	0
20	127	0
21	127	0
22	127	0
23	127	0
0	128	7
1	128	0
2	128	0
3	128	4
4	128	0
5	128	4
6	128	4
7	128	0
8	128	0
9	128	0
10	128	7
11	128	4
12	128	0
13	128	0
14	128	0
15	128	4
16	128	0
17	128	0
18	128	0
19	128	0
20	128	0
21	128	0
22	128	0
23	128	0
0	129	0
1	129	0
2	129	12
3	129	0
4	129	0
5	129	12
6	129	0
7	129	0
8	129	0
9	129	12
10	129	12
11	129	0
12	129	0
13	129	0
14	129	0
15	129	0
16	129	0
17	129	0
18	129	0
19	129	0
20	129	0
21	129	0
22	129	0
23	129	0
0	130	0
1	130	0
2	130	0
3	130	0
4	130	0
5	130	0
6	130	0
7	130	0
8	130	0
9	130	0
10	130	0
11	130	0
12	130	0
13	130	0
14	130	0
15	130	0
16	130	0
17	130	0
18	130	0
19	130	0
20	130	0
21	130	0
22	130	0
23	130	0
0	131	0
1	131	0
2	131	0
3	131	0
4	131	0
5	131	0
6	131	0
7	131	0
8	131	16
9	131	0
10	131	0
11	131	16
12	131	0
13	131	0
14	131	0
15	131	0
16	131	0
17	131	0
18	131	0
19	131	0
20	131	0
21	131	0
22	131	0
23	131	0
0	132	1
1	132	0
2	132	0
3	132	3
4	132	1
5	132	5
6	132	3
7	132	2
8	132	2
9	132	1
10	132	1
11	132	1
12	132	3
13	132	3
14	132	2
15	132	3
16	132	2
17	132	1
18	132	1
19	132	1
20	132	1
21	132	0
22	132	1
23	132	0
0	133	0
1	133	0
2	133	0
3	133	0
4	133	4
5	133	7
6	133	4
7	133	0
8	133	7
9	133	4
10	133	0
11	133	4
12	133	0
13	133	10
14	133	4
15	133	0
16	133	0
17	133	4
18	133	0
19	133	0
20	133	0
21	133	4
22	133	0
23	133	0
0	134	0
1	134	0
2	134	11
3	134	0
4	134	0
5	134	3
6	134	8
7	134	3
8	134	0
9	134	0
10	134	11
11	134	0
12	134	3
13	134	3
14	134	3
15	134	3
16	134	0
17	134	0
18	134	0
19	134	0
20	134	0
21	134	0
22	134	0
23	134	6
0	135	0
1	135	0
2	135	0
3	135	0
4	135	0
5	135	0
6	135	0
7	135	0
8	135	0
9	135	0
10	135	14
11	135	0
12	135	0
13	135	0
14	135	0
15	135	14
16	135	0
17	135	0
18	135	0
19	135	0
20	135	0
21	135	0
22	135	0
23	135	0
0	136	0
1	136	0
2	136	0
3	136	0
4	136	0
5	136	0
6	136	0
7	136	0
8	136	0
9	136	0
10	136	0
11	136	0
12	136	0
13	136	0
14	136	0
15	136	0
16	136	0
17	136	0
18	136	0
19	136	0
20	136	0
21	136	0
22	136	0
23	136	0
0	137	0
1	137	0
2	137	0
3	137	0
4	137	0
5	137	0
6	137	0
7	137	0
8	137	0
9	137	0
10	137	0
11	137	0
12	137	0
13	137	0
14	137	0
15	137	0
16	137	0
17	137	0
18	137	0
19	137	0
20	137	0
21	137	0
22	137	0
23	137	0
0	138	0
1	138	0
2	138	0
3	138	0
4	138	0
5	138	0
6	138	0
7	138	0
8	138	0
9	138	25
10	138	0
11	138	0
12	138	0
13	138	0
14	138	0
15	138	0
16	138	0
17	138	0
18	138	0
19	138	0
20	138	0
21	138	0
22	138	0
23	138	0
0	139	0
1	139	0
2	139	0
3	139	0
4	139	0
5	139	0
6	139	0
7	139	0
8	139	0
9	139	0
10	139	0
11	139	15
12	139	8
13	139	0
14	139	0
15	139	0
16	139	0
17	139	0
18	139	0
19	139	0
20	139	0
21	139	0
22	139	0
23	139	0
0	140	0
1	140	0
2	140	0
3	140	0
4	140	0
5	140	0
6	140	0
7	140	0
8	140	0
9	140	0
10	140	0
11	140	0
12	140	0
13	140	28
14	140	0
15	140	0
16	140	0
17	140	0
18	140	0
19	140	0
20	140	0
21	140	0
22	140	0
23	140	0
0	141	0
1	141	0
2	141	0
3	141	0
4	141	0
5	141	0
6	141	0
7	141	0
8	141	0
9	141	0
10	141	0
11	141	0
12	141	0
13	141	0
14	141	0
15	141	0
16	141	0
17	141	0
18	141	0
19	141	0
20	141	0
21	141	0
22	141	0
23	141	0
0	142	0
1	142	0
2	142	0
3	142	0
4	142	0
5	142	0
6	142	0
7	142	0
8	142	0
9	142	0
10	142	0
11	142	0
12	142	0
13	142	15
14	142	29
15	142	0
16	142	0
17	142	0
18	142	0
19	142	0
20	142	0
21	142	0
22	142	0
23	142	0
0	143	0
1	143	0
2	143	0
3	143	0
4	143	0
5	143	0
6	143	0
7	143	0
8	143	0
9	143	0
10	143	0
11	143	0
12	143	0
13	143	0
14	143	0
15	143	0
16	143	0
17	143	0
18	143	0
19	143	0
20	143	0
21	143	0
22	143	0
23	143	0
0	144	0
1	144	0
2	144	0
3	144	0
4	144	0
5	144	0
6	144	0
7	144	0
8	144	0
9	144	0
10	144	0
11	144	0
12	144	0
13	144	0
14	144	51
15	144	0
16	144	0
17	144	0
18	144	0
19	144	0
20	144	0
21	144	0
22	144	0
23	144	0
0	145	0
1	145	1
2	145	1
3	145	2
4	145	0
5	145	3
6	145	3
7	145	1
8	145	3
9	145	1
10	145	3
11	145	2
12	145	0
13	145	3
14	145	3
15	145	0
16	145	1
17	145	0
18	145	0
19	145	0
20	145	2
21	145	2
22	145	1
23	145	2
0	146	0
1	146	0
2	146	5
3	146	5
4	146	12
5	146	12
6	146	12
7	146	5
8	146	5
9	146	12
10	146	5
11	146	0
12	146	0
13	146	0
14	146	5
15	146	5
16	146	0
17	146	0
18	146	0
19	146	0
20	146	5
21	146	0
22	146	0
23	146	0
0	147	0
1	147	0
2	147	0
3	147	0
4	147	0
5	147	0
6	147	0
7	147	0
8	147	0
9	147	0
10	147	0
11	147	0
12	147	0
13	147	0
14	147	0
15	147	0
16	147	0
17	147	0
18	147	0
19	147	0
20	147	0
21	147	0
22	147	0
23	147	0
0	148	0
1	148	1
2	148	2
3	148	0
4	148	0
5	148	5
6	148	1
7	148	2
8	148	4
9	148	3
10	148	2
11	148	2
12	148	3
13	148	1
14	148	0
15	148	0
16	148	1
17	148	0
18	148	0
19	148	0
20	148	1
21	148	0
22	148	0
23	148	0
0	149	0
1	149	1
2	149	1
3	149	2
4	149	1
5	149	0
6	149	2
7	149	2
8	149	1
9	149	1
10	149	3
11	149	3
12	149	1
13	149	1
14	149	3
15	149	2
16	149	1
17	149	0
18	149	0
19	149	0
20	149	0
21	149	0
22	149	3
23	149	0
0	150	0
1	150	0
2	150	0
3	150	7
4	150	0
5	150	0
6	150	0
7	150	0
8	150	23
9	150	7
10	150	0
11	150	0
12	150	35
13	150	0
14	150	7
15	150	0
16	150	0
17	150	7
18	150	0
19	150	4
20	150	0
21	150	0
22	150	0
23	150	0
0	151	0
1	151	0
2	151	0
3	151	0
4	151	0
5	151	0
6	151	0
7	151	0
8	151	0
9	151	0
10	151	0
11	151	0
12	151	0
13	151	0
14	151	0
15	151	0
16	151	0
17	151	0
18	151	0
19	151	0
20	151	0
21	151	0
22	151	0
23	151	0
0	152	0
1	152	0
2	152	0
3	152	0
4	152	0
5	152	0
6	152	0
7	152	0
8	152	0
9	152	0
10	152	0
11	152	0
12	152	0
13	152	0
14	152	0
15	152	0
16	152	0
17	152	0
18	152	0
19	152	0
20	152	0
21	152	0
22	152	0
23	152	0
0	153	0
1	153	0
2	153	0
3	153	0
4	153	0
5	153	0
6	153	0
7	153	0
8	153	0
9	153	0
10	153	0
11	153	0
12	153	0
13	153	0
14	153	0
15	153	0
16	153	0
17	153	0
18	153	0
19	153	0
20	153	0
21	153	0
22	153	0
23	153	0
0	154	0
1	154	0
2	154	0
3	154	0
4	154	0
5	154	0
6	154	0
7	154	0
8	154	0
9	154	0
10	154	0
11	154	0
12	154	0
13	154	0
14	154	0
15	154	0
16	154	0
17	154	0
18	154	0
19	154	0
20	154	0
21	154	0
22	154	0
23	154	0
0	155	1
1	155	2
2	155	2
3	155	2
4	155	1
5	155	2
6	155	2
7	155	2
8	155	2
9	155	2
10	155	2
11	155	2
12	155	2
13	155	2
14	155	2
15	155	2
16	155	2
17	155	1
18	155	1
19	155	1
20	155	1
21	155	2
22	155	1
23	155	2
0	156	1
1	156	1
2	156	1
3	156	1
4	156	1
5	156	2
6	156	1
7	156	2
8	156	1
9	156	1
10	156	1
11	156	1
12	156	1
13	156	1
14	156	2
15	156	1
16	156	1
17	156	1
18	156	1
19	156	1
20	156	1
21	156	1
22	156	1
23	156	1
0	157	0
1	157	3
2	157	5
3	157	0
4	157	0
5	157	0
6	157	5
7	157	0
8	157	0
9	157	3
10	157	0
11	157	0
12	157	3
13	157	0
14	157	0
15	157	3
16	157	3
17	157	0
18	157	0
19	157	0
20	157	0
21	157	0
22	157	0
23	157	0
0	158	0
1	158	0
2	158	10
3	158	0
4	158	0
5	158	0
6	158	0
7	158	0
8	158	0
9	158	0
10	158	0
11	158	0
12	158	0
13	158	0
14	158	0
15	158	0
16	158	20
17	158	0
18	158	0
19	158	0
20	158	0
21	158	0
22	158	0
23	158	0
0	159	0
1	159	0
2	159	0
3	159	0
4	159	0
5	159	0
6	159	0
7	159	0
8	159	0
9	159	0
10	159	0
11	159	0
12	159	0
13	159	0
14	159	0
15	159	0
16	159	0
17	159	0
18	159	0
19	159	0
20	159	0
21	159	0
22	159	0
23	159	0
0	160	0
1	160	2
2	160	0
3	160	0
4	160	0
5	160	0
6	160	0
7	160	0
8	160	0
9	160	0
10	160	4
11	160	2
12	160	0
13	160	6
14	160	4
15	160	8
16	160	0
17	160	0
18	160	0
19	160	0
20	160	0
21	160	4
22	160	0
23	160	0
0	161	1
1	161	1
2	161	2
3	161	2
4	161	1
5	161	1
6	161	1
7	161	1
8	161	2
9	161	1
10	161	1
11	161	1
12	161	2
13	161	1
14	161	3
15	161	1
16	161	1
17	161	1
18	161	1
19	161	1
20	161	1
21	161	1
22	161	1
23	161	1
0	162	0
1	162	0
2	162	0
3	162	0
4	162	0
5	162	0
6	162	0
7	162	10
8	162	10
9	162	0
10	162	0
11	162	10
12	162	0
13	162	0
14	162	10
15	162	0
16	162	0
17	162	0
18	162	0
19	162	0
20	162	0
21	162	0
22	162	0
23	162	0
0	163	0
1	163	0
2	163	0
3	163	2
4	163	0
5	163	2
6	163	0
7	163	0
8	163	2
9	163	2
10	163	0
11	163	2
12	163	2
13	163	0
14	163	2
15	163	2
16	163	2
17	163	0
18	163	2
19	163	0
20	163	0
21	163	0
22	163	0
23	163	0
0	164	2
1	164	0
2	164	2
3	164	0
4	164	4
5	164	0
6	164	2
7	164	2
8	164	0
9	164	0
10	164	0
11	164	2
12	164	0
13	164	0
14	164	0
15	164	0
16	164	0
17	164	0
18	164	0
19	164	0
20	164	0
21	164	0
22	164	0
23	164	0
0	165	0
1	165	0
2	165	0
3	165	0
4	165	0
5	165	0
6	165	0
7	165	0
8	165	0
9	165	0
10	165	0
11	165	0
12	165	0
13	165	0
14	165	0
15	165	0
16	165	0
17	165	0
18	165	0
19	165	0
20	165	0
21	165	0
22	165	0
23	165	0
0	166	0
1	166	0
2	166	0
3	166	0
4	166	0
5	166	0
6	166	0
7	166	0
8	166	0
9	166	0
10	166	0
11	166	0
12	166	0
13	166	0
14	166	0
15	166	0
16	166	0
17	166	0
18	166	0
19	166	0
20	166	0
21	166	0
22	166	0
23	166	0
0	167	10
1	167	2
2	167	2
3	167	2
4	167	0
5	167	0
6	167	0
7	167	0
8	167	7
9	167	2
10	167	2
11	167	2
12	167	0
13	167	4
14	167	2
15	167	0
16	167	0
17	167	0
18	167	0
19	167	0
20	167	5
21	167	0
22	167	2
23	167	2
0	168	1
1	168	1
2	168	2
3	168	0
4	168	0
5	168	3
6	168	0
7	168	2
8	168	3
9	168	1
10	168	1
11	168	2
12	168	0
13	168	2
14	168	4
15	168	0
16	168	0
17	168	3
18	168	0
19	168	0
20	168	0
21	168	1
22	168	2
23	168	1
0	169	2
1	169	1
2	169	1
3	169	2
4	169	3
5	169	2
6	169	2
7	169	2
8	169	2
9	169	1
10	169	3
11	169	3
12	169	2
13	169	2
14	169	2
15	169	1
16	169	1
17	169	1
18	169	1
19	169	1
20	169	1
21	169	1
22	169	1
23	169	1
0	170	0
1	170	0
2	170	0
3	170	0
4	170	0
5	170	0
6	170	0
7	170	0
8	170	0
9	170	0
10	170	0
11	170	6
12	170	6
13	170	0
14	170	0
15	170	0
16	170	0
17	170	0
18	170	0
19	170	0
20	170	0
21	170	0
22	170	0
23	170	0
0	171	0
1	171	0
2	171	0
3	171	0
4	171	0
5	171	0
6	171	0
7	171	0
8	171	0
9	171	0
10	171	0
11	171	0
12	171	0
13	171	0
14	171	0
15	171	0
16	171	0
17	171	0
18	171	0
19	171	0
20	171	0
21	171	0
22	171	0
23	171	28
0	172	0
1	172	0
2	172	0
3	172	0
4	172	0
5	172	0
6	172	0
7	172	9
8	172	0
9	172	0
10	172	0
11	172	0
12	172	0
13	172	0
14	172	0
15	172	9
16	172	0
17	172	0
18	172	0
19	172	0
20	172	0
21	172	0
22	172	0
23	172	0
0	173	0
1	173	0
2	173	0
3	173	0
4	173	0
5	173	0
6	173	0
7	173	55
8	173	0
9	173	0
10	173	0
11	173	20
12	173	0
13	173	0
14	173	0
15	173	0
16	173	0
17	173	0
18	173	0
19	173	0
20	173	0
21	173	0
22	173	0
23	173	0
0	174	0
1	174	0
2	174	0
3	174	11
4	174	0
5	174	0
6	174	0
7	174	0
8	174	11
9	174	0
10	174	0
11	174	0
12	174	0
13	174	0
14	174	0
15	174	0
16	174	0
17	174	11
18	174	0
19	174	0
20	174	0
21	174	11
22	174	0
23	174	0
0	175	0
1	175	0
2	175	0
3	175	0
4	175	0
5	175	0
6	175	0
7	175	0
8	175	0
9	175	0
10	175	0
11	175	0
12	175	0
13	175	0
14	175	0
15	175	0
16	175	0
17	175	0
18	175	0
19	175	0
20	175	0
21	175	0
22	175	0
23	175	0
0	176	0
1	176	0
2	176	0
3	176	0
4	176	0
5	176	0
6	176	0
7	176	0
8	176	0
9	176	0
10	176	0
11	176	0
12	176	0
13	176	0
14	176	0
15	176	0
16	176	0
17	176	40
18	176	0
19	176	0
20	176	0
21	176	0
22	176	0
23	176	0
0	177	0
1	177	0
2	177	0
3	177	0
4	177	0
5	177	0
6	177	10
7	177	0
8	177	0
9	177	0
10	177	0
11	177	0
12	177	0
13	177	0
14	177	0
15	177	0
16	177	0
17	177	0
18	177	0
19	177	0
20	177	0
21	177	0
22	177	0
23	177	0
0	178	0
1	178	0
2	178	0
3	178	0
4	178	0
5	178	0
6	178	0
7	178	0
8	178	0
9	178	0
10	178	0
11	178	0
12	178	0
13	178	0
14	178	0
15	178	0
16	178	0
17	178	0
18	178	0
19	178	0
20	178	0
21	178	0
22	178	0
23	178	0
0	179	0
1	179	5
2	179	0
3	179	0
4	179	0
5	179	0
6	179	0
7	179	0
8	179	0
9	179	0
10	179	0
11	179	5
12	179	0
13	179	0
14	179	0
15	179	0
16	179	5
17	179	0
18	179	0
19	179	0
20	179	0
21	179	0
22	179	0
23	179	0
0	180	1
1	180	2
2	180	1
3	180	0
4	180	0
5	180	3
6	180	3
7	180	2
8	180	2
9	180	5
10	180	3
11	180	3
12	180	3
13	180	3
14	180	4
15	180	1
16	180	2
17	180	0
18	180	0
19	180	0
20	180	0
21	180	1
22	180	2
23	180	0
0	181	0
1	181	0
2	181	0
3	181	0
4	181	0
5	181	0
6	181	0
7	181	0
8	181	0
9	181	0
10	181	0
11	181	0
12	181	0
13	181	0
14	181	0
15	181	0
16	181	0
17	181	0
18	181	0
19	181	0
20	181	0
21	181	0
22	181	0
23	181	0
0	182	0
1	182	0
2	182	0
3	182	0
4	182	0
5	182	0
6	182	0
7	182	0
8	182	0
9	182	0
10	182	0
11	182	0
12	182	0
13	182	0
14	182	0
15	182	0
16	182	0
17	182	0
18	182	0
19	182	0
20	182	0
21	182	0
22	182	0
23	182	0
0	183	0
1	183	0
2	183	0
3	183	0
4	183	0
5	183	0
6	183	0
7	183	0
8	183	0
9	183	0
10	183	0
11	183	0
12	183	0
13	183	0
14	183	0
15	183	0
16	183	0
17	183	0
18	183	0
19	183	0
20	183	0
21	183	0
22	183	0
23	183	0
0	184	0
1	184	0
2	184	0
3	184	0
4	184	0
5	184	0
6	184	0
7	184	0
8	184	0
9	184	0
10	184	0
11	184	0
12	184	0
13	184	0
14	184	0
15	184	0
16	184	0
17	184	0
18	184	0
19	184	0
20	184	0
21	184	0
22	184	0
23	184	0
0	185	2
1	185	1
2	185	1
3	185	1
4	185	1
5	185	2
6	185	2
7	185	2
8	185	2
9	185	2
10	185	2
11	185	1
12	185	2
13	185	2
14	185	1
15	185	2
16	185	1
17	185	1
18	185	1
19	185	0
20	185	0
21	185	1
22	185	2
23	185	1
0	186	0
1	186	0
2	186	0
3	186	0
4	186	20
5	186	0
6	186	0
7	186	20
8	186	0
9	186	0
10	186	0
11	186	0
12	186	0
13	186	0
14	186	0
15	186	0
16	186	0
17	186	0
18	186	0
19	186	0
20	186	0
21	186	0
22	186	0
23	186	0
0	187	0
1	187	0
2	187	0
3	187	0
4	187	0
5	187	0
6	187	0
7	187	0
8	187	0
9	187	0
10	187	0
11	187	0
12	187	0
13	187	0
14	187	0
15	187	0
16	187	0
17	187	0
18	187	0
19	187	0
20	187	0
21	187	0
22	187	0
23	187	0
0	188	5
1	188	0
2	188	5
3	188	0
4	188	0
5	188	0
6	188	2
7	188	0
8	188	3
9	188	0
10	188	4
11	188	0
12	188	4
13	188	3
14	188	3
15	188	5
16	188	0
17	188	0
18	188	0
19	188	0
20	188	0
21	188	0
22	188	0
23	188	6
0	189	0
1	189	0
2	189	0
3	189	0
4	189	0
5	189	0
6	189	0
7	189	0
8	189	0
9	189	0
10	189	0
11	189	0
12	189	0
13	189	0
14	189	0
15	189	0
16	189	0
17	189	0
18	189	0
19	189	0
20	189	0
21	189	0
22	189	0
23	189	0
0	190	3
1	190	4
2	190	1
3	190	2
4	190	3
5	190	1
6	190	1
7	190	0
8	190	1
9	190	1
10	190	3
11	190	1
12	190	3
13	190	4
14	190	1
15	190	1
16	190	3
17	190	4
18	190	0
19	190	0
20	190	0
21	190	2
22	190	5
23	190	3
0	191	5
1	191	5
2	191	0
3	191	5
4	191	9
5	191	0
6	191	0
7	191	0
8	191	0
9	191	9
10	191	0
11	191	5
12	191	0
13	191	0
14	191	5
15	191	0
16	191	0
17	191	5
18	191	0
19	191	0
20	191	0
21	191	0
22	191	0
23	191	0
0	192	8
1	192	0
2	192	0
3	192	0
4	192	0
5	192	0
6	192	8
7	192	0
8	192	0
9	192	0
10	192	4
11	192	0
12	192	0
13	192	0
14	192	0
15	192	0
16	192	0
17	192	0
18	192	0
19	192	0
20	192	0
21	192	0
22	192	0
23	192	0
0	193	0
1	193	0
2	193	0
3	193	0
4	193	0
5	193	0
6	193	6
7	193	0
8	193	0
9	193	0
10	193	6
11	193	0
12	193	12
13	193	12
14	193	6
15	193	0
16	193	0
17	193	0
18	193	0
19	193	0
20	193	0
21	193	0
22	193	0
23	193	0
0	194	7
1	194	0
2	194	0
3	194	7
4	194	0
5	194	0
6	194	0
7	194	7
8	194	0
9	194	0
10	194	0
11	194	0
12	194	0
13	194	0
14	194	0
15	194	0
16	194	0
17	194	0
18	194	0
19	194	0
20	194	0
21	194	0
22	194	0
23	194	0
0	195	0
1	195	0
2	195	0
3	195	0
4	195	0
5	195	0
6	195	0
7	195	0
8	195	0
9	195	0
10	195	0
11	195	0
12	195	27
13	195	0
14	195	0
15	195	0
16	195	0
17	195	0
18	195	0
19	195	0
20	195	0
21	195	0
22	195	0
23	195	0
0	196	13
1	196	0
2	196	0
3	196	0
4	196	0
5	196	0
6	196	0
7	196	0
8	196	0
9	196	0
10	196	0
11	196	0
12	196	0
13	196	0
14	196	0
15	196	0
16	196	0
17	196	0
18	196	0
19	196	0
20	196	0
21	196	0
22	196	0
23	196	0
0	197	0
1	197	0
2	197	0
3	197	0
4	197	0
5	197	0
6	197	64
7	197	0
8	197	0
9	197	0
10	197	0
11	197	0
12	197	0
13	197	0
14	197	0
15	197	0
16	197	0
17	197	0
18	197	0
19	197	0
20	197	0
21	197	0
22	197	0
23	197	0
0	198	2
1	198	2
2	198	4
3	198	3
4	198	2
5	198	1
6	198	4
7	198	3
8	198	4
9	198	2
10	198	1
11	198	4
12	198	3
13	198	5
14	198	1
15	198	1
16	198	1
17	198	0
18	198	2
19	198	0
20	198	0
21	198	1
22	198	1
23	198	2
0	199	0
1	199	8
2	199	0
3	199	0
4	199	0
5	199	0
6	199	8
7	199	0
8	199	0
9	199	0
10	199	8
11	199	0
12	199	0
13	199	0
14	199	0
15	199	0
16	199	0
17	199	0
18	199	0
19	199	0
20	199	0
21	199	0
22	199	8
23	199	0
0	200	0
1	200	0
2	200	0
3	200	0
4	200	0
5	200	0
6	200	0
7	200	0
8	200	0
9	200	0
10	200	0
11	200	0
12	200	0
13	200	0
14	200	0
15	200	0
16	200	0
17	200	0
18	200	0
19	200	0
20	200	0
21	200	0
22	200	0
23	200	0
0	201	0
1	201	0
2	201	0
3	201	0
4	201	0
5	201	0
6	201	0
7	201	0
8	201	0
9	201	0
10	201	0
11	201	0
12	201	0
13	201	0
14	201	0
15	201	0
16	201	0
17	201	0
18	201	0
19	201	0
20	201	0
21	201	0
22	201	0
23	201	0
0	202	0
1	202	0
2	202	0
3	202	0
4	202	0
5	202	0
6	202	0
7	202	0
8	202	0
9	202	0
10	202	0
11	202	0
12	202	0
13	202	0
14	202	0
15	202	0
16	202	0
17	202	0
18	202	0
19	202	0
20	202	0
21	202	0
22	202	0
23	202	0
0	203	0
1	203	0
2	203	0
3	203	0
4	203	0
5	203	0
6	203	0
7	203	0
8	203	0
9	203	0
10	203	0
11	203	0
12	203	0
13	203	0
14	203	0
15	203	0
16	203	0
17	203	0
18	203	0
19	203	0
20	203	0
21	203	0
22	203	0
23	203	0
0	204	0
1	204	0
2	204	0
3	204	0
4	204	0
5	204	0
6	204	0
7	204	0
8	204	0
9	204	0
10	204	0
11	204	0
12	204	0
13	204	0
14	204	0
15	204	0
16	204	0
17	204	0
18	204	0
19	204	0
20	204	0
21	204	0
22	204	0
23	204	0
0	205	9
1	205	0
2	205	0
3	205	0
4	205	0
5	205	0
6	205	0
7	205	9
8	205	0
9	205	9
10	205	24
11	205	9
12	205	9
13	205	24
14	205	0
15	205	9
16	205	0
17	205	0
18	205	0
19	205	0
20	205	0
21	205	0
22	205	0
23	205	9
0	206	0
1	206	0
2	206	0
3	206	0
4	206	0
5	206	0
6	206	20
7	206	0
8	206	0
9	206	0
10	206	0
11	206	11
12	206	0
13	206	0
14	206	11
15	206	0
16	206	0
17	206	0
18	206	0
19	206	0
20	206	0
21	206	0
22	206	0
23	206	0
0	207	0
1	207	0
2	207	0
3	207	0
4	207	0
5	207	0
6	207	0
7	207	0
8	207	0
9	207	0
10	207	0
11	207	0
12	207	0
13	207	26
14	207	0
15	207	0
16	207	0
17	207	0
18	207	0
19	207	0
20	207	0
21	207	0
22	207	0
23	207	0
0	208	2
1	208	1
2	208	1
3	208	2
4	208	2
5	208	2
6	208	1
7	208	3
8	208	0
9	208	1
10	208	1
11	208	2
12	208	1
13	208	2
14	208	3
15	208	1
16	208	2
17	208	0
18	208	1
19	208	0
20	208	1
21	208	1
22	208	2
23	208	3
0	209	0
1	209	9
2	209	0
3	209	0
4	209	9
5	209	0
6	209	9
7	209	9
8	209	0
9	209	0
10	209	0
11	209	0
12	209	0
13	209	0
14	209	0
15	209	0
16	209	0
17	209	0
18	209	0
19	209	0
20	209	0
21	209	0
22	209	9
23	209	0
0	210	0
1	210	0
2	210	0
3	210	0
4	210	0
5	210	0
6	210	14
7	210	0
8	210	0
9	210	0
10	210	0
11	210	0
12	210	0
13	210	0
14	210	0
15	210	0
16	210	0
17	210	0
18	210	0
19	210	0
20	210	0
21	210	0
22	210	0
23	210	0
0	211	2
1	211	3
2	211	0
3	211	0
4	211	2
5	211	2
6	211	5
7	211	1
8	211	3
9	211	3
10	211	2
11	211	2
12	211	0
13	211	3
14	211	2
15	211	2
16	211	1
17	211	0
18	211	0
19	211	1
20	211	0
21	211	0
22	211	2
23	211	0
0	212	0
1	212	0
2	212	0
3	212	21
4	212	0
5	212	21
6	212	0
7	212	0
8	212	0
9	212	0
10	212	21
11	212	0
12	212	0
13	212	0
14	212	11
15	212	0
16	212	0
17	212	0
18	212	0
19	212	0
20	212	0
21	212	0
22	212	0
23	212	0
0	213	2
1	213	2
2	213	2
3	213	2
4	213	2
5	213	2
6	213	2
7	213	2
8	213	2
9	213	2
10	213	2
11	213	3
12	213	3
13	213	3
14	213	2
15	213	2
16	213	1
17	213	1
18	213	1
19	213	1
20	213	1
21	213	1
22	213	1
23	213	1
0	214	0
1	214	0
2	214	0
3	214	0
4	214	0
5	214	0
6	214	0
7	214	0
8	214	0
9	214	0
10	214	0
11	214	0
12	214	0
13	214	0
14	214	0
15	214	0
16	214	0
17	214	0
18	214	0
19	214	0
20	214	0
21	214	0
22	214	0
23	214	0
0	215	4
1	215	2
2	215	2
3	215	0
4	215	0
5	215	0
6	215	0
7	215	0
8	215	2
9	215	0
10	215	2
11	215	0
12	215	2
13	215	4
14	215	0
15	215	0
16	215	0
17	215	0
18	215	0
19	215	0
20	215	0
21	215	0
22	215	0
23	215	2
0	216	0
1	216	0
2	216	0
3	216	0
4	216	0
5	216	0
6	216	0
7	216	0
8	216	0
9	216	0
10	216	0
11	216	0
12	216	0
13	216	0
14	216	0
15	216	0
16	216	0
17	216	0
18	216	0
19	216	0
20	216	0
21	216	0
22	216	0
23	216	0
0	217	0
1	217	0
2	217	0
3	217	0
4	217	0
5	217	0
6	217	9
7	217	0
8	217	0
9	217	0
10	217	9
11	217	0
12	217	0
13	217	0
14	217	0
15	217	0
16	217	0
17	217	9
18	217	0
19	217	0
20	217	0
21	217	0
22	217	0
23	217	0
0	218	0
1	218	0
2	218	0
3	218	0
4	218	0
5	218	0
6	218	0
7	218	0
8	218	0
9	218	0
10	218	0
11	218	0
12	218	0
13	218	0
14	218	0
15	218	0
16	218	0
17	218	0
18	218	0
19	218	0
20	218	0
21	218	0
22	218	0
23	218	0
0	219	0
1	219	11
2	219	0
3	219	6
4	219	0
5	219	0
6	219	0
7	219	6
8	219	16
9	219	0
10	219	0
11	219	0
12	219	11
13	219	0
14	219	0
15	219	0
16	219	0
17	219	0
18	219	0
19	219	0
20	219	0
21	219	0
22	219	0
23	219	0
0	220	0
1	220	2
2	220	0
3	220	6
4	220	2
5	220	2
6	220	6
7	220	0
8	220	2
9	220	0
10	220	4
11	220	2
12	220	2
13	220	4
14	220	7
15	220	0
16	220	2
17	220	0
18	220	0
19	220	0
20	220	0
21	220	0
22	220	0
23	220	0
0	221	2
1	221	2
2	221	2
3	221	2
4	221	3
5	221	2
6	221	2
7	221	2
8	221	2
9	221	3
10	221	2
11	221	2
12	221	3
13	221	4
14	221	2
15	221	1
16	221	1
17	221	1
18	221	2
19	221	1
20	221	1
21	221	2
22	221	1
23	221	2
0	222	0
1	222	0
2	222	0
3	222	5
4	222	9
5	222	0
6	222	0
7	222	5
8	222	0
9	222	0
10	222	5
11	222	5
12	222	0
13	222	5
14	222	0
15	222	0
16	222	5
17	222	0
18	222	0
19	222	0
20	222	0
21	222	0
22	222	0
23	222	0
0	223	2
1	223	2
2	223	3
3	223	5
4	223	0
5	223	8
6	223	4
7	223	4
8	223	2
9	223	5
10	223	2
11	223	3
12	223	3
13	223	2
14	223	0
15	223	2
16	223	0
17	223	0
18	223	0
19	223	0
20	223	0
21	223	0
22	223	0
23	223	5
0	224	0
1	224	0
2	224	0
3	224	0
4	224	0
5	224	0
6	224	0
7	224	0
8	224	0
9	224	0
10	224	0
11	224	0
12	224	0
13	224	0
14	224	0
15	224	0
16	224	0
17	224	0
18	224	0
19	224	0
20	224	0
21	224	0
22	224	0
23	224	0
0	225	0
1	225	0
2	225	0
3	225	0
4	225	0
5	225	0
6	225	0
7	225	0
8	225	0
9	225	0
10	225	0
11	225	0
12	225	0
13	225	0
14	225	0
15	225	0
16	225	0
17	225	0
18	225	0
19	225	0
20	225	0
21	225	0
22	225	0
23	225	0
0	226	2
1	226	1
2	226	2
3	226	7
4	226	3
5	226	2
6	226	2
7	226	1
8	226	1
9	226	1
10	226	1
11	226	4
12	226	4
13	226	4
14	226	2
15	226	2
16	226	1
17	226	1
18	226	1
19	226	1
20	226	1
21	226	1
22	226	1
23	226	2
0	227	0
1	227	0
2	227	0
3	227	0
4	227	0
5	227	0
6	227	0
7	227	0
8	227	0
9	227	0
10	227	0
11	227	0
12	227	0
13	227	0
14	227	0
15	227	0
16	227	0
17	227	0
18	227	0
19	227	0
20	227	0
21	227	0
22	227	0
23	227	0
0	228	9
1	228	5
2	228	0
3	228	0
4	228	0
5	228	0
6	228	13
7	228	0
8	228	0
9	228	0
10	228	0
11	228	0
12	228	0
13	228	9
14	228	0
15	228	0
16	228	0
17	228	0
18	228	0
19	228	0
20	228	0
21	228	0
22	228	0
23	228	0
0	229	2
1	229	2
2	229	8
3	229	3
4	229	5
5	229	0
6	229	1
7	229	2
8	229	2
9	229	2
10	229	4
11	229	4
12	229	2
13	229	3
14	229	0
15	229	2
16	229	2
17	229	1
18	229	1
19	229	0
20	229	1
21	229	2
22	229	1
23	229	2
0	230	0
1	230	2
2	230	4
3	230	0
4	230	0
5	230	2
6	230	2
7	230	0
8	230	0
9	230	4
10	230	8
11	230	0
12	230	2
13	230	6
14	230	0
15	230	0
16	230	0
17	230	0
18	230	0
19	230	0
20	230	0
21	230	2
22	230	2
23	230	0
0	231	0
1	231	0
2	231	0
3	231	0
4	231	0
5	231	0
6	231	0
7	231	0
8	231	0
9	231	0
10	231	0
11	231	0
12	231	0
13	231	0
14	231	0
15	231	0
16	231	0
17	231	0
18	231	0
19	231	0
20	231	0
21	231	0
22	231	0
23	231	0
0	232	0
1	232	5
2	232	3
3	232	2
4	232	0
5	232	6
6	232	0
7	232	0
8	232	0
9	232	3
10	232	2
11	232	0
12	232	0
13	232	3
14	232	0
15	232	14
16	232	0
17	232	0
18	232	3
19	232	0
20	232	0
21	232	0
22	232	2
23	232	0
0	233	0
1	233	0
2	233	0
3	233	8
4	233	0
5	233	0
6	233	0
7	233	0
8	233	0
9	233	8
10	233	0
11	233	0
12	233	0
13	233	0
14	233	0
15	233	0
16	233	0
17	233	0
18	233	0
19	233	0
20	233	0
21	233	0
22	233	0
23	233	0
0	234	0
1	234	0
2	234	0
3	234	0
4	234	0
5	234	0
6	234	0
7	234	0
8	234	0
9	234	0
10	234	18
11	234	0
12	234	0
13	234	0
14	234	0
15	234	0
16	234	0
17	234	0
18	234	0
19	234	0
20	234	0
21	234	0
22	234	0
23	234	0
0	235	0
1	235	0
2	235	0
3	235	0
4	235	0
5	235	0
6	235	0
7	235	0
8	235	0
9	235	0
10	235	0
11	235	0
12	235	0
13	235	0
14	235	0
15	235	0
16	235	0
17	235	0
18	235	0
19	235	0
20	235	0
21	235	0
22	235	0
23	235	0
0	236	0
1	236	0
2	236	6
3	236	0
4	236	0
5	236	0
6	236	0
7	236	2
8	236	0
9	236	2
10	236	3
11	236	8
12	236	2
13	236	4
14	236	2
15	236	6
16	236	0
17	236	0
18	236	0
19	236	0
20	236	2
21	236	0
22	236	0
23	236	0
0	237	2
1	237	0
2	237	1
3	237	2
4	237	1
5	237	1
6	237	2
7	237	0
8	237	1
9	237	0
10	237	1
11	237	0
12	237	1
13	237	1
14	237	2
15	237	0
16	237	0
17	237	0
18	237	1
19	237	2
20	237	0
21	237	1
22	237	1
23	237	2
0	238	2
1	238	1
2	238	2
3	238	1
4	238	0
5	238	1
6	238	2
7	238	2
8	238	3
9	238	4
10	238	1
11	238	2
12	238	3
13	238	4
14	238	2
15	238	1
16	238	2
17	238	2
18	238	1
19	238	1
20	238	0
21	238	1
22	238	0
23	238	1
0	239	0
1	239	0
2	239	4
3	239	4
4	239	0
5	239	0
6	239	4
7	239	0
8	239	0
9	239	0
10	239	4
11	239	0
12	239	8
13	239	0
14	239	4
15	239	0
16	239	0
17	239	4
18	239	0
19	239	0
20	239	0
21	239	0
22	239	0
23	239	0
0	240	2
1	240	0
2	240	1
3	240	0
4	240	0
5	240	0
6	240	2
7	240	2
8	240	0
9	240	2
10	240	0
11	240	4
12	240	0
13	240	1
14	240	1
15	240	0
16	240	2
17	240	0
18	240	0
19	240	0
20	240	0
21	240	0
22	240	1
23	240	3
0	241	2
1	241	1
2	241	2
3	241	2
4	241	1
5	241	1
6	241	2
7	241	1
8	241	1
9	241	2
10	241	2
11	241	4
12	241	2
13	241	3
14	241	3
15	241	1
16	241	1
17	241	1
18	241	0
19	241	1
20	241	0
21	241	2
22	241	1
23	241	2
0	242	0
1	242	0
2	242	0
3	242	0
4	242	0
5	242	0
6	242	0
7	242	0
8	242	0
9	242	0
10	242	0
11	242	0
12	242	0
13	242	0
14	242	0
15	242	0
16	242	0
17	242	0
18	242	0
19	242	0
20	242	0
21	242	0
22	242	0
23	242	0
0	243	0
1	243	0
2	243	0
3	243	8
4	243	0
5	243	0
6	243	0
7	243	0
8	243	0
9	243	0
10	243	0
11	243	15
12	243	8
13	243	15
14	243	15
15	243	0
16	243	0
17	243	0
18	243	0
19	243	0
20	243	0
21	243	0
22	243	8
23	243	0
0	244	0
1	244	0
2	244	0
3	244	0
4	244	0
5	244	0
6	244	18
7	244	0
8	244	0
9	244	0
10	244	0
11	244	0
12	244	0
13	244	0
14	244	0
15	244	0
16	244	0
17	244	0
18	244	0
19	244	0
20	244	0
21	244	0
22	244	0
23	244	0
0	245	0
1	245	0
2	245	0
3	245	0
4	245	0
5	245	0
6	245	0
7	245	0
8	245	0
9	245	0
10	245	0
11	245	0
12	245	0
13	245	0
14	245	0
15	245	0
16	245	0
17	245	0
18	245	0
19	245	0
20	245	0
21	245	0
22	245	0
23	245	0
0	246	0
1	246	0
2	246	19
3	246	0
4	246	0
5	246	0
6	246	0
7	246	0
8	246	0
9	246	0
10	246	19
11	246	0
12	246	0
13	246	0
14	246	0
15	246	0
16	246	0
17	246	0
18	246	0
19	246	0
20	246	0
21	246	0
22	246	0
23	246	0
0	247	2
1	247	2
2	247	2
3	247	2
4	247	3
5	247	2
6	247	2
7	247	1
8	247	3
9	247	3
10	247	3
11	247	4
12	247	2
13	247	2
14	247	5
15	247	2
16	247	1
17	247	1
18	247	2
19	247	0
20	247	0
21	247	2
22	247	1
23	247	1
0	248	0
1	248	0
2	248	17
3	248	0
4	248	0
5	248	9
6	248	0
7	248	0
8	248	0
9	248	9
10	248	9
11	248	0
12	248	0
13	248	0
14	248	0
15	248	0
16	248	0
17	248	0
18	248	0
19	248	0
20	248	0
21	248	0
22	248	0
23	248	0
0	249	0
1	249	0
2	249	0
3	249	0
4	249	0
5	249	0
6	249	0
7	249	0
8	249	0
9	249	0
10	249	12
11	249	0
12	249	0
13	249	0
14	249	0
15	249	0
16	249	0
17	249	0
18	249	0
19	249	0
20	249	0
21	249	0
22	249	0
23	249	0
0	250	0
1	250	0
2	250	0
3	250	0
4	250	0
5	250	0
6	250	0
7	250	0
8	250	0
9	250	0
10	250	0
11	250	0
12	250	0
13	250	0
14	250	0
15	250	0
16	250	0
17	250	0
18	250	0
19	250	0
20	250	0
21	250	0
22	250	0
23	250	0
0	251	0
1	251	230
2	251	0
3	251	0
4	251	0
5	251	0
6	251	0
7	251	0
8	251	0
9	251	0
10	251	0
11	251	0
12	251	0
13	251	0
14	251	0
15	251	0
16	251	0
17	251	0
18	251	0
19	251	0
20	251	0
21	251	0
22	251	0
23	251	0
0	252	2
1	252	2
2	252	2
3	252	2
4	252	2
5	252	2
6	252	2
7	252	2
8	252	2
9	252	2
10	252	2
11	252	3
12	252	2
13	252	3
14	252	2
15	252	2
16	252	2
17	252	1
18	252	1
19	252	1
20	252	1
21	252	1
22	252	1
23	252	2
