Counts for Samsung(12) in Croatia(9):
Hour	Location Index	Count
0	0	0
1	0	0
2	0	0
3	0	0
4	0	0
5	0	0
6	0	0
7	0	12
8	0	0
9	0	23
10	0	23
11	0	0
12	0	23
13	0	23
14	0	54
15	0	34
16	0	54
17	0	34
18	0	54
19	0	34
20	0	44
21	0	80
22	0	0
23	0	0
0	1	0
1	1	0
2	1	0
3	1	0
4	1	8
5	1	8
6	1	0
7	1	15
8	1	22
9	1	8
10	1	0
11	1	8
12	1	22
13	1	22
14	1	22
15	1	22
16	1	8
17	1	0
18	1	42
19	1	42
20	1	29
21	1	15
22	1	22
23	1	22
0	2	0
1	2	0
2	2	0
3	2	0
4	2	0
5	2	10
6	2	0
7	2	0
8	2	10
9	2	18
10	2	0
11	2	0
12	2	10
13	2	10
14	2	0
15	2	10
16	2	35
17	2	18
18	2	27
19	2	50
20	2	0
21	2	27
22	2	0
23	2	0
0	3	0
1	3	4
2	3	2
3	3	2
4	3	6
5	3	9
6	3	22
7	3	19
8	3	15
9	3	18
10	3	14
11	3	6
12	3	25
13	3	36
14	3	14
15	3	18
16	3	25
17	3	28
18	3	24
19	3	24
20	3	18
21	3	9
22	3	9
23	3	6
0	4	0
1	4	0
2	4	0
3	4	0
4	4	0
5	4	0
6	4	51
7	4	0
8	4	91
9	4	149
10	4	0
11	4	0
12	4	51
13	4	0
14	4	51
15	4	0
16	4	0
17	4	0
18	4	91
19	4	91
20	4	0
21	4	0
22	4	0
23	4	0
0	5	0
1	5	0
2	5	0
3	5	4
4	5	4
5	5	13
6	5	4
7	5	15
8	5	10
9	5	27
10	5	12
11	5	20
12	5	21
13	5	5
14	5	26
15	5	7
16	5	27
17	5	7
18	5	30
19	5	30
20	5	23
21	5	32
22	5	7
23	5	0
0	6	0
1	6	51
2	6	0
3	6	0
4	6	0
5	6	0
6	6	0
7	6	51
8	6	0
9	6	0
10	6	0
11	6	51
12	6	0
13	6	19
14	6	51
15	6	0
16	6	0
17	6	0
18	6	19
19	6	0
20	6	0
21	6	19
22	6	0
23	6	19
0	7	0
1	7	0
2	7	0
3	7	42
4	7	0
5	7	0
6	7	0
7	7	0
8	7	42
9	7	0
10	7	0
11	7	0
12	7	0
13	7	42
14	7	42
15	7	0
16	7	0
17	7	0
18	7	0
19	7	77
20	7	0
21	7	0
22	7	0
23	7	0
0	8	3
1	8	0
2	8	2
3	8	2
4	8	6
5	8	3
6	8	17
7	8	20
8	8	21
9	8	21
10	8	12
11	8	18
12	8	13
13	8	18
14	8	26
15	8	24
16	8	13
17	8	20
18	8	26
19	8	29
20	8	20
21	8	13
22	8	20
23	8	0
0	9	0
1	9	0
2	9	0
3	9	0
4	9	0
5	9	0
6	9	28
7	9	10
8	9	36
9	9	0
10	9	28
11	9	10
12	9	10
13	9	19
14	9	0
15	9	10
16	9	0
17	9	19
18	9	0
19	9	36
20	9	28
21	9	19
22	9	0
23	9	0
0	10	15
1	10	0
2	10	0
3	10	0
4	10	0
5	10	0
6	10	15
7	10	0
8	10	0
9	10	15
10	10	0
11	10	15
12	10	0
13	10	29
14	10	66
15	10	0
16	10	29
17	10	87
18	10	15
19	10	15
20	10	42
21	10	0
22	10	0
23	10	0
0	11	0
1	11	0
2	11	0
3	11	0
4	11	18
5	11	0
6	11	18
7	11	12
8	11	12
9	11	6
10	11	23
11	11	29
12	11	23
13	11	23
14	11	18
15	11	12
16	11	6
17	11	23
18	11	39
19	11	23
20	11	12
21	11	6
22	11	0
23	11	0
0	12	0
1	12	0
2	12	0
3	12	0
4	12	0
5	12	0
6	12	27
7	12	0
8	12	14
9	12	27
10	12	0
11	12	40
12	12	40
13	12	14
14	12	73
15	12	27
16	12	40
17	12	0
18	12	14
19	12	51
20	12	0
21	12	0
22	12	0
23	12	0
0	13	0
1	13	0
2	13	0
3	13	12
4	13	0
5	13	0
6	13	34
7	13	0
8	13	0
9	13	23
10	13	0
11	13	0
12	13	0
13	13	23
14	13	12
15	13	12
16	13	23
17	13	0
18	13	0
19	13	53
20	13	12
21	13	23
22	13	0
23	13	0
0	14	0
1	14	0
2	14	25
3	14	25
4	14	25
5	14	0
6	14	0
7	14	13
8	14	0
9	14	0
10	14	0
11	14	0
12	14	46
13	14	0
14	14	25
15	14	13
16	14	13
17	14	25
18	14	0
19	14	25
20	14	13
21	14	0
22	14	0
23	14	0
0	15	0
1	15	0
2	15	19
3	15	0
4	15	0
5	15	10
6	15	14
7	15	10
8	15	10
9	15	10
10	15	36
11	15	27
12	15	32
13	15	23
14	15	14
15	15	10
16	15	10
17	15	5
18	15	0
19	15	23
20	15	14
21	15	14
22	15	14
23	15	0
0	16	6
1	16	0
2	16	0
3	16	0
4	16	0
5	16	6
6	16	6
7	16	27
8	16	0
9	16	0
10	16	6
11	16	6
12	16	42
13	16	22
14	16	27
15	16	32
16	16	17
17	16	22
18	16	17
19	16	42
20	16	17
21	16	6
22	16	6
23	16	17
0	17	0
1	17	0
2	17	0
3	17	0
4	17	0
5	17	4
6	17	37
7	17	26
8	17	43
9	17	46
10	17	20
11	17	23
12	17	26
13	17	13
14	17	43
15	17	17
16	17	17
17	17	0
18	17	10
19	17	17
20	17	23
21	17	7
22	17	4
23	17	0
0	18	0
1	18	4
2	18	5
3	18	4
4	18	7
5	18	14
6	18	23
7	18	16
8	18	22
9	18	23
10	18	17
11	18	29
12	18	29
13	18	16
14	18	25
15	18	14
16	18	14
17	18	22
18	18	23
19	18	32
20	18	37
21	18	25
22	18	10
23	18	8
0	19	0
1	19	0
2	19	0
3	19	0
4	19	0
5	19	39
6	19	0
7	19	0
8	19	0
9	19	39
10	19	0
11	19	0
12	19	0
13	19	0
14	19	0
15	19	0
16	19	0
17	19	21
18	19	21
19	19	0
20	19	100
21	19	86
22	19	0
23	19	0
0	20	0
1	20	0
2	20	0
3	20	0
4	20	0
5	20	0
6	20	53
7	20	0
8	20	0
9	20	0
10	20	28
11	20	0
12	20	28
13	20	0
14	20	0
15	20	0
16	20	0
17	20	28
18	20	28
19	20	53
20	20	0
21	20	0
22	20	28
23	20	28
0	21	0
1	21	0
2	21	0
3	21	0
4	21	0
5	21	13
6	21	13
7	21	0
8	21	0
9	21	7
10	21	7
11	21	25
12	21	0
13	21	25
14	21	25
15	21	7
16	21	13
17	21	0
18	21	47
19	21	52
20	21	19
21	21	0
22	21	0
23	21	7
0	22	0
1	22	0
2	22	0
3	22	0
4	22	0
5	22	57
6	22	0
7	22	0
8	22	30
9	22	16
10	22	16
11	22	0
12	22	0
13	22	0
14	22	0
15	22	16
16	22	0
17	22	0
18	22	16
19	22	16
20	22	16
21	22	16
22	22	0
23	22	0
0	23	0
1	23	0
2	23	0
3	23	0
4	23	0
5	23	20
6	23	10
7	23	0
8	23	37
9	23	37
10	23	20
11	23	20
12	23	29
13	23	76
14	23	29
15	23	0
16	23	46
17	23	20
18	23	29
19	23	69
20	23	20
21	23	29
22	23	20
23	23	0
0	24	0
1	24	0
2	24	0
3	24	5
4	24	13
5	24	21
6	24	21
7	24	17
8	24	21
9	24	40
10	24	29
11	24	13
12	24	13
13	24	9
14	24	13
15	24	29
16	24	5
17	24	17
18	24	17
19	24	29
20	24	9
21	24	5
22	24	13
23	24	0
0	25	0
1	25	0
2	25	0
3	25	0
4	25	0
5	25	0
6	25	0
7	25	0
8	25	0
9	25	14
10	25	0
11	25	27
12	25	14
13	25	0
14	25	0
15	25	0
16	25	14
17	25	0
18	25	0
19	25	14
20	25	27
21	25	0
22	25	0
23	25	0
0	26	0
1	26	0
2	26	0
3	26	23
4	26	8
5	26	0
6	26	8
7	26	23
8	26	8
9	26	23
10	26	23
11	26	8
12	26	8
13	26	8
14	26	37
15	26	30
16	26	8
17	26	16
18	26	8
19	26	56
20	26	37
21	26	16
22	26	0
23	26	16
0	27	0
1	27	0
2	27	15
3	27	0
4	27	0
5	27	0
6	27	0
7	27	15
8	27	0
9	27	40
10	27	0
11	27	28
12	27	52
13	27	15
14	27	15
15	27	28
16	27	0
17	27	28
18	27	0
19	27	40
20	27	40
21	27	15
22	27	64
23	27	0
0	28	0
1	28	0
2	28	0
3	28	0
4	28	0
5	28	0
6	28	17
7	28	17
8	28	0
9	28	0
10	28	0
11	28	0
12	28	0
13	28	17
14	28	17
15	28	32
16	28	60
17	28	0
18	28	0
19	28	32
20	28	0
21	28	0
22	28	0
23	28	17
0	29	2
1	29	0
2	29	2
3	29	2
4	29	0
5	29	5
6	29	14
7	29	18
8	29	6
9	29	19
10	29	19
11	29	14
12	29	22
13	29	26
14	29	28
15	29	18
16	29	28
17	29	14
18	29	25
19	29	28
20	29	16
21	29	17
22	29	7
23	29	3
0	30	0
1	30	0
2	30	0
3	30	0
4	30	0
5	30	8
6	30	8
7	30	8
8	30	8
9	30	21
10	30	21
11	30	21
12	30	27
13	30	8
14	30	14
15	30	63
16	30	8
17	30	21
18	30	14
19	30	34
20	30	21
21	30	8
22	30	14
23	30	0
0	31	0
1	31	0
2	31	0
3	31	0
4	31	0
5	31	0
6	31	0
7	31	61
8	31	0
9	31	0
10	31	120
11	31	0
12	31	0
13	31	0
14	31	93
15	31	23
16	31	0
17	31	23
18	31	0
19	31	61
20	31	0
21	31	23
22	31	43
23	31	0
0	32	0
1	32	9
2	32	0
3	32	0
4	32	9
5	32	0
6	32	18
7	32	0
8	32	0
9	32	9
10	32	0
11	32	9
12	32	9
13	32	0
14	32	18
15	32	9
16	32	42
17	32	0
18	32	0
19	32	0
20	32	34
21	32	42
22	32	18
23	32	0
0	33	0
1	33	0
2	33	0
3	33	19
4	33	19
5	33	0
6	33	0
7	33	0
8	33	0
9	33	0
10	33	0
11	33	67
12	33	19
13	33	0
14	33	81
15	33	67
16	33	0
17	33	36
18	33	36
19	33	0
20	33	19
21	33	19
22	33	0
23	33	52
0	34	0
1	34	0
2	34	0
3	34	0
4	34	0
5	34	0
6	34	22
7	34	42
8	34	22
9	34	33
10	34	12
11	34	22
12	34	0
13	34	12
14	34	33
15	34	0
16	34	0
17	34	22
18	34	22
19	34	33
20	34	0
21	34	42
22	34	0
23	34	33
0	35	3
1	35	0
2	35	0
3	35	3
4	35	22
5	35	13
6	35	13
7	35	15
8	35	17
9	35	15
10	35	24
11	35	24
12	35	28
13	35	8
14	35	8
15	35	28
16	35	5
17	35	13
18	35	22
19	35	13
20	35	15
21	35	10
22	35	15
23	35	5
0	36	0
1	36	0
2	36	0
3	36	0
4	36	9
5	36	15
6	36	7
7	36	13
8	36	15
9	36	11
10	36	9
11	36	11
12	36	17
13	36	27
14	36	9
15	36	19
16	36	21
17	36	27
18	36	23
19	36	29
20	36	9
21	36	19
22	36	27
23	36	3
0	37	0
1	37	0
2	37	0
3	37	0
4	37	19
5	37	0
6	37	0
7	37	0
8	37	36
9	37	19
10	37	0
11	37	0
12	37	36
13	37	51
14	37	0
15	37	0
16	37	36
17	37	0
18	37	0
19	37	19
20	37	19
21	37	66
22	37	0
23	37	0
0	38	0
1	38	0
2	38	0
3	38	0
4	38	0
5	38	0
6	38	0
7	38	15
8	38	15
9	38	30
10	38	43
11	38	15
12	38	0
13	38	15
14	38	15
15	38	30
16	38	15
17	38	15
18	38	67
19	38	78
20	38	0
21	38	30
22	38	0
23	38	0
0	39	19
1	39	0
2	39	0
3	39	0
4	39	0
5	39	19
6	39	0
7	39	0
8	39	0
9	39	0
10	39	0
11	39	0
12	39	37
13	39	19
14	39	0
15	39	19
16	39	0
17	39	68
18	39	0
19	39	19
20	39	82
21	39	19
22	39	0
23	39	0
0	40	0
1	40	0
2	40	0
3	40	0
4	40	7
5	40	24
6	40	36
7	40	13
8	40	24
9	40	19
10	40	24
11	40	13
12	40	13
13	40	19
14	40	24
15	40	19
16	40	19
17	40	24
18	40	19
19	40	24
20	40	0
21	40	0
22	40	13
23	40	19
0	41	0
1	41	0
2	41	3
3	41	0
4	41	9
5	41	3
6	41	26
7	41	30
8	41	15
9	41	20
10	41	26
11	41	15
12	41	19
13	41	15
14	41	9
15	41	35
16	41	22
17	41	7
18	41	47
19	41	26
20	41	13
21	41	11
22	41	17
23	41	0
0	42	4
1	42	2
2	42	4
3	42	2
4	42	3
5	42	10
6	42	11
7	42	18
8	42	18
9	42	21
10	42	14
11	42	20
12	42	19
13	42	19
14	42	17
15	42	19
16	42	20
17	42	19
18	42	25
19	42	27
20	42	25
21	42	17
22	42	14
23	42	7
0	43	0
1	43	0
2	43	0
3	43	14
4	43	0
5	43	0
6	43	0
7	43	0
8	43	14
9	43	14
10	43	50
11	43	14
12	43	0
13	43	0
14	43	0
15	43	0
16	43	0
17	43	0
18	43	38
19	43	0
20	43	0
21	43	14
22	43	38
23	43	14
0	44	0
1	44	0
2	44	0
3	44	0
4	44	0
5	44	0
6	44	0
7	44	11
8	44	32
9	44	11
10	44	11
11	44	0
12	44	11
13	44	0
14	44	22
15	44	11
16	44	59
17	44	50
18	44	0
19	44	22
20	44	0
21	44	11
22	44	0
23	44	32
0	45	0
1	45	14
2	45	0
3	45	0
4	45	0
5	45	0
6	45	14
7	45	38
8	45	79
9	45	14
10	45	26
11	45	69
12	45	26
13	45	0
14	45	59
15	45	26
16	45	14
17	45	14
18	45	49
19	45	0
20	45	26
21	45	79
22	45	14
23	45	0
0	46	0
1	46	21
2	46	0
3	46	0
4	46	0
5	46	8
6	46	8
7	46	8
8	46	0
9	46	0
10	46	8
11	46	14
12	46	14
13	46	14
14	46	14
15	46	14
16	46	14
17	46	8
18	46	14
19	46	27
20	46	14
21	46	14
22	46	8
23	46	0
0	47	0
1	47	0
2	47	0
3	47	0
4	47	0
5	47	0
6	47	0
7	47	15
8	47	15
9	47	28
10	47	15
11	47	15
12	47	15
13	47	0
14	47	15
15	47	53
16	47	0
17	47	0
18	47	41
19	47	28
20	47	28
21	47	41
22	47	0
23	47	0
0	48	3
1	48	5
2	48	0
3	48	5
4	48	3
5	48	16
6	48	16
7	48	7
8	48	16
9	48	21
10	48	16
11	48	21
12	48	14
13	48	33
14	48	19
15	48	16
16	48	16
17	48	12
18	48	16
19	48	19
20	48	19
21	48	23
22	48	23
23	48	7
0	49	9
1	49	0
2	49	0
3	49	5
4	49	9
5	49	17
6	49	40
7	49	0
8	49	0
9	49	17
10	49	29
11	49	5
12	49	13
13	49	9
14	49	13
15	49	9
16	49	9
17	49	36
18	49	50
19	49	29
20	49	25
21	49	32
22	49	17
23	49	9
0	50	0
1	50	0
2	50	0
3	50	0
4	50	5
5	50	18
6	50	14
7	50	18
8	50	34
9	50	5
10	50	18
11	50	38
12	50	9
13	50	14
14	50	14
15	50	5
16	50	18
17	50	34
18	50	9
19	50	14
20	50	14
21	50	18
22	50	22
23	50	5
0	51	0
1	51	0
2	51	0
3	51	13
4	51	0
5	51	0
6	51	13
7	51	0
8	51	13
9	51	74
10	51	35
11	51	0
12	51	0
13	51	0
14	51	55
15	51	24
16	51	45
17	51	74
18	51	24
19	51	0
20	51	24
21	51	0
22	51	0
23	51	0
0	52	4
1	52	0
2	52	3
3	52	3
4	52	2
5	52	7
6	52	19
7	52	12
8	52	24
9	52	11
10	52	7
11	52	7
12	52	9
13	52	17
14	52	23
15	52	23
16	52	11
17	52	16
18	52	23
19	52	30
20	52	26
21	52	12
22	52	14
23	52	4
0	53	0
1	53	19
2	53	0
3	53	0
4	53	0
5	53	10
6	53	19
7	53	19
8	53	19
9	53	0
10	53	0
11	53	10
12	53	37
13	53	67
14	53	19
15	53	67
16	53	37
17	53	45
18	53	45
19	53	0
20	53	19
21	53	0
22	53	10
23	53	0
0	54	0
1	54	0
2	54	0
3	54	0
4	54	0
5	54	0
6	54	39
7	54	11
8	54	30
9	54	30
10	54	11
11	54	11
12	54	0
13	54	57
14	54	48
15	54	30
16	54	11
17	54	0
18	54	30
19	54	57
20	54	0
21	54	21
22	54	30
23	54	0
0	55	0
1	55	0
2	55	0
3	55	0
4	55	13
5	55	13
6	55	13
7	55	0
8	55	13
9	55	35
10	55	13
11	55	45
12	55	65
13	55	0
14	55	0
15	55	0
16	55	24
17	55	13
18	55	24
19	55	24
20	55	0
21	55	0
22	55	0
23	55	13
0	56	0
1	56	0
2	56	0
3	56	0
4	56	0
5	56	13
6	56	13
7	56	13
8	56	0
9	56	13
10	56	13
11	56	0
12	56	37
13	56	13
14	56	13
15	56	13
16	56	0
17	56	0
18	56	25
19	56	25
20	56	48
21	56	0
22	56	13
23	56	0
0	57	0
1	57	0
2	57	0
3	57	0
4	57	16
5	57	0
6	57	0
7	57	16
8	57	16
9	57	0
10	57	58
11	57	0
12	57	0
13	57	0
14	57	58
15	57	0
16	57	31
17	57	31
18	57	16
19	57	45
20	57	16
21	57	0
22	57	31
23	57	31
0	58	3
1	58	0
2	58	5
3	58	3
4	58	5
5	58	5
6	58	27
7	58	18
8	58	14
9	58	35
10	58	20
11	58	20
12	58	7
13	58	20
14	58	10
15	58	27
16	58	27
17	58	20
18	58	39
19	58	12
20	58	33
21	58	12
22	58	5
23	58	3
0	59	0
1	59	0
2	59	0
3	59	0
4	59	0
5	59	11
6	59	0
7	59	0
8	59	31
9	59	21
10	59	21
11	59	11
12	59	49
13	59	0
14	59	0
15	59	0
16	59	0
17	59	21
18	59	0
19	59	31
20	59	40
21	59	74
22	59	31
23	59	11
0	60	0
1	60	8
2	60	10
3	60	5
4	60	5
5	60	0
6	60	19
7	60	15
8	60	5
9	60	10
10	60	19
11	60	26
12	60	19
13	60	19
14	60	21
15	60	34
16	60	17
17	60	28
18	60	23
19	60	15
20	60	12
21	60	34
22	60	15
23	60	5
0	61	0
1	61	0
2	61	0
3	61	0
4	61	0
5	61	0
6	61	0
7	61	12
8	61	23
9	61	12
10	61	0
11	61	12
12	61	12
13	61	0
14	61	12
15	61	12
16	61	54
17	61	72
18	61	0
19	61	23
20	61	23
21	61	0
22	61	0
23	61	23
0	62	27
1	62	0
2	62	0
3	62	0
4	62	0
5	62	0
6	62	0
7	62	0
8	62	0
9	62	0
10	62	0
11	62	0
12	62	0
13	62	0
14	62	27
15	62	0
16	62	0
17	62	0
18	62	0
19	62	27
20	62	0
21	62	0
22	62	0
23	62	0
0	63	28
1	63	5
2	63	0
3	63	5
4	63	0
5	63	32
6	63	0
7	63	0
8	63	5
9	63	28
10	63	5
11	63	5
12	63	28
13	63	28
14	63	44
15	63	10
16	63	14
17	63	19
18	63	14
19	63	19
20	63	23
21	63	14
22	63	0
23	63	10
0	64	0
1	64	0
2	64	0
3	64	0
4	64	0
5	64	0
6	64	33
7	64	0
8	64	0
9	64	0
10	64	0
11	64	0
12	64	33
13	64	61
14	64	33
15	64	33
16	64	0
17	64	0
18	64	86
19	64	61
20	64	33
21	64	0
22	64	0
23	64	0
0	65	2
1	65	2
2	65	0
3	65	2
4	65	0
5	65	3
6	65	14
7	65	17
8	65	18
9	65	15
10	65	17
11	65	13
12	65	10
13	65	26
14	65	23
15	65	11
16	65	27
17	65	18
18	65	19
19	65	24
20	65	23
21	65	9
22	65	7
23	65	3
0	66	0
1	66	0
2	66	0
3	66	0
4	66	0
5	66	21
6	66	39
7	66	72
8	66	21
9	66	72
10	66	21
11	66	56
12	66	21
13	66	0
14	66	0
15	66	21
16	66	21
17	66	21
18	66	0
19	66	56
20	66	21
21	66	0
22	66	0
23	66	39
0	67	0
1	67	0
2	67	0
3	67	0
4	67	0
5	67	0
6	67	0
7	67	11
8	67	0
9	67	31
10	67	21
11	67	0
12	67	66
13	67	0
14	67	40
15	67	11
16	67	0
17	67	31
18	67	0
19	67	11
20	67	11
21	67	0
22	67	11
23	67	0
0	68	0
1	68	0
2	68	0
3	68	0
4	68	15
5	68	0
6	68	0
7	68	28
8	68	28
9	68	0
10	68	0
11	68	52
12	68	0
13	68	84
14	68	15
15	68	0
16	68	15
17	68	40
18	68	0
19	68	28
20	68	40
21	68	0
22	68	0
23	68	64
0	69	0
1	69	0
2	69	0
3	69	0
4	69	19
5	69	73
6	69	27
7	69	0
8	69	36
9	69	10
10	69	0
11	69	10
12	69	19
13	69	36
14	69	0
15	69	19
16	69	36
17	69	19
18	69	0
19	69	36
20	69	36
21	69	10
22	69	19
23	69	10
0	70	0
1	70	9
2	70	0
3	70	0
4	70	0
5	70	34
6	70	0
7	70	34
8	70	9
9	70	0
10	70	18
11	70	9
12	70	18
13	70	26
14	70	34
15	70	34
16	70	9
17	70	42
18	70	34
19	70	9
20	70	0
21	70	9
22	70	9
23	70	0
0	71	0
1	71	0
2	71	0
3	71	0
4	71	0
5	71	0
6	71	0
7	71	0
8	71	16
9	71	16
10	71	0
11	71	0
12	71	0
13	71	0
14	71	16
15	71	16
16	71	31
17	71	57
18	71	16
19	71	92
20	71	31
21	71	16
22	71	16
23	71	0
0	72	0
1	72	4
2	72	0
3	72	4
4	72	0
5	72	4
6	72	29
7	72	9
8	72	21
9	72	21
10	72	12
11	72	18
12	72	4
13	72	27
14	72	12
15	72	7
16	72	24
17	72	27
18	72	37
19	72	27
20	72	21
21	72	21
22	72	4
23	72	4
0	73	4
1	73	4
2	73	0
3	73	4
4	73	13
5	73	13
6	73	6
7	73	19
8	73	21
9	73	21
10	73	14
11	73	11
12	73	11
13	73	13
14	73	24
15	73	8
16	73	6
17	73	9
18	73	38
19	73	32
20	73	26
21	73	23
22	73	13
23	73	2
0	74	0
1	74	0
2	74	0
3	74	0
4	74	0
5	74	0
6	74	0
7	74	0
8	74	0
9	74	0
10	74	0
11	74	0
12	74	0
13	74	0
14	74	0
15	74	0
16	74	0
17	74	0
18	74	0
19	74	0
20	74	0
21	74	0
22	74	0
23	74	0
0	75	0
1	75	0
2	75	0
3	75	13
4	75	0
5	75	19
6	75	0
7	75	0
8	75	0
9	75	13
10	75	0
11	75	0
12	75	19
13	75	0
14	75	13
15	75	19
16	75	0
17	75	7
18	75	7
19	75	24
20	75	7
21	75	7
22	75	0
23	75	0
0	76	2
1	76	0
2	76	3
3	76	0
4	76	4
5	76	9
6	76	12
7	76	15
8	76	20
9	76	18
10	76	14
11	76	11
12	76	13
13	76	15
14	76	12
15	76	12
16	76	13
17	76	23
18	76	20
19	76	21
20	76	20
21	76	12
22	76	9
23	76	5
0	77	0
1	77	14
2	77	0
3	77	0
4	77	0
5	77	0
6	77	14
7	77	14
8	77	0
9	77	7
10	77	7
11	77	7
12	77	40
13	77	34
14	77	7
15	77	21
16	77	0
17	77	7
18	77	14
19	77	40
20	77	51
21	77	21
22	77	14
23	77	0
0	78	14
1	78	10
2	78	0
3	78	0
4	78	0
5	78	0
6	78	19
7	78	36
8	78	14
9	78	10
10	78	5
11	78	10
12	78	19
13	78	14
14	78	27
15	78	5
16	78	51
17	78	62
18	78	27
19	78	59
20	78	44
21	78	10
22	78	0
23	78	0
0	79	11
1	79	0
2	79	0
3	79	0
4	79	4
5	79	11
6	79	14
7	79	7
8	79	14
9	79	20
10	79	30
11	79	30
12	79	36
13	79	17
14	79	26
15	79	14
16	79	17
17	79	20
18	79	23
19	79	14
20	79	20
21	79	7
22	79	7
23	79	7
0	80	4
1	80	2
2	80	2
3	80	3
4	80	6
5	80	10
6	80	16
7	80	17
8	80	20
9	80	17
10	80	17
11	80	19
12	80	18
13	80	17
14	80	20
15	80	21
16	80	19
17	80	19
18	80	21
19	80	23
20	80	22
21	80	16
22	80	10
23	80	7
0	81	14
1	81	14
2	81	0
3	81	14
4	81	0
5	81	0
6	81	0
7	81	0
8	81	27
9	81	0
10	81	40
11	81	40
12	81	14
13	81	40
14	81	27
15	81	27
16	81	0
17	81	0
18	81	0
19	81	51
20	81	0
21	81	27
22	81	0
23	81	0
0	82	0
1	82	0
2	82	0
3	82	0
4	82	0
5	82	0
6	82	0
7	82	0
8	82	0
9	82	0
10	82	20
11	82	0
12	82	0
13	82	0
14	82	0
15	82	0
16	82	38
17	82	10
18	82	0
19	82	10
20	82	0
21	82	38
22	82	10
23	82	0
0	83	22
1	83	0
2	83	0
3	83	12
4	83	0
5	83	32
6	83	12
7	83	0
8	83	22
9	83	0
10	83	42
11	83	22
12	83	22
13	83	12
14	83	51
15	83	12
16	83	12
17	83	42
18	83	0
19	83	12
20	83	12
21	83	32
22	83	51
23	83	12
0	84	0
1	84	0
2	84	0
3	84	0
4	84	0
5	84	0
6	84	0
7	84	0
8	84	20
9	84	0
10	84	0
11	84	0
12	84	0
13	84	0
14	84	0
15	84	54
16	84	20
17	84	20
18	84	0
19	84	20
20	84	0
21	84	0
22	84	0
23	84	0
0	85	0
1	85	0
2	85	12
3	85	0
4	85	0
5	85	0
6	85	53
7	85	12
8	85	33
9	85	0
10	85	0
11	85	12
12	85	0
13	85	0
14	85	0
15	85	23
16	85	23
17	85	43
18	85	23
19	85	23
20	85	43
21	85	12
22	85	12
23	85	0
0	86	0
1	86	0
2	86	7
3	86	0
4	86	4
5	86	7
6	86	0
7	86	13
8	86	40
9	86	19
10	86	4
11	86	7
12	86	16
13	86	10
14	86	25
15	86	7
16	86	22
17	86	19
18	86	19
19	86	13
20	86	16
21	86	10
22	86	0
23	86	7
0	87	0
1	87	0
2	87	0
3	87	0
4	87	0
5	87	0
6	87	7
7	87	14
8	87	50
9	87	0
10	87	0
11	87	27
12	87	7
13	87	7
14	87	0
15	87	27
16	87	61
17	87	20
18	87	27
19	87	27
20	87	0
21	87	33
22	87	20
23	87	0
0	88	3
1	88	1
2	88	2
3	88	3
4	88	4
5	88	7
6	88	14
7	88	17
8	88	17
9	88	17
10	88	20
11	88	20
12	88	19
13	88	17
14	88	18
15	88	20
16	88	21
17	88	23
18	88	22
19	88	23
20	88	18
21	88	12
22	88	8
23	88	6
0	89	0
1	89	0
2	89	0
3	89	0
4	89	0
5	89	0
6	89	0
7	89	0
8	89	0
9	89	145
10	89	0
11	89	0
12	89	0
13	89	88
14	89	0
15	89	0
16	89	0
17	89	0
18	89	0
19	89	0
20	89	0
21	89	0
22	89	0
23	89	0
0	90	19
1	90	0
2	90	0
3	90	0
4	90	0
5	90	0
6	90	37
7	90	19
8	90	0
9	90	68
10	90	0
11	90	0
12	90	53
13	90	19
14	90	19
15	90	37
16	90	19
17	90	19
18	90	0
19	90	68
20	90	0
21	90	37
22	90	0
23	90	19
0	91	0
1	91	0
2	91	0
3	91	0
4	91	0
5	91	0
6	91	0
7	91	0
8	91	0
9	91	24
10	91	0
11	91	46
12	91	65
13	91	24
14	91	0
15	91	0
16	91	24
17	91	65
18	91	24
19	91	65
20	91	0
21	91	0
22	91	0
23	91	0
0	92	0
1	92	0
2	92	0
3	92	0
4	92	0
5	92	5
6	92	5
7	92	27
8	92	0
9	92	10
10	92	10
11	92	14
12	92	18
13	92	42
14	92	18
15	92	5
16	92	27
17	92	27
18	92	22
19	92	18
20	92	31
21	92	31
22	92	0
23	92	0
0	93	0
1	93	0
2	93	0
3	93	0
4	93	9
5	93	0
6	93	9
7	93	20
8	93	12
9	93	12
10	93	5
11	93	5
12	93	5
13	93	12
14	93	9
15	93	20
16	93	9
17	93	16
18	93	28
19	93	0
20	93	45
21	93	5
22	93	16
23	93	9
0	94	4
1	94	6
2	94	0
3	94	9
4	94	6
5	94	8
6	94	7
7	94	29
8	94	19
9	94	8
10	94	22
11	94	18
12	94	12
13	94	17
14	94	26
15	94	11
16	94	28
17	94	9
18	94	32
19	94	42
20	94	26
21	94	21
22	94	22
23	94	24
0	95	0
1	95	0
2	95	0
3	95	17
4	95	0
5	95	0
6	95	0
7	95	0
8	95	33
9	95	0
10	95	0
11	95	33
12	95	0
13	95	0
14	95	48
15	95	0
16	95	0
17	95	17
18	95	48
19	95	0
20	95	48
21	95	0
22	95	0
23	95	0
0	96	0
1	96	0
2	96	0
3	96	31
4	96	0
5	96	0
6	96	11
7	96	11
8	96	21
9	96	21
10	96	21
11	96	31
12	96	21
13	96	0
14	96	0
15	96	0
16	96	49
17	96	21
18	96	21
19	96	31
20	96	31
21	96	21
22	96	0
23	96	0
0	97	4
1	97	3
2	97	2
3	97	2
4	97	4
5	97	9
6	97	14
7	97	16
8	97	18
9	97	18
10	97	18
11	97	19
12	97	18
13	97	18
14	97	19
15	97	20
16	97	20
17	97	20
18	97	21
19	97	23
20	97	21
21	97	18
22	97	12
23	97	7
0	98	0
1	98	0
2	98	0
3	98	0
4	98	0
5	98	0
6	98	0
7	98	0
8	98	0
9	98	0
10	98	34
11	98	0
12	98	0
13	98	0
14	98	0
15	98	0
16	98	49
17	98	49
18	98	34
19	98	0
20	98	34
21	98	18
22	98	0
23	98	0
0	99	0
1	99	6
2	99	0
3	99	0
4	99	12
5	99	0
6	99	24
7	99	34
8	99	18
9	99	12
10	99	50
11	99	24
12	99	24
13	99	12
14	99	18
15	99	0
16	99	12
17	99	6
18	99	45
19	99	34
20	99	0
21	99	12
22	99	12
23	99	12
0	100	4
1	100	4
2	100	1
3	100	5
4	100	3
5	100	8
6	100	6
7	100	15
8	100	19
9	100	13
10	100	12
11	100	19
12	100	19
13	100	16
14	100	16
15	100	17
16	100	24
17	100	10
18	100	22
19	100	34
20	100	19
21	100	5
22	100	3
23	100	7
0	101	0
1	101	0
2	101	0
3	101	0
4	101	21
5	101	49
6	101	0
7	101	81
8	101	0
9	101	11
10	101	0
11	101	11
12	101	0
13	101	57
14	101	11
15	101	49
16	101	31
17	101	49
18	101	0
19	101	21
20	101	11
21	101	0
22	101	0
23	101	0
0	102	0
1	102	0
2	102	0
3	102	0
4	102	0
5	102	0
6	102	0
7	102	0
8	102	0
9	102	16
10	102	0
11	102	0
12	102	0
13	102	16
14	102	44
15	102	0
16	102	0
17	102	0
18	102	69
19	102	0
20	102	0
21	102	0
22	102	0
23	102	0
0	103	0
1	103	12
2	103	0
3	103	0
4	103	0
5	103	0
6	103	12
7	103	34
8	103	12
9	103	0
10	103	0
11	103	34
12	103	0
13	103	0
14	103	0
15	103	0
16	103	12
17	103	23
18	103	0
19	103	12
20	103	0
21	103	12
22	103	12
23	103	0
0	104	0
1	104	0
2	104	0
3	104	0
4	104	0
5	104	5
6	104	5
7	104	10
8	104	15
9	104	10
10	104	20
11	104	5
12	104	10
13	104	20
14	104	24
15	104	29
16	104	0
17	104	54
18	104	24
19	104	5
20	104	10
21	104	15
22	104	29
23	104	0
0	105	0
1	105	0
2	105	0
3	105	0
4	105	7
5	105	0
6	105	0
7	105	7
8	105	0
9	105	50
10	105	7
11	105	7
12	105	0
13	105	32
14	105	20
15	105	0
16	105	7
17	105	20
18	105	7
19	105	26
20	105	60
21	105	7
22	105	0
23	105	7
0	106	0
1	106	0
2	106	0
3	106	0
4	106	0
5	106	12
6	106	0
7	106	12
8	106	33
9	106	22
10	106	12
11	106	12
12	106	12
13	106	12
14	106	22
15	106	0
16	106	42
17	106	0
18	106	0
19	106	12
20	106	12
21	106	0
22	106	0
23	106	0
0	107	4
1	107	2
2	107	2
3	107	2
4	107	5
5	107	13
6	107	10
7	107	18
8	107	18
9	107	17
10	107	5
11	107	18
12	107	28
13	107	23
14	107	20
15	107	18
16	107	16
17	107	16
18	107	8
19	107	32
20	107	28
21	107	38
22	107	8
23	107	4
0	108	17
1	108	0
2	108	0
3	108	0
4	108	0
5	108	0
6	108	0
7	108	25
8	108	9
9	108	0
10	108	9
11	108	54
12	108	0
13	108	0
14	108	9
15	108	9
16	108	33
17	108	33
18	108	54
19	108	40
20	108	40
21	108	17
22	108	61
23	108	9
0	109	0
1	109	0
2	109	0
3	109	0
4	109	0
5	109	0
6	109	38
7	109	0
8	109	0
9	109	0
10	109	0
11	109	20
12	109	20
13	109	10
14	109	0
15	109	20
16	109	0
17	109	62
18	109	10
19	109	38
20	109	46
21	109	0
22	109	0
23	109	0
0	110	6
1	110	2
2	110	0
3	110	4
4	110	7
5	110	7
6	110	15
7	110	10
8	110	6
9	110	7
10	110	5
11	110	20
12	110	14
13	110	18
14	110	26
15	110	30
16	110	26
17	110	25
18	110	19
19	110	16
20	110	34
21	110	22
22	110	23
23	110	7
0	111	0
1	111	0
2	111	0
3	111	14
4	111	49
5	111	0
6	111	26
7	111	0
8	111	26
9	111	14
10	111	0
11	111	0
12	111	26
13	111	14
14	111	0
15	111	0
16	111	38
17	111	49
18	111	0
19	111	38
20	111	0
21	111	0
22	111	0
23	111	0
0	112	0
1	112	0
2	112	0
3	112	5
4	112	5
5	112	5
6	112	0
7	112	5
8	112	14
9	112	35
10	112	10
11	112	18
12	112	0
13	112	14
14	112	31
15	112	5
16	112	39
17	112	14
18	112	35
19	112	14
20	112	23
21	112	23
22	112	23
23	112	0
0	113	0
1	113	0
2	113	0
3	113	0
4	113	12
5	113	0
6	113	0
7	113	0
8	113	12
9	113	12
10	113	12
11	113	34
12	113	23
13	113	12
14	113	0
15	113	12
16	113	12
17	113	12
18	113	0
19	113	23
20	113	12
21	113	0
22	113	0
23	113	0
0	114	0
1	114	0
2	114	0
3	114	0
4	114	0
5	114	0
6	114	0
7	114	0
8	114	0
9	114	0
10	114	0
11	114	0
12	114	0
13	114	40
14	114	0
15	114	0
16	114	0
17	114	21
18	114	21
19	114	0
20	114	0
21	114	0
22	114	0
23	114	0
0	115	0
1	115	0
2	115	0
3	115	0
4	115	0
5	115	0
6	115	0
7	115	0
8	115	0
9	115	60
10	115	0
11	115	0
12	115	26
13	115	0
14	115	0
15	115	38
16	115	0
17	115	26
18	115	70
19	115	26
20	115	26
21	115	0
22	115	0
23	115	14
0	116	0
1	116	0
2	116	0
3	116	0
4	116	0
5	116	0
6	116	35
7	116	10
8	116	18
9	116	10
10	116	10
11	116	27
12	116	0
13	116	35
14	116	18
15	116	35
16	116	10
17	116	10
18	116	50
19	116	27
20	116	0
21	116	35
22	116	10
23	116	10
0	117	0
1	117	7
2	117	10
3	117	4
4	117	31
5	117	22
6	117	13
7	117	22
8	117	10
9	117	4
10	117	13
11	117	19
12	117	4
13	117	25
14	117	19
15	117	13
16	117	7
17	117	16
18	117	28
19	117	58
20	117	37
21	117	13
22	117	10
23	117	0
0	118	0
1	118	0
2	118	0
3	118	0
4	118	0
5	118	0
6	118	24
7	118	35
8	118	0
9	118	0
10	118	24
11	118	13
12	118	35
13	118	35
14	118	13
15	118	0
16	118	56
17	118	13
18	118	35
19	118	35
20	118	0
21	118	13
22	118	0
23	118	0
0	119	0
1	119	0
2	119	12
3	119	5
4	119	0
5	119	5
6	119	12
7	119	20
8	119	5
9	119	27
10	119	16
11	119	0
12	119	12
13	119	20
14	119	5
15	119	5
16	119	41
17	119	5
18	119	41
19	119	20
20	119	20
21	119	27
22	119	12
23	119	5
0	120	3
1	120	2
2	120	4
3	120	2
4	120	5
5	120	4
6	120	14
7	120	29
8	120	8
9	120	21
10	120	13
11	120	25
12	120	28
13	120	18
14	120	17
15	120	12
16	120	28
17	120	21
18	120	22
19	120	31
20	120	18
21	120	18
22	120	7
23	120	9
0	121	0
1	121	0
2	121	0
3	121	0
4	121	0
5	121	0
6	121	0
7	121	118
8	121	37
9	121	0
10	121	0
11	121	0
12	121	0
13	121	68
14	121	0
15	121	0
16	121	154
17	121	68
18	121	37
19	121	0
20	121	0
21	121	0
22	121	0
23	121	0
0	122	0
1	122	11
2	122	0
3	122	0
4	122	11
5	122	0
6	122	0
7	122	0
8	122	0
9	122	0
10	122	22
11	122	31
12	122	31
13	122	31
14	122	0
15	122	0
16	122	75
17	122	22
18	122	31
19	122	0
20	122	0
21	122	0
22	122	0
23	122	0
0	123	0
1	123	0
2	123	0
3	123	0
4	123	0
5	123	0
6	123	37
7	123	95
8	123	0
9	123	0
10	123	0
11	123	0
12	123	0
13	123	0
14	123	37
15	123	0
16	123	0
17	123	68
18	123	37
19	123	0
20	123	0
21	123	0
22	123	0
23	123	0
0	124	0
1	124	0
2	124	0
3	124	5
4	124	0
5	124	5
6	124	0
7	124	18
8	124	9
9	124	13
10	124	26
11	124	26
12	124	41
13	124	26
14	124	9
15	124	9
16	124	26
17	124	22
18	124	26
19	124	30
20	124	30
21	124	18
22	124	0
23	124	5
0	125	7
1	125	0
2	125	11
3	125	4
4	125	0
5	125	0
6	125	0
7	125	11
8	125	7
9	125	7
10	125	11
11	125	17
12	125	17
13	125	24
14	125	27
15	125	24
16	125	14
17	125	21
18	125	27
19	125	39
20	125	30
21	125	11
22	125	11
23	125	14
0	126	0
1	126	0
2	126	0
3	126	0
4	126	0
5	126	0
6	126	74
7	126	21
8	126	21
9	126	0
10	126	0
11	126	40
12	126	0
13	126	58
14	126	0
15	126	0
16	126	0
17	126	0
18	126	0
19	126	40
20	126	21
21	126	21
22	126	0
23	126	0
0	127	0
1	127	14
2	127	0
3	127	0
4	127	0
5	127	0
6	127	14
7	127	23
8	127	40
9	127	14
10	127	5
11	127	5
12	127	14
13	127	28
14	127	5
15	127	14
16	127	14
17	127	28
18	127	0
19	127	14
20	127	0
21	127	28
22	127	10
23	127	0
0	128	0
1	128	0
2	128	0
3	128	0
4	128	10
5	128	7
6	128	25
7	128	13
8	128	13
9	128	25
10	128	10
11	128	7
12	128	16
13	128	19
14	128	4
15	128	7
16	128	16
17	128	10
18	128	19
19	128	16
20	128	7
21	128	16
22	128	0
23	128	0
0	129	0
1	129	0
2	129	0
3	129	4
4	129	11
5	129	0
6	129	7
7	129	11
8	129	14
9	129	14
10	129	30
11	129	14
12	129	27
13	129	27
14	129	30
15	129	11
16	129	17
17	129	21
18	129	24
19	129	33
20	129	42
21	129	17
22	129	11
23	129	0
0	130	0
1	130	0
2	130	0
3	130	0
4	130	0
5	130	0
6	130	0
7	130	0
8	130	0
9	130	0
10	130	137
11	130	137
12	130	0
13	130	0
14	130	0
15	130	0
16	130	0
17	130	230
18	130	0
19	130	0
20	130	0
21	130	0
22	130	0
23	130	0
0	131	6
1	131	2
2	131	2
3	131	3
4	131	8
5	131	9
6	131	14
7	131	16
8	131	9
9	131	18
10	131	19
11	131	21
12	131	15
13	131	23
14	131	16
15	131	21
16	131	15
17	131	20
18	131	27
19	131	28
20	131	21
21	131	20
22	131	12
23	131	10
0	132	0
1	132	0
2	132	0
3	132	0
4	132	0
5	132	11
6	132	0
7	132	21
8	132	0
9	132	0
10	132	0
11	132	21
12	132	0
13	132	0
14	132	0
15	132	0
16	132	0
17	132	0
18	132	21
19	132	40
20	132	0
21	132	0
22	132	0
23	132	0
0	133	0
1	133	0
2	133	0
3	133	0
4	133	0
5	133	30
6	133	0
7	133	8
8	133	30
9	133	30
10	133	8
11	133	0
12	133	0
13	133	8
14	133	16
15	133	37
16	133	8
17	133	16
18	133	37
19	133	8
20	133	23
21	133	23
22	133	8
23	133	0
0	134	0
1	134	0
2	134	0
3	134	0
4	134	0
5	134	13
6	134	0
7	134	0
8	134	13
9	134	0
10	134	24
11	134	0
12	134	0
13	134	0
14	134	0
15	134	13
16	134	35
17	134	0
18	134	0
19	134	13
20	134	24
21	134	24
22	134	0
23	134	0
0	135	5
1	135	1
2	135	2
3	135	2
4	135	5
5	135	9
6	135	11
7	135	16
8	135	21
9	135	20
10	135	25
11	135	16
12	135	17
13	135	12
14	135	15
15	135	20
16	135	9
17	135	23
18	135	25
19	135	35
20	135	29
21	135	19
22	135	17
23	135	12
0	136	0
1	136	0
2	136	0
3	136	0
4	136	28
5	136	28
6	136	0
7	136	28
8	136	0
9	136	28
10	136	28
11	136	0
12	136	28
13	136	52
14	136	0
15	136	0
16	136	28
17	136	0
18	136	28
19	136	93
20	136	0
21	136	0
22	136	28
23	136	28
0	137	0
1	137	0
2	137	0
3	137	0
4	137	18
5	137	18
6	137	6
7	137	0
8	137	39
9	137	29
10	137	0
11	137	6
12	137	23
13	137	6
14	137	6
15	137	0
16	137	6
17	137	6
18	137	0
19	137	6
20	137	12
21	137	18
22	137	0
23	137	0
0	138	20
1	138	69
2	138	0
3	138	0
4	138	0
5	138	0
6	138	0
7	138	20
8	138	20
9	138	0
10	138	20
11	138	0
12	138	0
13	138	20
14	138	0
15	138	0
16	138	0
17	138	69
18	138	20
19	138	54
20	138	69
21	138	20
22	138	69
23	138	0
0	139	0
1	139	0
2	139	0
3	139	0
4	139	0
5	139	0
6	139	16
7	139	16
8	139	0
9	139	30
10	139	0
11	139	0
12	139	16
13	139	0
14	139	0
15	139	16
16	139	16
17	139	16
18	139	0
19	139	0
20	139	16
21	139	0
22	139	0
23	139	80
0	140	0
1	140	0
2	140	0
3	140	0
4	140	0
5	140	15
6	140	0
7	140	0
8	140	29
9	140	0
10	140	15
11	140	0
12	140	0
13	140	0
14	140	41
15	140	0
16	140	41
17	140	0
18	140	15
19	140	0
20	140	54
21	140	0
22	140	0
23	140	0
0	141	6
1	141	0
2	141	0
3	141	6
4	141	0
5	141	0
6	141	12
7	141	12
8	141	18
9	141	18
10	141	18
11	141	18
12	141	0
13	141	12
14	141	62
15	141	0
16	141	38
17	141	23
18	141	33
19	141	43
20	141	43
21	141	23
22	141	0
23	141	18
0	142	0
1	142	0
2	142	0
3	142	0
4	142	0
5	142	0
6	142	0
7	142	0
8	142	0
9	142	0
10	142	0
11	142	0
12	142	137
13	142	0
14	142	0
15	142	0
16	142	0
17	142	0
18	142	0
19	142	0
20	142	0
21	142	0
22	142	0
23	142	0
0	143	0
1	143	16
2	143	0
3	143	0
4	143	0
5	143	0
6	143	0
7	143	16
8	143	8
9	143	0
10	143	16
11	143	8
12	143	8
13	143	0
14	143	0
15	143	0
16	143	16
17	143	8
18	143	8
19	143	16
20	143	31
21	143	31
22	143	0
23	143	31
0	144	3
1	144	2
2	144	2
3	144	2
4	144	5
5	144	11
6	144	16
7	144	19
8	144	19
9	144	20
10	144	20
11	144	20
12	144	20
13	144	19
14	144	20
15	144	20
16	144	21
17	144	20
18	144	22
19	144	23
20	144	19
21	144	15
22	144	9
23	144	6
0	145	5
1	145	0
2	145	5
3	145	0
4	145	10
5	145	46
6	145	20
7	145	10
8	145	20
9	145	15
10	145	0
11	145	15
12	145	0
13	145	33
14	145	0
15	145	15
16	145	29
17	145	5
18	145	10
19	145	20
20	145	10
21	145	24
22	145	0
23	145	0
0	146	0
1	146	0
2	146	0
3	146	17
4	146	0
5	146	0
6	146	32
7	146	0
8	146	0
9	146	0
10	146	0
11	146	0
12	146	46
13	146	0
14	146	32
15	146	0
16	146	32
17	146	17
18	146	32
19	146	46
20	146	0
21	146	0
22	146	0
23	146	0
0	147	0
1	147	0
2	147	17
3	147	0
4	147	0
5	147	33
6	147	0
7	147	0
8	147	0
9	147	0
10	147	17
11	147	17
12	147	47
13	147	0
14	147	17
15	147	17
16	147	17
17	147	0
18	147	17
19	147	17
20	147	0
21	147	0
22	147	0
23	147	0
0	148	0
1	148	0
2	148	0
3	148	20
4	148	0
5	148	0
6	148	0
7	148	0
8	148	0
9	148	0
10	148	0
11	148	0
12	148	0
13	148	0
14	148	0
15	148	0
16	148	20
17	148	0
18	148	55
19	148	20
20	148	38
21	148	20
22	148	20
23	148	0
0	149	0
1	149	0
2	149	0
3	149	0
4	149	0
5	149	0
6	149	7
7	149	7
8	149	25
9	149	13
10	149	37
11	149	25
12	149	7
13	149	7
14	149	19
15	149	25
16	149	13
17	149	7
18	149	25
19	149	7
20	149	63
21	149	37
22	149	0
23	149	25
0	150	0
1	150	0
2	150	0
3	150	0
4	150	10
5	150	10
6	150	10
7	150	10
8	150	16
9	150	4
10	150	7
11	150	22
12	150	22
13	150	13
14	150	10
15	150	13
16	150	39
17	150	13
18	150	13
19	150	13
20	150	16
21	150	10
22	150	13
23	150	10
0	151	0
1	151	0
2	151	0
3	151	0
4	151	0
5	151	23
6	151	23
7	151	0
8	151	0
9	151	79
10	151	23
11	151	23
12	151	23
13	151	0
14	151	43
15	151	0
16	151	62
17	151	23
18	151	0
19	151	43
20	151	43
21	151	0
22	151	23
23	151	23
0	152	16
1	152	0
2	152	0
3	152	0
4	152	0
5	152	0
6	152	0
7	152	0
8	152	0
9	152	16
10	152	31
11	152	31
12	152	0
13	152	0
14	152	0
15	152	45
16	152	45
17	152	31
18	152	45
19	152	45
20	152	70
21	152	0
22	152	16
23	152	0
0	153	0
1	153	0
2	153	0
3	153	0
4	153	0
5	153	28
6	153	19
7	153	28
8	153	28
9	153	19
10	153	19
11	153	19
12	153	10
13	153	0
14	153	10
15	153	10
16	153	19
17	153	45
18	153	19
19	153	10
20	153	61
21	153	53
22	153	0
23	153	0
0	154	0
1	154	0
2	154	4
3	154	0
4	154	0
5	154	18
6	154	14
7	154	11
8	154	46
9	154	18
10	154	30
11	154	11
12	154	21
13	154	43
14	154	37
15	154	27
16	154	11
17	154	21
18	154	40
19	154	7
20	154	24
21	154	21
22	154	7
23	154	18
0	155	4
1	155	2
2	155	2
3	155	3
4	155	4
5	155	10
6	155	14
7	155	17
8	155	19
9	155	24
10	155	19
11	155	18
12	155	23
13	155	20
14	155	22
15	155	19
16	155	18
17	155	19
18	155	21
19	155	23
20	155	26
21	155	17
22	155	14
23	155	10
0	156	4
1	156	7
2	156	4
3	156	4
4	156	4
5	156	7
6	156	17
7	156	7
8	156	17
9	156	14
10	156	11
11	156	4
12	156	14
13	156	7
14	156	20
15	156	11
16	156	17
17	156	39
18	156	7
19	156	17
20	156	39
21	156	17
22	156	14
23	156	0
0	157	21
1	157	0
2	157	0
3	157	0
4	157	0
5	157	0
6	157	0
7	157	11
8	157	26
9	157	6
10	157	11
11	157	57
12	157	35
13	157	0
14	157	53
15	157	16
16	157	35
17	157	11
18	157	35
19	157	11
20	157	6
21	157	61
22	157	6
23	157	11
0	158	6
1	158	0
2	158	0
3	158	0
4	158	3
5	158	8
6	158	21
7	158	30
8	158	23
9	158	21
10	158	32
11	158	16
12	158	46
13	158	21
14	158	21
15	158	25
16	158	21
17	158	28
18	158	23
19	158	23
20	158	8
21	158	13
22	158	6
23	158	6
0	159	4
1	159	4
2	159	0
3	159	0
4	159	0
5	159	4
6	159	0
7	159	4
8	159	37
9	159	20
10	159	12
11	159	8
12	159	20
13	159	47
14	159	16
15	159	12
16	159	20
17	159	30
18	159	27
19	159	8
20	159	20
21	159	0
22	159	8
23	159	0
0	160	0
1	160	0
2	160	0
3	160	0
4	160	0
5	160	0
6	160	0
7	160	73
8	160	52
9	160	73
10	160	0
11	160	0
12	160	28
13	160	52
14	160	28
15	160	0
16	160	0
17	160	28
18	160	28
19	160	28
20	160	52
21	160	0
22	160	0
23	160	0
