Counts for Apple(2) in Croatia(9):
Hour	Location Index	Count
0	0	0
1	0	0
2	0	0
3	0	0
4	0	0
5	0	23
6	0	0
7	0	0
8	0	0
9	0	12
10	0	0
11	0	0
12	0	23
13	0	0
14	0	0
15	0	0
16	0	12
17	0	0
18	0	0
19	0	0
20	0	0
21	0	0
22	0	12
23	0	0
0	1	8
1	1	0
2	1	0
3	1	0
4	1	0
5	1	15
6	1	8
7	1	29
8	1	8
9	1	29
10	1	15
11	1	22
12	1	36
13	1	15
14	1	29
15	1	36
16	1	29
17	1	0
18	1	0
19	1	8
20	1	42
21	1	8
22	1	0
23	1	0
0	2	0
1	2	10
2	2	0
3	2	0
4	2	0
5	2	10
6	2	10
7	2	0
8	2	18
9	2	50
10	2	18
11	2	10
12	2	0
13	2	27
14	2	18
15	2	18
16	2	10
17	2	10
18	2	18
19	2	0
20	2	10
21	2	43
22	2	10
23	2	10
0	3	2
1	3	6
2	3	8
3	3	0
4	3	5
5	3	9
6	3	24
7	3	9
8	3	8
9	3	15
10	3	11
11	3	8
12	3	8
13	3	14
14	3	15
15	3	17
16	3	21
17	3	15
18	3	18
19	3	21
20	3	26
21	3	28
22	3	12
23	3	6
0	4	0
1	4	0
2	4	0
3	4	0
4	4	0
5	4	0
6	4	0
7	4	0
8	4	51
9	4	0
10	4	0
11	4	0
12	4	51
13	4	0
14	4	0
15	4	91
16	4	0
17	4	0
18	4	0
19	4	0
20	4	0
21	4	0
22	4	0
23	4	0
0	5	2
1	5	2
2	5	0
3	5	0
4	5	2
5	5	7
6	5	17
7	5	15
8	5	10
9	5	15
10	5	17
11	5	24
12	5	24
13	5	13
14	5	20
15	5	13
16	5	17
17	5	12
18	5	12
19	5	12
20	5	29
21	5	17
22	5	10
23	5	5
0	6	0
1	6	0
2	6	19
3	6	0
4	6	0
5	6	0
6	6	0
7	6	19
8	6	19
9	6	19
10	6	66
11	6	0
12	6	19
13	6	0
14	6	0
15	6	0
16	6	36
17	6	19
18	6	0
19	6	0
20	6	0
21	6	19
22	6	0
23	6	0
0	7	0
1	7	0
2	7	0
3	7	0
4	7	0
5	7	42
6	7	0
7	7	0
8	7	0
9	7	0
10	7	0
11	7	0
12	7	0
13	7	77
14	7	42
15	7	0
16	7	0
17	7	0
18	7	0
19	7	0
20	7	0
21	7	0
22	7	0
23	7	0
0	8	0
1	8	2
2	8	3
3	8	3
4	8	2
5	8	5
6	8	5
7	8	9
8	8	8
9	8	3
10	8	5
11	8	12
12	8	8
13	8	18
14	8	25
15	8	6
16	8	22
17	8	10
18	8	20
19	8	17
20	8	21
21	8	18
22	8	5
23	8	3
0	9	0
1	9	10
2	9	0
3	9	0
4	9	0
5	9	36
6	9	52
7	9	10
8	9	67
9	9	60
10	9	10
11	9	0
12	9	19
13	9	28
14	9	28
15	9	0
16	9	52
17	9	10
18	9	36
19	9	44
20	9	28
21	9	0
22	9	19
23	9	0
0	10	15
1	10	0
2	10	0
3	10	0
4	10	0
5	10	0
6	10	29
7	10	0
8	10	0
9	10	54
10	10	15
11	10	42
12	10	0
13	10	29
14	10	42
15	10	0
16	10	15
17	10	0
18	10	15
19	10	29
20	10	77
21	10	15
22	10	0
23	10	0
0	11	6
1	11	0
2	11	0
3	11	0
4	11	0
5	11	0
6	11	6
7	11	12
8	11	6
9	11	12
10	11	12
11	11	12
12	11	18
13	11	34
14	11	18
15	11	29
16	11	18
17	11	23
18	11	18
19	11	72
20	11	29
21	11	63
22	11	29
23	11	0
0	12	0
1	12	0
2	12	0
3	12	0
4	12	0
5	12	0
6	12	0
7	12	0
8	12	27
9	12	14
10	12	27
11	12	27
12	12	40
13	12	0
14	12	27
15	12	0
16	12	14
17	12	27
18	12	62
19	12	51
20	12	51
21	12	0
22	12	14
23	12	14
0	13	12
1	13	0
2	13	0
3	13	0
4	13	0
5	13	34
6	13	0
7	13	23
8	13	34
9	13	0
10	13	12
11	13	23
12	13	44
13	13	0
14	13	0
15	13	12
16	13	23
17	13	34
18	13	12
19	13	0
20	13	23
21	13	53
22	13	0
23	13	0
0	14	0
1	14	0
2	14	0
3	14	0
4	14	0
5	14	0
6	14	13
7	14	36
8	14	0
9	14	0
10	14	0
11	14	13
12	14	13
13	14	0
14	14	0
15	14	0
16	14	0
17	14	151
18	14	13
19	14	13
20	14	0
21	14	46
22	14	0
23	14	13
0	15	5
1	15	5
2	15	0
3	15	5
4	15	0
5	15	0
6	15	14
7	15	36
8	15	0
9	15	19
10	15	44
11	15	23
12	15	0
13	15	14
14	15	0
15	15	19
16	15	14
17	15	10
18	15	14
19	15	10
20	15	10
21	15	19
22	15	5
23	15	14
0	16	0
1	16	0
2	16	0
3	16	11
4	16	6
5	16	0
6	16	17
7	16	6
8	16	32
9	16	17
10	16	0
11	16	6
12	16	11
13	16	6
14	16	22
15	16	27
16	16	17
17	16	17
18	16	32
19	16	27
20	16	22
21	16	6
22	16	6
23	16	0
0	17	0
1	17	0
2	17	0
3	17	4
4	17	0
5	17	0
6	17	4
7	17	10
8	17	4
9	17	7
10	17	13
11	17	4
12	17	7
13	17	20
14	17	4
15	17	17
16	17	7
17	17	4
18	17	7
19	17	10
20	17	0
21	17	17
22	17	20
23	17	4
0	18	4
1	18	8
2	18	0
3	18	4
4	18	0
5	18	16
6	18	11
7	18	17
8	18	30
9	18	13
10	18	13
11	18	13
12	18	33
13	18	40
14	18	16
15	18	14
16	18	22
17	18	13
18	18	8
19	18	16
20	18	8
21	18	11
22	18	4
23	18	5
0	19	0
1	19	0
2	19	0
3	19	0
4	19	0
5	19	0
6	19	21
7	19	0
8	19	0
9	19	0
10	19	0
11	19	0
12	19	0
13	19	0
14	19	0
15	19	39
16	19	39
17	19	0
18	19	0
19	19	21
20	19	0
21	19	0
22	19	0
23	19	0
0	20	0
1	20	0
2	20	0
3	20	0
4	20	0
5	20	0
6	20	0
7	20	28
8	20	53
9	20	0
10	20	0
11	20	0
12	20	0
13	20	0
14	20	0
15	20	0
16	20	0
17	20	0
18	20	0
19	20	0
20	20	0
21	20	0
22	20	53
23	20	28
0	21	19
1	21	0
2	21	0
3	21	7
4	21	0
5	21	0
6	21	13
7	21	0
8	21	13
9	21	7
10	21	13
11	21	13
12	21	19
13	21	0
14	21	7
15	21	25
16	21	0
17	21	7
18	21	47
19	21	13
20	21	13
21	21	36
22	21	13
23	21	0
0	22	0
1	22	0
2	22	0
3	22	0
4	22	0
5	22	0
6	22	0
7	22	16
8	22	0
9	22	30
10	22	16
11	22	16
12	22	0
13	22	16
14	22	16
15	22	0
16	22	0
17	22	16
18	22	0
19	22	0
20	22	16
21	22	16
22	22	0
23	22	16
0	23	0
1	23	10
2	23	0
3	23	0
4	23	10
5	23	0
6	23	10
7	23	0
8	23	10
9	23	0
10	23	20
11	23	0
12	23	10
13	23	10
14	23	10
15	23	0
16	23	37
17	23	29
18	23	29
19	23	29
20	23	20
21	23	10
22	23	20
23	23	20
0	24	5
1	24	0
2	24	0
3	24	0
4	24	9
5	24	0
6	24	9
7	24	9
8	24	37
9	24	29
10	24	21
11	24	13
12	24	17
13	24	17
14	24	29
15	24	13
16	24	13
17	24	13
18	24	21
19	24	40
20	24	13
21	24	0
22	24	21
23	24	0
0	25	14
1	25	0
2	25	0
3	25	0
4	25	0
5	25	0
6	25	0
7	25	0
8	25	0
9	25	14
10	25	14
11	25	0
12	25	0
13	25	0
14	25	14
15	25	0
16	25	0
17	25	0
18	25	14
19	25	14
20	25	0
21	25	51
22	25	0
23	25	0
0	26	0
1	26	0
2	26	0
3	26	0
4	26	0
5	26	16
6	26	0
7	26	30
8	26	37
9	26	0
10	26	8
11	26	8
12	26	0
13	26	30
14	26	37
15	26	8
16	26	16
17	26	16
18	26	16
19	26	16
20	26	16
21	26	30
22	26	16
23	26	0
0	27	0
1	27	0
2	27	0
3	27	0
4	27	15
5	27	0
6	27	15
7	27	0
8	27	0
9	27	0
10	27	0
11	27	0
12	27	15
13	27	0
14	27	15
15	27	28
16	27	0
17	27	15
18	27	64
19	27	0
20	27	15
21	27	0
22	27	15
23	27	15
0	28	0
1	28	0
2	28	0
3	28	0
4	28	0
5	28	0
6	28	0
7	28	0
8	28	0
9	28	17
10	28	32
11	28	17
12	28	0
13	28	0
14	28	0
15	28	0
16	28	0
17	28	0
18	28	0
19	28	32
20	28	60
21	28	73
22	28	32
23	28	0
0	29	0
1	29	3
2	29	5
3	29	0
4	29	5
5	29	7
6	29	6
7	29	25
8	29	18
9	29	18
10	29	5
11	29	17
12	29	31
13	29	13
14	29	25
15	29	9
16	29	10
17	29	21
18	29	7
19	29	14
20	29	17
21	29	25
22	29	10
23	29	3
0	30	0
1	30	0
2	30	27
3	30	8
4	30	8
5	30	8
6	30	21
7	30	0
8	30	14
9	30	21
10	30	14
11	30	14
12	30	8
13	30	34
14	30	27
15	30	14
16	30	14
17	30	21
18	30	27
19	30	34
20	30	8
21	30	14
22	30	0
23	30	21
0	31	0
1	31	0
2	31	0
3	31	0
4	31	0
5	31	0
6	31	0
7	31	23
8	31	23
9	31	0
10	31	0
11	31	0
12	31	0
13	31	0
14	31	0
15	31	23
16	31	0
17	31	43
18	31	0
19	31	61
20	31	23
21	31	23
22	31	0
23	31	0
0	32	9
1	32	9
2	32	0
3	32	9
4	32	26
5	32	26
6	32	77
7	32	42
8	32	57
9	32	26
10	32	26
11	32	26
12	32	26
13	32	34
14	32	18
15	32	57
16	32	77
17	32	18
18	32	18
19	32	63
20	32	18
21	32	57
22	32	18
23	32	0
0	33	0
1	33	0
2	33	0
3	33	0
4	33	0
5	33	0
6	33	0
7	33	0
8	33	52
9	33	19
10	33	19
11	33	19
12	33	0
13	33	0
14	33	0
15	33	0
16	33	19
17	33	19
18	33	0
19	33	0
20	33	19
21	33	19
22	33	19
23	33	19
0	34	0
1	34	0
2	34	0
3	34	0
4	34	0
5	34	0
6	34	0
7	34	22
8	34	0
9	34	12
10	34	12
11	34	0
12	34	33
13	34	0
14	34	12
15	34	52
16	34	12
17	34	12
18	34	12
19	34	12
20	34	0
21	34	12
22	34	0
23	34	0
0	35	0
1	35	0
2	35	3
3	35	0
4	35	3
5	35	15
6	35	19
7	35	19
8	35	17
9	35	22
10	35	15
11	35	22
12	35	3
13	35	10
14	35	28
15	35	15
16	35	13
17	35	17
18	35	15
19	35	8
20	35	19
21	35	17
22	35	8
23	35	3
0	36	0
1	36	0
2	36	3
3	36	0
4	36	9
5	36	0
6	36	3
7	36	3
8	36	15
9	36	5
10	36	9
11	36	9
12	36	7
13	36	11
14	36	13
15	36	11
16	36	3
17	36	11
18	36	5
19	36	0
20	36	13
21	36	15
22	36	3
23	36	3
0	37	0
1	37	0
2	37	0
3	37	0
4	37	0
5	37	19
6	37	19
7	37	36
8	37	0
9	37	19
10	37	36
11	37	19
12	37	0
13	37	66
14	37	0
15	37	36
16	37	51
17	37	19
18	37	0
19	37	19
20	37	19
21	37	0
22	37	0
23	37	0
0	38	15
1	38	0
2	38	0
3	38	0
4	38	0
5	38	0
6	38	43
7	38	0
8	38	30
9	38	0
10	38	30
11	38	30
12	38	0
13	38	0
14	38	0
15	38	30
16	38	30
17	38	0
18	38	15
19	38	43
20	38	0
21	38	15
22	38	15
23	38	30
0	39	0
1	39	0
2	39	0
3	39	0
4	39	0
5	39	0
6	39	19
7	39	0
8	39	19
9	39	53
10	39	0
11	39	0
12	39	19
13	39	0
14	39	0
15	39	37
16	39	19
17	39	37
18	39	0
19	39	0
20	39	0
21	39	0
22	39	0
23	39	0
0	40	0
1	40	0
2	40	0
3	40	0
4	40	0
5	40	13
6	40	13
7	40	0
8	40	0
9	40	13
10	40	30
11	40	0
12	40	0
13	40	19
14	40	19
15	40	19
16	40	13
17	40	13
18	40	0
19	40	24
20	40	0
21	40	19
22	40	0
23	40	0
0	41	0
1	41	0
2	41	0
3	41	3
4	41	0
5	41	5
6	41	5
7	41	9
8	41	7
9	41	11
10	41	5
11	41	9
12	41	15
13	41	11
14	41	20
15	41	7
16	41	3
17	41	13
18	41	15
19	41	17
20	41	17
21	41	9
22	41	3
23	41	3
0	42	2
1	42	1
2	42	1
3	42	1
4	42	3
5	42	5
6	42	5
7	42	9
8	42	8
9	42	9
10	42	9
11	42	10
12	42	12
13	42	10
14	42	10
15	42	12
16	42	12
17	42	13
18	42	15
19	42	13
20	42	14
21	42	9
22	42	6
23	42	4
0	43	0
1	43	0
2	43	0
3	43	0
4	43	0
5	43	0
6	43	0
7	43	26
8	43	0
9	43	0
10	43	14
11	43	0
12	43	26
13	43	14
14	43	14
15	43	14
16	43	0
17	43	0
18	43	0
19	43	0
20	43	38
21	43	26
22	43	0
23	43	0
0	44	0
1	44	0
2	44	0
3	44	0
4	44	0
5	44	0
6	44	0
7	44	41
8	44	0
9	44	0
10	44	41
11	44	0
12	44	0
13	44	0
14	44	0
15	44	0
16	44	11
17	44	0
18	44	0
19	44	0
20	44	11
21	44	0
22	44	0
23	44	0
0	45	0
1	45	0
2	45	0
3	45	0
4	45	0
5	45	38
6	45	14
7	45	0
8	45	0
9	45	38
10	45	14
11	45	38
12	45	0
13	45	0
14	45	14
15	45	0
16	45	14
17	45	14
18	45	26
19	45	38
20	45	38
21	45	0
22	45	14
23	45	0
0	46	14
1	46	0
2	46	0
3	46	14
4	46	0
5	46	0
6	46	14
7	46	8
8	46	8
9	46	14
10	46	8
11	46	0
12	46	8
13	46	27
14	46	0
15	46	0
16	46	0
17	46	21
18	46	0
19	46	0
20	46	27
21	46	14
22	46	21
23	46	0
0	47	0
1	47	0
2	47	0
3	47	0
4	47	0
5	47	0
6	47	0
7	47	15
8	47	15
9	47	0
10	47	15
11	47	15
12	47	28
13	47	15
14	47	0
15	47	15
16	47	28
17	47	15
18	47	15
19	47	0
20	47	41
21	47	0
22	47	0
23	47	0
0	48	3
1	48	0
2	48	0
3	48	0
4	48	0
5	48	3
6	48	0
7	48	10
8	48	12
9	48	7
10	48	14
11	48	10
12	48	5
13	48	5
14	48	12
15	48	3
16	48	3
17	48	0
18	48	3
19	48	14
20	48	0
21	48	19
22	48	14
23	48	16
0	49	0
1	49	0
2	49	0
3	49	0
4	49	0
5	49	0
6	49	5
7	49	5
8	49	32
9	49	21
10	49	5
11	49	9
12	49	21
13	49	21
14	49	36
15	49	17
16	49	5
17	49	13
18	49	29
19	49	13
20	49	13
21	49	54
22	49	0
23	49	9
0	50	0
1	50	0
2	50	5
3	50	0
4	50	9
5	50	0
6	50	18
7	50	9
8	50	9
9	50	14
10	50	9
11	50	5
12	50	14
13	50	9
14	50	5
15	50	5
16	50	5
17	50	18
18	50	22
19	50	22
20	50	9
21	50	0
22	50	5
23	50	0
0	51	0
1	51	0
2	51	0
3	51	0
4	51	0
5	51	0
6	51	0
7	51	0
8	51	35
9	51	13
10	51	13
11	51	24
12	51	35
13	51	0
14	51	24
15	51	0
16	51	13
17	51	24
18	51	45
19	51	13
20	51	0
21	51	35
22	51	0
23	51	0
0	52	2
1	52	7
2	52	0
3	52	2
4	52	2
5	52	6
6	52	12
7	52	12
8	52	14
9	52	23
10	52	17
11	52	13
12	52	12
13	52	26
14	52	22
15	52	24
16	52	22
17	52	22
18	52	25
19	52	24
20	52	25
21	52	18
22	52	11
23	52	7
0	53	0
1	53	0
2	53	0
3	53	0
4	53	0
5	53	0
6	53	10
7	53	0
8	53	10
9	53	53
10	53	0
11	53	28
12	53	0
13	53	0
14	53	0
15	53	19
16	53	0
17	53	28
18	53	0
19	53	0
20	53	0
21	53	10
22	53	0
23	53	0
0	54	11
1	54	0
2	54	0
3	54	0
4	54	11
5	54	0
6	54	0
7	54	21
8	54	21
9	54	11
10	54	0
11	54	11
12	54	0
13	54	0
14	54	11
15	54	39
16	54	0
17	54	11
18	54	0
19	54	57
20	54	11
21	54	21
22	54	48
23	54	11
0	55	0
1	55	0
2	55	0
3	55	0
4	55	0
5	55	0
6	55	13
7	55	0
8	55	24
9	55	13
10	55	45
11	55	24
12	55	0
13	55	13
14	55	0
15	55	24
16	55	13
17	55	45
18	55	0
19	55	24
20	55	35
21	55	24
22	55	0
23	55	13
0	56	0
1	56	0
2	56	0
3	56	0
4	56	0
5	56	0
6	56	0
7	56	25
8	56	0
9	56	0
10	56	0
11	56	13
12	56	13
13	56	0
14	56	25
15	56	0
16	56	0
17	56	48
18	56	13
19	56	58
20	56	25
21	56	25
22	56	0
23	56	0
0	57	16
1	57	0
2	57	0
3	57	0
4	57	0
5	57	0
6	57	0
7	57	16
8	57	0
9	57	0
10	57	16
11	57	0
12	57	31
13	57	0
14	57	0
15	57	31
16	57	31
17	57	0
18	57	31
19	57	16
20	57	0
21	57	31
22	57	16
23	57	0
0	58	0
1	58	3
2	58	0
3	58	0
4	58	7
5	58	10
6	58	14
7	58	10
8	58	12
9	58	16
10	58	18
11	58	16
12	58	16
13	58	16
14	58	23
15	58	14
16	58	18
17	58	7
18	58	23
19	58	16
20	58	12
21	58	7
22	58	5
23	58	0
0	59	0
1	59	0
2	59	0
3	59	0
4	59	0
5	59	11
6	59	0
7	59	40
8	59	11
9	59	49
10	59	0
11	59	0
12	59	11
13	59	11
14	59	0
15	59	21
16	59	11
17	59	11
18	59	11
19	59	11
20	59	11
21	59	31
22	59	11
23	59	11
0	60	3
1	60	0
2	60	0
3	60	0
4	60	3
5	60	5
6	60	8
7	60	17
8	60	10
9	60	21
10	60	30
11	60	8
12	60	17
13	60	15
14	60	8
15	60	15
16	60	28
17	60	5
18	60	17
19	60	32
20	60	38
21	60	19
22	60	21
23	60	3
0	61	0
1	61	0
2	61	0
3	61	0
4	61	0
5	61	12
6	61	23
7	61	0
8	61	12
9	61	0
10	61	34
11	61	0
12	61	12
13	61	0
14	61	12
15	61	0
16	61	12
17	61	23
18	61	34
19	61	54
20	61	12
21	61	12
22	61	0
23	61	0
0	62	0
1	62	0
2	62	0
3	62	0
4	62	0
5	62	0
6	62	0
7	62	0
8	62	0
9	62	0
10	62	0
11	62	27
12	62	0
13	62	0
14	62	0
15	62	0
16	62	0
17	62	27
18	62	0
19	62	0
20	62	0
21	62	0
22	62	0
23	62	0
0	63	0
1	63	0
2	63	0
3	63	0
4	63	5
5	63	0
6	63	5
7	63	5
8	63	10
9	63	0
10	63	0
11	63	5
12	63	10
13	63	5
14	63	14
15	63	19
16	63	19
17	63	5
18	63	14
19	63	19
20	63	23
21	63	5
22	63	5
23	63	0
0	64	0
1	64	0
2	64	0
3	64	33
4	64	0
5	64	0
6	64	0
7	64	0
8	64	0
9	64	0
10	64	0
11	64	0
12	64	0
13	64	33
14	64	0
15	64	0
16	64	0
17	64	33
18	64	0
19	64	0
20	64	0
21	64	0
22	64	0
23	64	0
0	65	0
1	65	0
2	65	0
3	65	2
4	65	0
5	65	9
6	65	10
7	65	11
8	65	14
9	65	7
10	65	10
11	65	7
12	65	7
13	65	14
14	65	3
15	65	10
16	65	9
17	65	15
18	65	14
19	65	13
20	65	7
21	65	6
22	65	3
23	65	3
0	66	0
1	66	0
2	66	0
3	66	0
4	66	0
5	66	0
6	66	21
7	66	72
8	66	21
9	66	0
10	66	0
11	66	0
12	66	39
13	66	0
14	66	0
15	66	0
16	66	0
17	66	0
18	66	0
19	66	56
20	66	0
21	66	39
22	66	0
23	66	0
0	67	21
1	67	0
2	67	0
3	67	0
4	67	0
5	67	0
6	67	31
7	67	11
8	67	11
9	67	0
10	67	0
11	67	11
12	67	11
13	67	0
14	67	21
15	67	11
16	67	0
17	67	0
18	67	0
19	67	11
20	67	21
21	67	11
22	67	0
23	67	0
0	68	0
1	68	0
2	68	0
3	68	0
4	68	0
5	68	0
6	68	0
7	68	15
8	68	28
9	68	28
10	68	15
11	68	40
12	68	0
13	68	15
14	68	0
15	68	28
16	68	0
17	68	15
18	68	40
19	68	0
20	68	15
21	68	40
22	68	15
23	68	0
0	69	0
1	69	0
2	69	0
3	69	0
4	69	0
5	69	0
6	69	10
7	69	10
8	69	10
9	69	0
10	69	10
11	69	0
12	69	27
13	69	0
14	69	0
15	69	44
16	69	0
17	69	10
18	69	10
19	69	10
20	69	0
21	69	27
22	69	0
23	69	10
0	70	18
1	70	0
2	70	0
3	70	0
4	70	0
5	70	9
6	70	9
7	70	34
8	70	9
9	70	9
10	70	9
11	70	18
12	70	42
13	70	0
14	70	9
15	70	9
16	70	34
17	70	0
18	70	18
19	70	18
20	70	0
21	70	34
22	70	9
23	70	9
0	71	16
1	71	0
2	71	0
3	71	0
4	71	0
5	71	0
6	71	0
7	71	0
8	71	16
9	71	0
10	71	0
11	71	0
12	71	0
13	71	16
14	71	44
15	71	16
16	71	0
17	71	0
18	71	16
19	71	16
20	71	0
21	71	16
22	71	0
23	71	0
0	72	9
1	72	4
2	72	7
3	72	0
4	72	7
5	72	7
6	72	9
7	72	18
8	72	9
9	72	12
10	72	15
11	72	18
12	72	18
13	72	18
14	72	12
15	72	27
16	72	21
17	72	35
18	72	27
19	72	21
20	72	9
21	72	21
22	72	15
23	72	12
0	73	0
1	73	0
2	73	2
3	73	0
4	73	2
5	73	9
6	73	9
7	73	23
8	73	9
9	73	13
10	73	11
11	73	9
12	73	4
13	73	16
14	73	11
15	73	23
16	73	21
17	73	18
18	73	24
19	73	18
20	73	26
21	73	13
22	73	14
23	73	13
0	74	0
1	74	0
2	74	0
3	74	0
4	74	0
5	74	0
6	74	0
7	74	0
8	74	0
9	74	0
10	74	0
11	74	201
12	74	244
13	74	0
14	74	0
15	74	0
16	74	0
17	74	0
18	74	0
19	74	0
20	74	0
21	74	0
22	74	0
23	74	0
0	75	35
1	75	19
2	75	7
3	75	13
4	75	24
5	75	13
6	75	61
7	75	46
8	75	79
9	75	56
10	75	41
11	75	24
12	75	46
13	75	41
14	75	24
15	75	30
16	75	51
17	75	19
18	75	46
19	75	30
20	75	51
21	75	30
22	75	13
23	75	51
0	76	3
1	76	3
2	76	3
3	76	5
4	76	20
5	76	31
6	76	32
7	76	30
8	76	38
9	76	22
10	76	21
11	76	18
12	76	20
13	76	22
14	76	22
15	76	45
16	76	35
17	76	38
18	76	36
19	76	51
20	76	47
21	76	30
22	76	31
23	76	11
0	77	0
1	77	7
2	77	7
3	77	0
4	77	0
5	77	0
6	77	27
7	77	21
8	77	7
9	77	7
10	77	21
11	77	21
12	77	14
13	77	0
14	77	7
15	77	21
16	77	21
17	77	27
18	77	7
19	77	27
20	77	34
21	77	21
22	77	0
23	77	0
0	78	5
1	78	10
2	78	0
3	78	0
4	78	5
5	78	14
6	78	23
7	78	5
8	78	14
9	78	23
10	78	14
11	78	19
12	78	5
13	78	0
14	78	14
15	78	10
16	78	19
17	78	14
18	78	31
19	78	31
20	78	19
21	78	0
22	78	10
23	78	5
0	79	0
1	79	0
2	79	0
3	79	0
4	79	7
5	79	20
6	79	14
7	79	17
8	79	7
9	79	7
10	79	4
11	79	20
12	79	17
13	79	23
14	79	7
15	79	7
16	79	20
17	79	17
18	79	20
19	79	23
20	79	30
21	79	17
22	79	11
23	79	0
0	80	4
1	80	3
2	80	2
3	80	3
4	80	6
5	80	12
6	80	18
7	80	20
8	80	24
9	80	25
10	80	22
11	80	25
12	80	23
13	80	22
14	80	26
15	80	22
16	80	24
17	80	27
18	80	26
19	80	25
20	80	24
21	80	23
22	80	18
23	80	9
0	81	0
1	81	0
2	81	0
3	81	0
4	81	0
5	81	14
6	81	14
7	81	14
8	81	27
9	81	14
10	81	0
11	81	40
12	81	27
13	81	0
14	81	14
15	81	14
16	81	0
17	81	0
18	81	27
19	81	0
20	81	14
21	81	14
22	81	0
23	81	0
0	82	0
1	82	0
2	82	0
3	82	0
4	82	0
5	82	0
6	82	10
7	82	0
8	82	0
9	82	0
10	82	10
11	82	0
12	82	0
13	82	0
14	82	0
15	82	29
16	82	0
17	82	0
18	82	0
19	82	0
20	82	0
21	82	0
22	82	0
23	82	10
0	83	0
1	83	0
2	83	0
3	83	0
4	83	0
5	83	12
6	83	42
7	83	0
8	83	32
9	83	12
10	83	12
11	83	22
12	83	12
13	83	0
14	83	0
15	83	42
16	83	51
17	83	32
18	83	12
19	83	42
20	83	22
21	83	12
22	83	0
23	83	22
0	84	0
1	84	0
2	84	0
3	84	0
4	84	0
5	84	0
6	84	0
7	84	0
8	84	0
9	84	20
10	84	0
11	84	0
12	84	0
13	84	0
14	84	20
15	84	0
16	84	0
17	84	20
18	84	20
19	84	0
20	84	0
21	84	0
22	84	0
23	84	0
0	85	0
1	85	0
2	85	0
3	85	0
4	85	12
5	85	0
6	85	0
7	85	0
8	85	0
9	85	0
10	85	12
11	85	0
12	85	23
13	85	0
14	85	0
15	85	12
16	85	0
17	85	23
18	85	23
19	85	0
20	85	12
21	85	0
22	85	0
23	85	0
0	86	0
1	86	10
2	86	0
3	86	0
4	86	0
5	86	10
6	86	7
7	86	0
8	86	0
9	86	10
10	86	4
11	86	7
12	86	4
13	86	10
14	86	7
15	86	7
16	86	10
17	86	0
18	86	4
19	86	10
20	86	0
21	86	13
22	86	4
23	86	0
0	87	0
1	87	7
2	87	0
3	87	0
4	87	0
5	87	7
6	87	0
7	87	7
8	87	0
9	87	0
10	87	0
11	87	7
12	87	27
13	87	0
14	87	7
15	87	0
16	87	14
17	87	20
18	87	39
19	87	33
20	87	33
21	87	20
22	87	20
23	87	14
0	88	4
1	88	6
2	88	3
3	88	2
4	88	9
5	88	13
6	88	21
7	88	24
8	88	26
9	88	26
10	88	27
11	88	22
12	88	23
13	88	25
14	88	21
15	88	22
16	88	21
17	88	24
18	88	23
19	88	29
20	88	21
21	88	13
22	88	8
23	88	5
0	89	0
1	89	0
2	89	0
3	89	0
4	89	0
5	89	88
6	89	88
7	89	0
8	89	0
9	89	0
10	89	88
11	89	0
12	89	88
13	89	0
14	89	88
15	89	0
16	89	0
17	89	88
18	89	88
19	89	88
20	89	0
21	89	0
22	89	0
23	89	0
0	90	0
1	90	19
2	90	0
3	90	0
4	90	0
5	90	19
6	90	0
7	90	37
8	90	0
9	90	37
10	90	0
11	90	0
12	90	19
13	90	95
14	90	0
15	90	19
16	90	53
17	90	19
18	90	19
19	90	0
20	90	19
21	90	0
22	90	0
23	90	0
0	91	0
1	91	0
2	91	0
3	91	0
4	91	24
5	91	0
6	91	0
7	91	24
8	91	24
9	91	0
10	91	0
11	91	0
12	91	24
13	91	0
14	91	24
15	91	0
16	91	0
17	91	0
18	91	65
19	91	24
20	91	83
21	91	0
22	91	0
23	91	0
0	92	0
1	92	0
2	92	0
3	92	0
4	92	0
5	92	10
6	92	31
7	92	0
8	92	5
9	92	22
10	92	18
11	92	5
12	92	5
13	92	10
14	92	42
15	92	14
16	92	14
17	92	10
18	92	22
19	92	14
20	92	5
21	92	18
22	92	0
23	92	0
0	93	5
1	93	5
2	93	0
3	93	0
4	93	5
5	93	0
6	93	20
7	93	5
8	93	0
9	93	12
10	93	28
11	93	5
12	93	5
13	93	0
14	93	5
15	93	9
16	93	5
17	93	9
18	93	5
19	93	20
20	93	9
21	93	12
22	93	9
23	93	5
0	94	2
1	94	1
2	94	0
3	94	0
4	94	5
5	94	1
6	94	13
7	94	31
8	94	10
9	94	11
10	94	13
11	94	24
12	94	26
13	94	14
14	94	17
15	94	24
16	94	20
17	94	17
18	94	22
19	94	15
20	94	23
21	94	22
22	94	7
23	94	6
0	95	0
1	95	0
2	95	0
3	95	0
4	95	33
5	95	0
6	95	0
7	95	0
8	95	17
9	95	0
10	95	0
11	95	0
12	95	17
13	95	0
14	95	0
15	95	17
16	95	0
17	95	0
18	95	0
19	95	0
20	95	0
21	95	17
22	95	48
23	95	0
0	96	0
1	96	0
2	96	0
3	96	0
4	96	0
5	96	21
6	96	21
7	96	11
8	96	21
9	96	21
10	96	21
11	96	21
12	96	11
13	96	0
14	96	11
15	96	31
16	96	49
17	96	11
18	96	21
19	96	21
20	96	0
21	96	0
22	96	21
23	96	11
0	97	4
1	97	2
2	97	2
3	97	2
4	97	5
5	97	9
6	97	15
7	97	18
8	97	18
9	97	19
10	97	18
11	97	19
12	97	19
13	97	17
14	97	20
15	97	21
16	97	20
17	97	20
18	97	21
19	97	25
20	97	25
21	97	20
22	97	14
23	97	8
0	98	0
1	98	0
2	98	0
3	98	0
4	98	0
5	98	0
6	98	0
7	98	0
8	98	18
9	98	0
10	98	18
11	98	18
12	98	18
13	98	0
14	98	0
15	98	0
16	98	0
17	98	0
18	98	18
19	98	0
20	98	0
21	98	0
22	98	0
23	98	0
0	99	0
1	99	0
2	99	0
3	99	0
4	99	0
5	99	6
6	99	29
7	99	6
8	99	0
9	99	29
10	99	29
11	99	6
12	99	6
13	99	24
14	99	6
15	99	24
16	99	24
17	99	18
18	99	24
19	99	24
20	99	45
21	99	12
22	99	6
23	99	0
0	100	1
1	100	1
2	100	2
3	100	1
4	100	3
5	100	4
6	100	8
7	100	5
8	100	12
9	100	10
10	100	15
11	100	8
12	100	4
13	100	10
14	100	9
15	100	9
16	100	8
17	100	12
18	100	11
19	100	10
20	100	17
21	100	13
22	100	7
23	100	4
0	101	0
1	101	0
2	101	11
3	101	0
4	101	0
5	101	0
6	101	11
7	101	0
8	101	11
9	101	11
10	101	21
11	101	21
12	101	11
13	101	21
14	101	11
15	101	11
16	101	11
17	101	11
18	101	31
19	101	31
20	101	11
21	101	11
22	101	31
23	101	40
0	102	0
1	102	0
2	102	0
3	102	0
4	102	0
5	102	16
6	102	0
7	102	31
8	102	0
9	102	0
10	102	0
11	102	0
12	102	0
13	102	0
14	102	0
15	102	31
16	102	0
17	102	44
18	102	0
19	102	0
20	102	0
21	102	0
22	102	0
23	102	0
0	103	0
1	103	0
2	103	0
3	103	0
4	103	0
5	103	0
6	103	0
7	103	12
8	103	71
9	103	0
10	103	34
11	103	12
12	103	12
13	103	23
14	103	12
15	103	23
16	103	12
17	103	0
18	103	12
19	103	0
20	103	12
21	103	23
22	103	0
23	103	0
0	104	0
1	104	0
2	104	0
3	104	0
4	104	15
5	104	20
6	104	15
7	104	37
8	104	10
9	104	5
10	104	29
11	104	15
12	104	15
13	104	0
14	104	20
15	104	20
16	104	24
17	104	24
18	104	15
19	104	10
20	104	20
21	104	5
22	104	15
23	104	0
0	105	0
1	105	0
2	105	0
3	105	0
4	105	0
5	105	7
6	105	0
7	105	7
8	105	7
9	105	0
10	105	0
11	105	7
12	105	0
13	105	7
14	105	14
15	105	7
16	105	0
17	105	7
18	105	0
19	105	20
20	105	0
21	105	14
22	105	0
23	105	7
0	106	0
1	106	0
2	106	0
3	106	0
4	106	0
5	106	0
6	106	0
7	106	0
8	106	12
9	106	33
10	106	12
11	106	12
12	106	12
13	106	12
14	106	0
15	106	0
16	106	12
17	106	12
18	106	22
19	106	12
20	106	60
21	106	60
22	106	12
23	106	22
0	107	2
1	107	2
2	107	0
3	107	0
4	107	0
5	107	7
6	107	16
7	107	7
8	107	10
9	107	11
10	107	14
11	107	11
12	107	11
13	107	11
14	107	13
15	107	11
16	107	5
17	107	11
18	107	16
19	107	13
20	107	14
21	107	14
22	107	11
23	107	7
0	108	0
1	108	0
2	108	0
3	108	9
4	108	0
5	108	17
6	108	9
7	108	9
8	108	0
9	108	9
10	108	9
11	108	0
12	108	0
13	108	9
14	108	9
15	108	9
16	108	0
17	108	9
18	108	33
19	108	0
20	108	17
21	108	17
22	108	0
23	108	0
0	109	0
1	109	20
2	109	0
3	109	0
4	109	0
5	109	0
6	109	10
7	109	29
8	109	20
9	109	0
10	109	0
11	109	20
12	109	0
13	109	0
14	109	0
15	109	0
16	109	20
17	109	10
18	109	0
19	109	0
20	109	10
21	109	20
22	109	10
23	109	0
0	110	2
1	110	3
2	110	3
3	110	0
4	110	4
5	110	5
6	110	16
7	110	9
8	110	8
9	110	8
10	110	5
11	110	14
12	110	8
13	110	10
14	110	17
15	110	18
16	110	16
17	110	8
18	110	10
19	110	19
20	110	26
21	110	18
22	110	9
23	110	6
0	111	0
1	111	0
2	111	0
3	111	0
4	111	0
5	111	0
6	111	0
7	111	14
8	111	0
9	111	0
10	111	0
11	111	14
12	111	0
13	111	0
14	111	14
15	111	26
16	111	38
17	111	14
18	111	14
19	111	38
20	111	14
21	111	0
22	111	0
23	111	0
0	112	0
1	112	0
2	112	0
3	112	0
4	112	0
5	112	23
6	112	10
7	112	10
8	112	18
9	112	23
10	112	18
11	112	0
12	112	18
13	112	10
14	112	5
15	112	10
16	112	23
17	112	18
18	112	23
19	112	18
20	112	31
21	112	31
22	112	10
23	112	10
0	113	0
1	113	0
2	113	0
3	113	0
4	113	0
5	113	0
6	113	0
7	113	34
8	113	44
9	113	12
10	113	12
11	113	12
12	113	0
13	113	12
14	113	12
15	113	23
16	113	0
17	113	0
18	113	34
19	113	34
20	113	0
21	113	53
22	113	23
23	113	0
0	114	0
1	114	0
2	114	0
3	114	21
4	114	0
5	114	0
6	114	0
7	114	0
8	114	21
9	114	0
10	114	0
11	114	21
12	114	0
13	114	0
14	114	0
15	114	0
16	114	0
17	114	21
18	114	0
19	114	57
20	114	0
21	114	0
22	114	0
23	114	0
0	115	26
1	115	0
2	115	0
3	115	0
4	115	0
5	115	0
6	115	0
7	115	14
8	115	14
9	115	0
10	115	0
11	115	0
12	115	26
13	115	0
14	115	0
15	115	26
16	115	0
17	115	14
18	115	14
19	115	49
20	115	0
21	115	14
22	115	0
23	115	0
0	116	0
1	116	0
2	116	10
3	116	0
4	116	50
5	116	96
6	116	10
7	116	18
8	116	10
9	116	0
10	116	18
11	116	18
12	116	27
13	116	10
14	116	0
15	116	18
16	116	10
17	116	0
18	116	27
19	116	27
20	116	57
21	116	0
22	116	35
23	116	0
0	117	10
1	117	0
2	117	0
3	117	0
4	117	0
5	117	10
6	117	10
7	117	10
8	117	0
9	117	4
10	117	22
11	117	4
12	117	10
13	117	7
14	117	4
15	117	16
16	117	22
17	117	34
18	117	19
19	117	13
20	117	16
21	117	34
22	117	4
23	117	0
0	118	0
1	118	0
2	118	0
3	118	0
4	118	0
5	118	13
6	118	13
7	118	13
8	118	0
9	118	0
10	118	0
11	118	13
12	118	24
13	118	13
14	118	24
15	118	0
16	118	0
17	118	0
18	118	0
19	118	24
20	118	0
21	118	0
22	118	0
23	118	0
0	119	0
1	119	12
2	119	0
3	119	0
4	119	8
5	119	12
6	119	8
7	119	24
8	119	12
9	119	0
10	119	5
11	119	31
12	119	24
13	119	8
14	119	16
15	119	31
16	119	24
17	119	24
18	119	27
19	119	34
20	119	16
21	119	5
22	119	12
23	119	5
0	120	2
1	120	4
2	120	2
3	120	3
4	120	4
5	120	5
6	120	10
7	120	18
8	120	22
9	120	15
10	120	5
11	120	15
12	120	16
13	120	14
14	120	17
15	120	8
16	120	9
17	120	10
18	120	15
19	120	15
20	120	14
21	120	19
22	120	6
23	120	2
0	121	0
1	121	0
2	121	0
3	121	0
4	121	0
5	121	0
6	121	0
7	121	0
8	121	0
9	121	0
10	121	0
11	121	0
12	121	0
13	121	0
14	121	0
15	121	0
16	121	37
17	121	0
18	121	0
19	121	0
20	121	37
21	121	0
22	121	37
23	121	0
0	122	0
1	122	0
2	122	0
3	122	0
4	122	0
5	122	11
6	122	0
7	122	0
8	122	0
9	122	22
10	122	11
11	122	0
12	122	0
13	122	0
14	122	0
15	122	0
16	122	0
17	122	11
18	122	22
19	122	22
20	122	50
21	122	11
22	122	0
23	122	11
0	123	0
1	123	0
2	123	0
3	123	0
4	123	0
5	123	0
6	123	68
7	123	37
8	123	0
9	123	37
10	123	0
11	123	0
12	123	0
13	123	0
14	123	0
15	123	0
16	123	0
17	123	68
18	123	0
19	123	37
20	123	37
21	123	37
22	123	0
23	123	68
0	124	5
1	124	5
2	124	0
3	124	0
4	124	5
5	124	9
6	124	45
7	124	33
8	124	13
9	124	13
10	124	22
11	124	9
12	124	0
13	124	5
14	124	22
15	124	22
16	124	9
17	124	13
18	124	37
19	124	22
20	124	26
21	124	5
22	124	5
23	124	9
0	125	0
1	125	0
2	125	0
3	125	0
4	125	0
5	125	17
6	125	14
7	125	7
8	125	17
9	125	17
10	125	27
11	125	11
12	125	27
13	125	17
14	125	11
15	125	7
16	125	17
17	125	7
18	125	21
19	125	17
20	125	24
21	125	0
22	125	17
23	125	0
0	126	58
1	126	0
2	126	0
3	126	0
4	126	0
5	126	0
6	126	0
7	126	0
8	126	0
9	126	0
10	126	0
11	126	0
12	126	0
13	126	0
14	126	0
15	126	21
16	126	21
17	126	0
18	126	21
19	126	21
20	126	21
21	126	21
22	126	0
23	126	0
0	127	0
1	127	5
2	127	0
3	127	0
4	127	14
5	127	0
6	127	5
7	127	14
8	127	5
9	127	23
10	127	10
11	127	19
12	127	19
13	127	23
14	127	14
15	127	28
16	127	48
17	127	40
18	127	48
19	127	19
20	127	28
21	127	10
22	127	19
23	127	14
0	128	7
1	128	4
2	128	0
3	128	0
4	128	4
5	128	0
6	128	19
7	128	27
8	128	22
9	128	36
10	128	13
11	128	25
12	128	36
13	128	13
14	128	25
15	128	10
16	128	33
17	128	13
18	128	25
19	128	10
20	128	19
21	128	19
22	128	7
23	128	13
0	129	0
1	129	0
2	129	0
3	129	0
4	129	0
5	129	0
6	129	4
7	129	14
8	129	4
9	129	4
10	129	21
11	129	14
12	129	0
13	129	7
14	129	27
15	129	7
16	129	11
17	129	17
18	129	17
19	129	14
20	129	14
21	129	14
22	129	36
23	129	33
0	130	0
1	130	0
2	130	0
3	130	0
4	130	0
5	130	0
6	130	0
7	130	0
8	130	0
9	130	0
10	130	0
11	130	0
12	130	0
13	130	0
14	130	0
15	130	0
16	130	0
17	130	0
18	130	0
19	130	0
20	130	0
21	130	0
22	130	0
23	130	0
0	131	3
1	131	0
2	131	2
3	131	1
4	131	2
5	131	4
6	131	12
7	131	9
8	131	8
9	131	8
10	131	8
11	131	11
12	131	9
13	131	9
14	131	11
15	131	10
16	131	14
17	131	12
18	131	8
19	131	10
20	131	14
21	131	15
22	131	8
23	131	3
0	132	0
1	132	0
2	132	0
3	132	0
4	132	0
5	132	0
6	132	0
7	132	11
8	132	0
9	132	0
10	132	11
11	132	0
12	132	11
13	132	0
14	132	0
15	132	49
16	132	0
17	132	0
18	132	0
19	132	0
20	132	0
21	132	0
22	132	0
23	132	0
0	133	0
1	133	0
2	133	0
3	133	0
4	133	0
5	133	0
6	133	0
7	133	8
8	133	0
9	133	30
10	133	16
11	133	23
12	133	23
13	133	0
14	133	8
15	133	0
16	133	0
17	133	0
18	133	8
19	133	0
20	133	8
21	133	16
22	133	0
23	133	0
0	134	0
1	134	0
2	134	0
3	134	13
4	134	0
5	134	0
6	134	0
7	134	0
8	134	13
9	134	13
10	134	0
11	134	0
12	134	46
13	134	13
14	134	13
15	134	13
16	134	0
17	134	0
18	134	0
19	134	0
20	134	0
21	134	13
22	134	35
23	134	0
0	135	4
1	135	0
2	135	2
3	135	2
4	135	4
5	135	9
6	135	12
7	135	13
8	135	11
9	135	15
10	135	11
11	135	14
12	135	5
13	135	11
14	135	22
15	135	15
16	135	14
17	135	19
18	135	12
19	135	27
20	135	18
21	135	22
22	135	12
23	135	6
0	136	0
1	136	0
2	136	0
3	136	0
4	136	0
5	136	28
6	136	0
7	136	0
8	136	0
9	136	52
10	136	28
11	136	0
12	136	0
13	136	28
14	136	28
15	136	0
16	136	73
17	136	28
18	136	28
19	136	0
20	136	0
21	136	0
22	136	28
23	136	0
0	137	0
1	137	0
2	137	0
3	137	6
4	137	0
5	137	6
6	137	12
7	137	12
8	137	59
9	137	6
10	137	6
11	137	0
12	137	0
13	137	72
14	137	0
15	137	29
16	137	54
17	137	6
18	137	29
19	137	0
20	137	29
21	137	39
22	137	6
23	137	0
0	138	0
1	138	0
2	138	0
3	138	0
4	138	20
5	138	0
6	138	20
7	138	0
8	138	0
9	138	20
10	138	0
11	138	20
12	138	83
13	138	0
14	138	0
15	138	54
16	138	20
17	138	0
18	138	37
19	138	0
20	138	20
21	138	20
22	138	0
23	138	0
0	139	16
1	139	0
2	139	0
3	139	0
4	139	0
5	139	30
6	139	44
7	139	0
8	139	30
9	139	44
10	139	30
11	139	44
12	139	0
13	139	16
14	139	0
15	139	30
16	139	16
17	139	30
18	139	0
19	139	0
20	139	0
21	139	0
22	139	30
23	139	16
0	140	0
1	140	0
2	140	0
3	140	0
4	140	0
5	140	15
6	140	29
7	140	15
8	140	0
9	140	15
10	140	15
11	140	0
12	140	0
13	140	65
14	140	29
15	140	29
16	140	0
17	140	54
18	140	15
19	140	41
20	140	15
21	140	15
22	140	41
23	140	0
0	141	0
1	141	0
2	141	6
3	141	0
4	141	0
5	141	12
6	141	12
7	141	6
8	141	12
9	141	12
10	141	6
11	141	12
12	141	38
13	141	23
14	141	23
15	141	12
16	141	12
17	141	0
18	141	38
19	141	23
20	141	6
21	141	0
22	141	0
23	141	12
0	142	0
1	142	0
2	142	0
3	142	0
4	142	0
5	142	0
6	142	0
7	142	0
8	142	0
9	142	137
10	142	0
11	142	137
12	142	0
13	142	137
14	142	0
15	142	0
16	142	0
17	142	0
18	142	0
19	142	0
20	142	0
21	142	0
22	142	0
23	142	0
0	143	0
1	143	0
2	143	0
3	143	0
4	143	0
5	143	0
6	143	16
7	143	8
8	143	0
9	143	0
10	143	0
11	143	8
12	143	24
13	143	24
14	143	8
15	143	8
16	143	0
17	143	0
18	143	8
19	143	16
20	143	0
21	143	0
22	143	0
23	143	0
0	144	2
1	144	2
2	144	1
3	144	2
4	144	4
5	144	8
6	144	12
7	144	13
8	144	14
9	144	13
10	144	12
11	144	12
12	144	12
13	144	12
14	144	12
15	144	14
16	144	14
17	144	13
18	144	14
19	144	15
20	144	13
21	144	10
22	144	7
23	144	4
0	145	5
1	145	10
2	145	5
3	145	46
4	145	15
5	145	69
6	145	42
7	145	38
8	145	10
9	145	24
10	145	5
11	145	5
12	145	29
13	145	29
14	145	29
15	145	24
16	145	33
17	145	24
18	145	38
19	145	33
20	145	5
21	145	15
22	145	15
23	145	5
0	146	0
1	146	0
2	146	17
3	146	0
4	146	0
5	146	0
6	146	17
7	146	0
8	146	0
9	146	32
10	146	0
11	146	46
12	146	46
13	146	0
14	146	32
15	146	46
16	146	0
17	146	32
18	146	32
19	146	17
20	146	17
21	146	0
22	146	46
23	146	0
0	147	0
1	147	0
2	147	0
3	147	0
4	147	0
5	147	17
6	147	17
7	147	33
8	147	74
9	147	47
10	147	0
11	147	47
12	147	61
13	147	33
14	147	33
15	147	17
16	147	17
17	147	0
18	147	33
19	147	33
20	147	47
21	147	33
22	147	17
23	147	47
0	148	0
1	148	0
2	148	38
3	148	0
4	148	0
5	148	0
6	148	0
7	148	0
8	148	0
9	148	20
10	148	20
11	148	0
12	148	0
13	148	0
14	148	0
15	148	0
16	148	38
17	148	0
18	148	0
19	148	38
20	148	38
21	148	20
22	148	0
23	148	0
0	149	7
1	149	0
2	149	0
3	149	0
4	149	0
5	149	25
6	149	7
7	149	7
8	149	0
9	149	19
10	149	0
11	149	7
12	149	0
13	149	25
14	149	7
15	149	13
16	149	13
17	149	0
18	149	0
19	149	19
20	149	13
21	149	19
22	149	0
23	149	0
0	150	0
1	150	0
2	150	0
3	150	0
4	150	4
5	150	4
6	150	0
7	150	0
8	150	10
9	150	7
10	150	4
11	150	7
12	150	7
13	150	4
14	150	4
15	150	16
16	150	13
17	150	25
18	150	10
19	150	13
20	150	4
21	150	7
22	150	7
23	150	7
0	151	0
1	151	0
2	151	0
3	151	0
4	151	0
5	151	0
6	151	0
7	151	0
8	151	0
9	151	0
10	151	43
11	151	0
12	151	0
13	151	0
14	151	0
15	151	23
16	151	0
17	151	62
18	151	23
19	151	0
20	151	0
21	151	0
22	151	0
23	151	0
0	152	0
1	152	0
2	152	0
3	152	0
4	152	0
5	152	0
6	152	0
7	152	16
8	152	0
9	152	58
10	152	0
11	152	0
12	152	16
13	152	0
14	152	0
15	152	0
16	152	31
17	152	31
18	152	0
19	152	16
20	152	31
21	152	0
22	152	0
23	152	16
0	153	0
1	153	0
2	153	0
3	153	0
4	153	10
5	153	10
6	153	0
7	153	45
8	153	19
9	153	37
10	153	0
11	153	10
12	153	0
13	153	19
14	153	0
15	153	19
16	153	28
17	153	37
18	153	0
19	153	10
20	153	19
21	153	45
22	153	10
23	153	10
0	154	0
1	154	0
2	154	4
3	154	0
4	154	0
5	154	0
6	154	27
7	154	14
8	154	7
9	154	14
10	154	4
11	154	27
12	154	30
13	154	7
14	154	18
15	154	14
16	154	7
17	154	7
18	154	14
19	154	4
20	154	18
21	154	14
22	154	4
23	154	4
0	155	2
1	155	2
2	155	1
3	155	2
4	155	4
5	155	7
6	155	11
7	155	12
8	155	14
9	155	13
10	155	10
11	155	14
12	155	14
13	155	13
14	155	14
15	155	15
16	155	14
17	155	15
18	155	18
19	155	16
20	155	16
21	155	14
22	155	9
23	155	6
0	156	0
1	156	0
2	156	4
3	156	0
4	156	4
5	156	4
6	156	7
7	156	33
8	156	14
9	156	41
10	156	11
11	156	39
12	156	47
13	156	27
14	156	23
15	156	17
16	156	17
17	156	27
18	156	23
19	156	23
20	156	14
21	156	33
22	156	7
23	156	7
0	157	0
1	157	0
2	157	0
3	157	0
4	157	0
5	157	0
6	157	0
7	157	35
8	157	6
9	157	16
10	157	6
11	157	49
12	157	44
13	157	0
14	157	16
15	157	21
16	157	6
17	157	6
18	157	11
19	157	6
20	157	16
21	157	11
22	157	0
23	157	6
0	158	0
1	158	0
2	158	0
3	158	0
4	158	3
5	158	6
6	158	6
7	158	6
8	158	8
9	158	8
10	158	6
11	158	8
12	158	16
13	158	3
14	158	18
15	158	6
16	158	11
17	158	8
18	158	6
19	158	13
20	158	3
21	158	3
22	158	6
23	158	3
0	159	0
1	159	0
2	159	0
3	159	0
4	159	0
5	159	4
6	159	8
7	159	0
8	159	0
9	159	0
10	159	8
11	159	16
12	159	12
13	159	16
14	159	8
15	159	12
16	159	4
17	159	8
18	159	12
19	159	16
20	159	0
21	159	8
22	159	4
23	159	4
0	160	0
1	160	0
2	160	0
3	160	0
4	160	0
5	160	0
6	160	0
7	160	0
8	160	0
9	160	0
10	160	28
11	160	0
12	160	0
13	160	0
14	160	0
15	160	28
16	160	0
17	160	28
18	160	28
19	160	0
20	160	52
21	160	0
22	160	0
23	160	0
