Counts for LG(8) in Croatia(9):
Hour	Location Index	Count
0	0	0
1	0	0
2	0	0
3	0	0
4	0	0
5	0	0
6	0	0
7	0	0
8	0	23
9	0	12
10	0	0
11	0	0
12	0	0
13	0	23
14	0	0
15	0	12
16	0	0
17	0	12
18	0	0
19	0	0
20	0	44
21	0	34
22	0	0
23	0	0
0	1	0
1	1	0
2	1	0
3	1	0
4	1	0
5	1	0
6	1	0
7	1	0
8	1	0
9	1	0
10	1	15
11	1	0
12	1	0
13	1	0
14	1	0
15	1	0
16	1	0
17	1	0
18	1	0
19	1	8
20	1	0
21	1	0
22	1	0
23	1	0
0	2	0
1	2	0
2	2	0
3	2	0
4	2	0
5	2	0
6	2	0
7	2	0
8	2	0
9	2	0
10	2	0
11	2	10
12	2	0
13	2	0
14	2	0
15	2	0
16	2	0
17	2	0
18	2	0
19	2	0
20	2	18
21	2	0
22	2	0
23	2	0
0	3	0
1	3	0
2	3	0
3	3	2
4	3	0
5	3	0
6	3	2
7	3	5
8	3	6
9	3	0
10	3	0
11	3	4
12	3	0
13	3	2
14	3	0
15	3	5
16	3	2
17	3	2
18	3	4
19	3	5
20	3	2
21	3	2
22	3	2
23	3	0
0	4	0
1	4	0
2	4	0
3	4	0
4	4	0
5	4	0
6	4	0
7	4	0
8	4	0
9	4	51
10	4	0
11	4	0
12	4	0
13	4	0
14	4	0
15	4	0
16	4	0
17	4	0
18	4	0
19	4	0
20	4	0
21	4	0
22	4	0
23	4	0
0	5	0
1	5	0
2	5	0
3	5	2
4	5	4
5	5	9
6	5	2
7	5	4
8	5	5
9	5	2
10	5	0
11	5	0
12	5	4
13	5	0
14	5	2
15	5	2
16	5	5
17	5	0
18	5	4
19	5	2
20	5	0
21	5	9
22	5	0
23	5	0
0	6	0
1	6	0
2	6	0
3	6	0
4	6	0
5	6	0
6	6	0
7	6	0
8	6	0
9	6	0
10	6	0
11	6	0
12	6	0
13	6	0
14	6	0
15	6	0
16	6	0
17	6	0
18	6	0
19	6	0
20	6	0
21	6	0
22	6	0
23	6	0
0	7	0
1	7	0
2	7	0
3	7	0
4	7	0
5	7	0
6	7	0
7	7	0
8	7	0
9	7	0
10	7	0
11	7	0
12	7	0
13	7	0
14	7	0
15	7	0
16	7	0
17	7	106
18	7	0
19	7	0
20	7	0
21	7	0
22	7	0
23	7	0
0	8	0
1	8	0
2	8	5
3	8	0
4	8	0
5	8	0
6	8	6
7	8	2
8	8	5
9	8	0
10	8	3
11	8	2
12	8	3
13	8	5
14	8	3
15	8	0
16	8	3
17	8	2
18	8	16
19	8	3
20	8	2
21	8	2
22	8	0
23	8	0
0	9	0
1	9	0
2	9	0
3	9	0
4	9	0
5	9	0
6	9	19
7	9	0
8	9	0
9	9	0
10	9	0
11	9	0
12	9	0
13	9	0
14	9	0
15	9	0
16	9	0
17	9	0
18	9	0
19	9	0
20	9	0
21	9	0
22	9	0
23	9	0
0	10	0
1	10	0
2	10	0
3	10	0
4	10	0
5	10	0
6	10	0
7	10	0
8	10	15
9	10	0
10	10	0
11	10	0
12	10	0
13	10	0
14	10	0
15	10	0
16	10	0
17	10	0
18	10	0
19	10	0
20	10	0
21	10	0
22	10	0
23	10	0
0	11	0
1	11	0
2	11	0
3	11	0
4	11	0
5	11	0
6	11	0
7	11	0
8	11	0
9	11	0
10	11	0
11	11	0
12	11	0
13	11	0
14	11	0
15	11	0
16	11	0
17	11	6
18	11	0
19	11	6
20	11	0
21	11	0
22	11	0
23	11	0
0	12	0
1	12	0
2	12	0
3	12	0
4	12	0
5	12	0
6	12	0
7	12	0
8	12	0
9	12	0
10	12	0
11	12	0
12	12	0
13	12	0
14	12	0
15	12	0
16	12	0
17	12	0
18	12	14
19	12	0
20	12	0
21	12	0
22	12	0
23	12	0
0	13	0
1	13	0
2	13	0
3	13	0
4	13	0
5	13	0
6	13	0
7	13	12
8	13	0
9	13	0
10	13	0
11	13	0
12	13	0
13	13	0
14	13	12
15	13	0
16	13	0
17	13	0
18	13	34
19	13	0
20	13	0
21	13	0
22	13	0
23	13	0
0	14	0
1	14	0
2	14	0
3	14	0
4	14	0
5	14	0
6	14	0
7	14	0
8	14	0
9	14	0
10	14	0
11	14	0
12	14	0
13	14	0
14	14	13
15	14	0
16	14	0
17	14	0
18	14	0
19	14	0
20	14	0
21	14	0
22	14	0
23	14	0
0	15	0
1	15	0
2	15	0
3	15	0
4	15	5
5	15	0
6	15	0
7	15	14
8	15	0
9	15	0
10	15	0
11	15	0
12	15	0
13	15	0
14	15	0
15	15	0
16	15	5
17	15	0
18	15	0
19	15	0
20	15	0
21	15	5
22	15	0
23	15	0
0	16	0
1	16	0
2	16	0
3	16	0
4	16	27
5	16	6
6	16	0
7	16	0
8	16	0
9	16	0
10	16	0
11	16	11
12	16	6
13	16	0
14	16	0
15	16	0
16	16	0
17	16	0
18	16	6
19	16	17
20	16	0
21	16	6
22	16	6
23	16	6
0	17	0
1	17	0
2	17	0
3	17	0
4	17	0
5	17	13
6	17	0
7	17	0
8	17	0
9	17	0
10	17	13
11	17	0
12	17	0
13	17	7
14	17	0
15	17	0
16	17	0
17	17	4
18	17	4
19	17	13
20	17	4
21	17	0
22	17	0
23	17	0
0	18	0
1	18	0
2	18	2
3	18	0
4	18	0
5	18	0
6	18	4
7	18	2
8	18	0
9	18	0
10	18	0
11	18	4
12	18	5
13	18	5
14	18	5
15	18	10
16	18	5
17	18	2
18	18	2
19	18	0
20	18	0
21	18	5
22	18	0
23	18	0
0	19	0
1	19	0
2	19	0
3	19	0
4	19	0
5	19	0
6	19	0
7	19	0
8	19	0
9	19	0
10	19	0
11	19	0
12	19	0
13	19	0
14	19	0
15	19	0
16	19	0
17	19	0
18	19	0
19	19	0
20	19	0
21	19	0
22	19	0
23	19	21
0	20	0
1	20	0
2	20	0
3	20	28
4	20	0
5	20	0
6	20	0
7	20	0
8	20	0
9	20	0
10	20	0
11	20	0
12	20	0
13	20	0
14	20	53
15	20	0
16	20	0
17	20	0
18	20	0
19	20	0
20	20	0
21	20	0
22	20	0
23	20	0
0	21	0
1	21	0
2	21	0
3	21	0
4	21	0
5	21	7
6	21	0
7	21	0
8	21	0
9	21	0
10	21	0
11	21	0
12	21	7
13	21	0
14	21	0
15	21	0
16	21	0
17	21	0
18	21	7
19	21	0
20	21	7
21	21	0
22	21	0
23	21	0
0	22	0
1	22	0
2	22	0
3	22	0
4	22	0
5	22	0
6	22	0
7	22	0
8	22	0
9	22	0
10	22	0
11	22	0
12	22	0
13	22	16
14	22	0
15	22	0
16	22	0
17	22	0
18	22	0
19	22	0
20	22	16
21	22	0
22	22	16
23	22	0
0	23	0
1	23	0
2	23	0
3	23	0
4	23	0
5	23	0
6	23	0
7	23	0
8	23	0
9	23	0
10	23	0
11	23	0
12	23	0
13	23	0
14	23	0
15	23	0
16	23	20
17	23	0
18	23	0
19	23	0
20	23	0
21	23	0
22	23	0
23	23	0
0	24	0
1	24	0
2	24	0
3	24	0
4	24	0
5	24	0
6	24	0
7	24	0
8	24	0
9	24	0
10	24	0
11	24	5
12	24	0
13	24	0
14	24	9
15	24	0
16	24	9
17	24	9
18	24	9
19	24	0
20	24	0
21	24	0
22	24	0
23	24	0
0	25	0
1	25	0
2	25	0
3	25	0
4	25	0
5	25	14
6	25	0
7	25	0
8	25	0
9	25	0
10	25	0
11	25	40
12	25	0
13	25	0
14	25	0
15	25	0
16	25	0
17	25	0
18	25	51
19	25	62
20	25	0
21	25	0
22	25	0
23	25	0
0	26	0
1	26	0
2	26	0
3	26	0
4	26	23
5	26	0
6	26	0
7	26	0
8	26	0
9	26	0
10	26	0
11	26	0
12	26	8
13	26	8
14	26	0
15	26	8
16	26	0
17	26	0
18	26	30
19	26	0
20	26	0
21	26	0
22	26	8
23	26	0
0	27	0
1	27	0
2	27	0
3	27	0
4	27	0
5	27	0
6	27	0
7	27	0
8	27	0
9	27	0
10	27	0
11	27	0
12	27	0
13	27	0
14	27	28
15	27	0
16	27	0
17	27	0
18	27	0
19	27	0
20	27	64
21	27	0
22	27	0
23	27	0
0	28	0
1	28	0
2	28	0
3	28	0
4	28	0
5	28	0
6	28	0
7	28	0
8	28	0
9	28	0
10	28	17
11	28	0
12	28	0
13	28	0
14	28	0
15	28	0
16	28	0
17	28	0
18	28	0
19	28	0
20	28	0
21	28	0
22	28	0
23	28	0
0	29	0
1	29	0
2	29	0
3	29	0
4	29	2
5	29	0
6	29	0
7	29	3
8	29	7
9	29	0
10	29	0
11	29	7
12	29	2
13	29	5
14	29	5
15	29	3
16	29	7
17	29	5
18	29	2
19	29	6
20	29	2
21	29	2
22	29	3
23	29	0
0	30	14
1	30	0
2	30	0
3	30	0
4	30	0
5	30	0
6	30	0
7	30	0
8	30	0
9	30	14
10	30	8
11	30	0
12	30	0
13	30	0
14	30	0
15	30	0
16	30	0
17	30	0
18	30	0
19	30	0
20	30	46
21	30	0
22	30	0
23	30	0
0	31	0
1	31	0
2	31	0
3	31	0
4	31	0
5	31	23
6	31	0
7	31	0
8	31	0
9	31	0
10	31	0
11	31	0
12	31	0
13	31	0
14	31	0
15	31	0
16	31	0
17	31	23
18	31	0
19	31	0
20	31	0
21	31	0
22	31	0
23	31	0
0	32	0
1	32	0
2	32	0
3	32	0
4	32	0
5	32	0
6	32	0
7	32	0
8	32	0
9	32	0
10	32	0
11	32	0
12	32	0
13	32	0
14	32	0
15	32	0
16	32	0
17	32	0
18	32	0
19	32	0
20	32	0
21	32	0
22	32	0
23	32	0
0	33	0
1	33	0
2	33	0
3	33	0
4	33	0
5	33	0
6	33	0
7	33	0
8	33	0
9	33	0
10	33	67
11	33	19
12	33	0
13	33	0
14	33	0
15	33	0
16	33	36
17	33	0
18	33	0
19	33	0
20	33	0
21	33	19
22	33	0
23	33	0
0	34	0
1	34	0
2	34	0
3	34	0
4	34	12
5	34	0
6	34	42
7	34	0
8	34	0
9	34	12
10	34	0
11	34	0
12	34	0
13	34	0
14	34	0
15	34	0
16	34	12
17	34	0
18	34	0
19	34	22
20	34	0
21	34	0
22	34	0
23	34	0
0	35	0
1	35	0
2	35	0
3	35	0
4	35	0
5	35	0
6	35	0
7	35	0
8	35	5
9	35	3
10	35	3
11	35	3
12	35	5
13	35	0
14	35	0
15	35	3
16	35	0
17	35	0
18	35	28
19	35	3
20	35	0
21	35	3
22	35	3
23	35	5
0	36	7
1	36	5
2	36	0
3	36	0
4	36	0
5	36	0
6	36	0
7	36	0
8	36	3
9	36	3
10	36	0
11	36	0
12	36	0
13	36	9
14	36	5
15	36	0
16	36	0
17	36	5
18	36	0
19	36	3
20	36	5
21	36	3
22	36	0
23	36	3
0	37	19
1	37	0
2	37	0
3	37	0
4	37	0
5	37	0
6	37	0
7	37	0
8	37	0
9	37	19
10	37	0
11	37	0
12	37	0
13	37	0
14	37	0
15	37	0
16	37	0
17	37	0
18	37	0
19	37	0
20	37	0
21	37	0
22	37	0
23	37	0
0	38	0
1	38	0
2	38	0
3	38	0
4	38	0
5	38	0
6	38	0
7	38	0
8	38	0
9	38	0
10	38	15
11	38	0
12	38	0
13	38	0
14	38	0
15	38	0
16	38	0
17	38	0
18	38	0
19	38	0
20	38	15
21	38	15
22	38	0
23	38	0
0	39	0
1	39	0
2	39	0
3	39	0
4	39	0
5	39	0
6	39	0
7	39	0
8	39	0
9	39	0
10	39	0
11	39	68
12	39	0
13	39	0
14	39	19
15	39	0
16	39	19
17	39	0
18	39	0
19	39	53
20	39	19
21	39	0
22	39	0
23	39	0
0	40	0
1	40	0
2	40	0
3	40	0
4	40	0
5	40	13
6	40	0
7	40	0
8	40	0
9	40	7
10	40	7
11	40	0
12	40	0
13	40	0
14	40	0
15	40	7
16	40	0
17	40	0
18	40	7
19	40	0
20	40	7
21	40	0
22	40	0
23	40	0
0	41	0
1	41	0
2	41	0
3	41	0
4	41	3
5	41	0
6	41	9
7	41	0
8	41	3
9	41	0
10	41	3
11	41	3
12	41	7
13	41	22
14	41	0
15	41	0
16	41	3
17	41	3
18	41	5
19	41	5
20	41	5
21	41	0
22	41	0
23	41	3
0	42	0
1	42	1
2	42	1
3	42	1
4	42	1
5	42	3
6	42	2
7	42	2
8	42	2
9	42	3
10	42	5
11	42	3
12	42	3
13	42	3
14	42	5
15	42	3
16	42	2
17	42	4
18	42	3
19	42	5
20	42	6
21	42	2
22	42	1
23	42	1
0	43	0
1	43	0
2	43	0
3	43	0
4	43	0
5	43	0
6	43	14
7	43	0
8	43	0
9	43	0
10	43	0
11	43	0
12	43	0
13	43	0
14	43	26
15	43	0
16	43	0
17	43	0
18	43	0
19	43	0
20	43	0
21	43	0
22	43	0
23	43	0
0	44	22
1	44	0
2	44	0
3	44	0
4	44	0
5	44	0
6	44	0
7	44	0
8	44	0
9	44	0
10	44	0
11	44	0
12	44	11
13	44	0
14	44	0
15	44	11
16	44	0
17	44	11
18	44	32
19	44	22
20	44	11
21	44	11
22	44	0
23	44	0
0	45	0
1	45	0
2	45	0
3	45	0
4	45	0
5	45	14
6	45	0
7	45	0
8	45	0
9	45	0
10	45	0
11	45	14
12	45	0
13	45	0
14	45	0
15	45	0
16	45	38
17	45	0
18	45	0
19	45	0
20	45	14
21	45	0
22	45	0
23	45	0
0	46	0
1	46	0
2	46	0
3	46	0
4	46	0
5	46	0
6	46	0
7	46	0
8	46	14
9	46	0
10	46	0
11	46	0
12	46	8
13	46	0
14	46	0
15	46	0
16	46	0
17	46	0
18	46	8
19	46	0
20	46	0
21	46	0
22	46	0
23	46	0
0	47	0
1	47	0
2	47	0
3	47	0
4	47	0
5	47	0
6	47	0
7	47	0
8	47	0
9	47	0
10	47	0
11	47	15
12	47	0
13	47	0
14	47	0
15	47	0
16	47	0
17	47	0
18	47	0
19	47	0
20	47	0
21	47	15
22	47	0
23	47	0
0	48	0
1	48	0
2	48	0
3	48	0
4	48	3
5	48	10
6	48	0
7	48	5
8	48	0
9	48	5
10	48	0
11	48	14
12	48	0
13	48	3
14	48	14
15	48	10
16	48	3
17	48	3
18	48	7
19	48	5
20	48	3
21	48	0
22	48	0
23	48	0
0	49	0
1	49	0
2	49	5
3	49	0
4	49	0
5	49	0
6	49	0
7	49	0
8	49	9
9	49	0
10	49	0
11	49	0
12	49	0
13	49	0
14	49	0
15	49	0
16	49	0
17	49	0
18	49	0
19	49	5
20	49	9
21	49	0
22	49	0
23	49	5
0	50	0
1	50	0
2	50	0
3	50	0
4	50	0
5	50	0
6	50	5
7	50	0
8	50	0
9	50	26
10	50	5
11	50	14
12	50	0
13	50	0
14	50	5
15	50	0
16	50	0
17	50	5
18	50	0
19	50	5
20	50	0
21	50	9
22	50	0
23	50	0
0	51	0
1	51	0
2	51	0
3	51	0
4	51	0
5	51	0
6	51	0
7	51	0
8	51	0
9	51	0
10	51	0
11	51	0
12	51	0
13	51	0
14	51	24
15	51	0
16	51	0
17	51	0
18	51	35
19	51	13
20	51	0
21	51	0
22	51	0
23	51	0
0	52	0
1	52	0
2	52	0
3	52	0
4	52	4
5	52	3
6	52	0
7	52	0
8	52	2
9	52	3
10	52	0
11	52	0
12	52	0
13	52	2
14	52	3
15	52	3
16	52	0
17	52	4
18	52	0
19	52	2
20	52	6
21	52	7
22	52	0
23	52	0
0	53	0
1	53	0
2	53	0
3	53	0
4	53	0
5	53	0
6	53	0
7	53	0
8	53	0
9	53	0
10	53	0
11	53	0
12	53	28
13	53	10
14	53	0
15	53	0
16	53	0
17	53	0
18	53	0
19	53	0
20	53	0
21	53	0
22	53	0
23	53	0
0	54	0
1	54	0
2	54	0
3	54	0
4	54	0
5	54	0
6	54	0
7	54	0
8	54	0
9	54	0
10	54	0
11	54	0
12	54	0
13	54	0
14	54	0
15	54	0
16	54	11
17	54	0
18	54	0
19	54	11
20	54	0
21	54	0
22	54	0
23	54	0
0	55	0
1	55	0
2	55	0
3	55	0
4	55	0
5	55	0
6	55	0
7	55	0
8	55	13
9	55	0
10	55	0
11	55	0
12	55	0
13	55	0
14	55	0
15	55	0
16	55	13
17	55	0
18	55	0
19	55	0
20	55	0
21	55	0
22	55	0
23	55	0
0	56	0
1	56	0
2	56	0
3	56	0
4	56	0
5	56	0
6	56	0
7	56	0
8	56	25
9	56	0
10	56	0
11	56	0
12	56	0
13	56	0
14	56	0
15	56	0
16	56	0
17	56	0
18	56	0
19	56	0
20	56	0
21	56	13
22	56	0
23	56	0
0	57	0
1	57	0
2	57	0
3	57	0
4	57	0
5	57	0
6	57	0
7	57	0
8	57	0
9	57	0
10	57	0
11	57	0
12	57	0
13	57	0
14	57	31
15	57	0
16	57	0
17	57	0
18	57	0
19	57	45
20	57	0
21	57	0
22	57	0
23	57	0
0	58	0
1	58	0
2	58	0
3	58	0
4	58	0
5	58	0
6	58	3
7	58	3
8	58	16
9	58	0
10	58	3
11	58	3
12	58	0
13	58	0
14	58	0
15	58	10
16	58	5
17	58	3
18	58	5
19	58	12
20	58	7
21	58	3
22	58	0
23	58	0
0	59	0
1	59	0
2	59	0
3	59	0
4	59	0
5	59	0
6	59	0
7	59	0
8	59	0
9	59	0
10	59	0
11	59	0
12	59	0
13	59	0
14	59	0
15	59	0
16	59	0
17	59	0
18	59	0
19	59	0
20	59	0
21	59	0
22	59	0
23	59	0
0	60	0
1	60	0
2	60	0
3	60	0
4	60	0
5	60	0
6	60	3
7	60	10
8	60	10
9	60	0
10	60	3
11	60	0
12	60	0
13	60	8
14	60	0
15	60	0
16	60	0
17	60	3
18	60	0
19	60	3
20	60	8
21	60	0
22	60	0
23	60	0
0	61	0
1	61	0
2	61	0
3	61	0
4	61	0
5	61	0
6	61	0
7	61	0
8	61	0
9	61	0
10	61	0
11	61	12
12	61	0
13	61	0
14	61	12
15	61	12
16	61	0
17	61	23
18	61	0
19	61	0
20	61	0
21	61	34
22	61	23
23	61	0
0	62	51
1	62	27
2	62	27
3	62	0
4	62	0
5	62	27
6	62	0
7	62	0
8	62	0
9	62	0
10	62	0
11	62	0
12	62	0
13	62	0
14	62	0
15	62	0
16	62	0
17	62	0
18	62	0
19	62	0
20	62	0
21	62	0
22	62	0
23	62	0
0	63	0
1	63	0
2	63	0
3	63	0
4	63	5
5	63	0
6	63	5
7	63	0
8	63	0
9	63	10
10	63	0
11	63	0
12	63	0
13	63	0
14	63	0
15	63	10
16	63	0
17	63	0
18	63	0
19	63	5
20	63	0
21	63	5
22	63	5
23	63	0
0	64	0
1	64	0
2	64	0
3	64	0
4	64	0
5	64	0
6	64	0
7	64	0
8	64	0
9	64	0
10	64	0
11	64	0
12	64	0
13	64	0
14	64	0
15	64	0
16	64	0
17	64	0
18	64	0
19	64	33
20	64	0
21	64	0
22	64	33
23	64	0
0	65	0
1	65	0
2	65	0
3	65	0
4	65	0
5	65	0
6	65	3
7	65	0
8	65	2
9	65	9
10	65	3
11	65	9
12	65	5
13	65	3
14	65	2
15	65	7
16	65	2
17	65	7
18	65	2
19	65	0
20	65	0
21	65	0
22	65	0
23	65	0
0	66	0
1	66	0
2	66	0
3	66	0
4	66	0
5	66	0
6	66	39
7	66	0
8	66	0
9	66	0
10	66	21
11	66	0
12	66	0
13	66	0
14	66	0
15	66	0
16	66	0
17	66	0
18	66	0
19	66	0
20	66	0
21	66	0
22	66	0
23	66	0
0	67	0
1	67	0
2	67	0
3	67	11
4	67	0
5	67	11
6	67	0
7	67	0
8	67	0
9	67	0
10	67	0
11	67	0
12	67	0
13	67	21
14	67	0
15	67	0
16	67	0
17	67	0
18	67	0
19	67	0
20	67	11
21	67	0
22	67	0
23	67	0
0	68	0
1	68	0
2	68	0
3	68	0
4	68	0
5	68	0
6	68	0
7	68	0
8	68	0
9	68	0
10	68	0
11	68	0
12	68	0
13	68	0
14	68	0
15	68	0
16	68	0
17	68	0
18	68	0
19	68	0
20	68	0
21	68	0
22	68	0
23	68	0
0	69	0
1	69	0
2	69	0
3	69	0
4	69	0
5	69	0
6	69	0
7	69	0
8	69	0
9	69	0
10	69	0
11	69	0
12	69	0
13	69	0
14	69	0
15	69	0
16	69	19
17	69	10
18	69	0
19	69	0
20	69	0
21	69	0
22	69	0
23	69	0
0	70	0
1	70	0
2	70	0
3	70	0
4	70	0
5	70	0
6	70	0
7	70	0
8	70	0
9	70	18
10	70	9
11	70	0
12	70	0
13	70	0
14	70	9
15	70	0
16	70	0
17	70	0
18	70	0
19	70	9
20	70	0
21	70	0
22	70	0
23	70	0
0	71	0
1	71	0
2	71	0
3	71	0
4	71	0
5	71	0
6	71	0
7	71	0
8	71	0
9	71	0
10	71	0
11	71	0
12	71	0
13	71	0
14	71	16
15	71	0
16	71	0
17	71	0
18	71	0
19	71	0
20	71	0
21	71	0
22	71	0
23	71	0
0	72	4
1	72	4
2	72	0
3	72	0
4	72	0
5	72	0
6	72	15
7	72	0
8	72	7
9	72	0
10	72	0
11	72	0
12	72	12
13	72	0
14	72	4
15	72	0
16	72	0
17	72	4
18	72	7
19	72	4
20	72	0
21	72	0
22	72	7
23	72	0
0	73	0
1	73	0
2	73	0
3	73	2
4	73	0
5	73	4
6	73	2
7	73	9
8	73	2
9	73	2
10	73	2
11	73	2
12	73	2
13	73	11
14	73	14
15	73	11
16	73	2
17	73	4
18	73	6
19	73	9
20	73	4
21	73	6
22	73	0
23	73	0
0	74	0
1	74	0
2	74	0
3	74	0
4	74	0
5	74	0
6	74	0
7	74	0
8	74	0
9	74	0
10	74	0
11	74	0
12	74	0
13	74	0
14	74	0
15	74	0
16	74	0
17	74	0
18	74	0
19	74	0
20	74	0
21	74	0
22	74	0
23	74	0
0	75	0
1	75	0
2	75	0
3	75	0
4	75	0
5	75	0
6	75	0
7	75	0
8	75	0
9	75	0
10	75	0
11	75	0
12	75	0
13	75	0
14	75	0
15	75	0
16	75	0
17	75	24
18	75	7
19	75	0
20	75	0
21	75	0
22	75	0
23	75	0
0	76	0
1	76	0
2	76	0
3	76	0
4	76	0
5	76	0
6	76	0
7	76	0
8	76	0
9	76	3
10	76	5
11	76	6
12	76	0
13	76	0
14	76	0
15	76	2
16	76	0
17	76	3
18	76	8
19	76	3
20	76	2
21	76	3
22	76	0
23	76	0
0	77	0
1	77	0
2	77	0
3	77	0
4	77	0
5	77	7
6	77	0
7	77	7
8	77	0
9	77	0
10	77	0
11	77	0
12	77	0
13	77	0
14	77	0
15	77	0
16	77	0
17	77	7
18	77	7
19	77	7
20	77	7
21	77	14
22	77	0
23	77	0
0	78	0
1	78	0
2	78	0
3	78	0
4	78	0
5	78	0
6	78	0
7	78	0
8	78	0
9	78	0
10	78	0
11	78	0
12	78	14
13	78	10
14	78	0
15	78	0
16	78	0
17	78	0
18	78	0
19	78	0
20	78	0
21	78	0
22	78	5
23	78	0
0	79	0
1	79	0
2	79	0
3	79	0
4	79	0
5	79	0
6	79	0
7	79	0
8	79	0
9	79	0
10	79	0
11	79	4
12	79	4
13	79	0
14	79	0
15	79	7
16	79	20
17	79	7
18	79	4
19	79	0
20	79	11
21	79	0
22	79	0
23	79	0
0	80	1
1	80	1
2	80	1
3	80	1
4	80	2
5	80	2
6	80	2
7	80	2
8	80	2
9	80	2
10	80	2
11	80	3
12	80	3
13	80	4
14	80	3
15	80	3
16	80	4
17	80	3
18	80	4
19	80	3
20	80	3
21	80	3
22	80	2
23	80	2
0	81	0
1	81	0
2	81	0
3	81	0
4	81	0
5	81	0
6	81	0
7	81	0
8	81	0
9	81	0
10	81	0
11	81	0
12	81	14
13	81	0
14	81	0
15	81	51
16	81	0
17	81	0
18	81	14
19	81	0
20	81	27
21	81	0
22	81	0
23	81	0
0	82	0
1	82	0
2	82	0
3	82	0
4	82	0
5	82	0
6	82	0
7	82	0
8	82	0
9	82	0
10	82	10
11	82	0
12	82	0
13	82	0
14	82	0
15	82	0
16	82	0
17	82	0
18	82	0
19	82	0
20	82	10
21	82	0
22	82	0
23	82	0
0	83	0
1	83	0
2	83	0
3	83	0
4	83	0
5	83	0
6	83	0
7	83	12
8	83	0
9	83	0
10	83	0
11	83	0
12	83	12
13	83	0
14	83	42
15	83	12
16	83	0
17	83	0
18	83	0
19	83	0
20	83	0
21	83	12
22	83	0
23	83	12
0	84	0
1	84	0
2	84	0
3	84	0
4	84	0
5	84	0
6	84	0
7	84	0
8	84	20
9	84	0
10	84	0
11	84	0
12	84	0
13	84	0
14	84	0
15	84	0
16	84	20
17	84	0
18	84	0
19	84	0
20	84	0
21	84	0
22	84	0
23	84	0
0	85	0
1	85	0
2	85	0
3	85	0
4	85	0
5	85	0
6	85	0
7	85	0
8	85	0
9	85	0
10	85	0
11	85	12
12	85	0
13	85	0
14	85	0
15	85	0
16	85	0
17	85	0
18	85	0
19	85	0
20	85	23
21	85	0
22	85	0
23	85	0
0	86	0
1	86	0
2	86	0
3	86	0
4	86	0
5	86	0
6	86	0
7	86	7
8	86	0
9	86	4
10	86	4
11	86	13
12	86	0
13	86	0
14	86	0
15	86	0
16	86	10
17	86	4
18	86	4
19	86	10
20	86	7
21	86	0
22	86	0
23	86	0
0	87	0
1	87	0
2	87	0
3	87	0
4	87	0
5	87	0
6	87	0
7	87	0
8	87	0
9	87	0
10	87	0
11	87	0
12	87	0
13	87	0
14	87	0
15	87	7
16	87	14
17	87	0
18	87	7
19	87	0
20	87	7
21	87	0
22	87	0
23	87	0
0	88	0
1	88	1
2	88	0
3	88	0
4	88	1
5	88	2
6	88	2
7	88	3
8	88	3
9	88	3
10	88	2
11	88	4
12	88	2
13	88	3
14	88	3
15	88	2
16	88	3
17	88	3
18	88	3
19	88	2
20	88	3
21	88	2
22	88	1
23	88	1
0	89	0
1	89	0
2	89	0
3	89	0
4	89	0
5	89	0
6	89	0
7	89	0
8	89	0
9	89	0
10	89	0
11	89	0
12	89	0
13	89	0
14	89	0
15	89	0
16	89	0
17	89	0
18	89	0
19	89	0
20	89	0
21	89	0
22	89	0
23	89	0
0	90	0
1	90	0
2	90	0
3	90	0
4	90	0
5	90	0
6	90	0
7	90	0
8	90	0
9	90	0
10	90	0
11	90	0
12	90	0
13	90	19
14	90	0
15	90	0
16	90	0
17	90	0
18	90	0
19	90	0
20	90	0
21	90	0
22	90	0
23	90	0
0	91	0
1	91	0
2	91	0
3	91	0
4	91	0
5	91	0
6	91	24
7	91	0
8	91	0
9	91	0
10	91	0
11	91	0
12	91	0
13	91	0
14	91	0
15	91	0
16	91	0
17	91	0
18	91	0
19	91	0
20	91	0
21	91	0
22	91	0
23	91	0
0	92	0
1	92	0
2	92	0
3	92	0
4	92	0
5	92	0
6	92	0
7	92	10
8	92	10
9	92	5
10	92	0
11	92	5
12	92	0
13	92	0
14	92	0
15	92	5
16	92	5
17	92	0
18	92	0
19	92	5
20	92	5
21	92	0
22	92	0
23	92	0
0	93	0
1	93	0
2	93	0
3	93	0
4	93	0
5	93	0
6	93	0
7	93	20
8	93	5
9	93	0
10	93	0
11	93	0
12	93	0
13	93	12
14	93	5
15	93	0
16	93	12
17	93	0
18	93	0
19	93	5
20	93	0
21	93	0
22	93	5
23	93	0
0	94	0
1	94	0
2	94	1
3	94	2
4	94	0
5	94	1
6	94	5
7	94	1
8	94	1
9	94	0
10	94	0
11	94	1
12	94	2
13	94	5
14	94	2
15	94	6
16	94	3
17	94	0
18	94	6
19	94	1
20	94	2
21	94	0
22	94	2
23	94	0
0	95	0
1	95	0
2	95	0
3	95	0
4	95	0
5	95	0
6	95	0
7	95	0
8	95	0
9	95	0
10	95	0
11	95	0
12	95	0
13	95	0
14	95	0
15	95	0
16	95	0
17	95	48
18	95	33
19	95	0
20	95	0
21	95	0
22	95	0
23	95	0
0	96	0
1	96	0
2	96	0
3	96	0
4	96	0
5	96	0
6	96	0
7	96	0
8	96	0
9	96	0
10	96	0
11	96	0
12	96	0
13	96	0
14	96	0
15	96	0
16	96	0
17	96	0
18	96	0
19	96	11
20	96	0
21	96	0
22	96	0
23	96	0
0	97	1
1	97	1
2	97	1
3	97	1
4	97	1
5	97	2
6	97	2
7	97	2
8	97	3
9	97	3
10	97	3
11	97	3
12	97	3
13	97	3
14	97	4
15	97	3
16	97	3
17	97	3
18	97	3
19	97	4
20	97	3
21	97	3
22	97	2
23	97	1
0	98	0
1	98	18
2	98	0
3	98	0
4	98	63
5	98	0
6	98	0
7	98	34
8	98	0
9	98	0
10	98	0
11	98	0
12	98	0
13	98	18
14	98	18
15	98	0
16	98	0
17	98	0
18	98	0
19	98	0
20	98	34
21	98	0
22	98	0
23	98	0
0	99	0
1	99	0
2	99	0
3	99	0
4	99	0
5	99	0
6	99	0
7	99	0
8	99	0
9	99	0
10	99	0
11	99	0
12	99	12
13	99	6
14	99	6
15	99	12
16	99	0
17	99	18
18	99	0
19	99	6
20	99	0
21	99	6
22	99	0
23	99	0
0	100	0
1	100	1
2	100	0
3	100	0
4	100	1
5	100	7
6	100	3
7	100	1
8	100	1
9	100	7
10	100	7
11	100	4
12	100	5
13	100	4
14	100	4
15	100	1
16	100	5
17	100	8
18	100	10
19	100	11
20	100	6
21	100	1
22	100	7
23	100	0
0	101	0
1	101	0
2	101	0
3	101	0
4	101	0
5	101	0
6	101	0
7	101	0
8	101	0
9	101	0
10	101	0
11	101	11
12	101	0
13	101	0
14	101	0
15	101	21
16	101	0
17	101	0
18	101	0
19	101	0
20	101	0
21	101	0
22	101	0
23	101	0
0	102	0
1	102	0
2	102	0
3	102	0
4	102	0
5	102	0
6	102	0
7	102	0
8	102	0
9	102	0
10	102	0
11	102	0
12	102	0
13	102	0
14	102	0
15	102	0
16	102	0
17	102	0
18	102	16
19	102	0
20	102	0
21	102	0
22	102	0
23	102	0
0	103	0
1	103	0
2	103	0
3	103	0
4	103	0
5	103	0
6	103	44
7	103	0
8	103	23
9	103	0
10	103	0
11	103	12
12	103	0
13	103	0
14	103	0
15	103	0
16	103	0
17	103	0
18	103	0
19	103	12
20	103	0
21	103	0
22	103	0
23	103	0
0	104	0
1	104	0
2	104	0
3	104	0
4	104	0
5	104	0
6	104	5
7	104	15
8	104	5
9	104	0
10	104	0
11	104	0
12	104	0
13	104	0
14	104	0
15	104	0
16	104	0
17	104	5
18	104	10
19	104	15
20	104	0
21	104	0
22	104	0
23	104	0
0	105	0
1	105	0
2	105	0
3	105	0
4	105	0
5	105	0
6	105	0
7	105	0
8	105	7
9	105	0
10	105	7
11	105	0
12	105	0
13	105	0
14	105	0
15	105	0
16	105	0
17	105	20
18	105	0
19	105	0
20	105	20
21	105	0
22	105	0
23	105	0
0	106	0
1	106	0
2	106	0
3	106	0
4	106	0
5	106	0
6	106	0
7	106	12
8	106	0
9	106	0
10	106	0
11	106	0
12	106	0
13	106	0
14	106	0
15	106	12
16	106	0
17	106	0
18	106	0
19	106	0
20	106	0
21	106	0
22	106	0
23	106	0
0	107	0
1	107	2
2	107	0
3	107	0
4	107	5
5	107	0
6	107	4
7	107	10
8	107	10
9	107	4
10	107	2
11	107	5
12	107	0
13	107	0
14	107	8
15	107	4
16	107	7
17	107	4
18	107	10
19	107	0
20	107	7
21	107	0
22	107	2
23	107	0
0	108	0
1	108	0
2	108	0
3	108	0
4	108	0
5	108	0
6	108	9
7	108	17
8	108	0
9	108	0
10	108	0
11	108	0
12	108	0
13	108	0
14	108	0
15	108	0
16	108	0
17	108	0
18	108	9
19	108	0
20	108	9
21	108	0
22	108	0
23	108	0
0	109	0
1	109	0
2	109	0
3	109	0
4	109	0
5	109	0
6	109	0
7	109	0
8	109	0
9	109	20
10	109	0
11	109	0
12	109	0
13	109	10
14	109	0
15	109	0
16	109	0
17	109	20
18	109	0
19	109	0
20	109	0
21	109	0
22	109	0
23	109	0
0	110	0
1	110	0
2	110	0
3	110	0
4	110	0
5	110	0
6	110	3
7	110	2
8	110	6
9	110	5
10	110	7
11	110	3
12	110	2
13	110	4
14	110	3
15	110	0
16	110	0
17	110	0
18	110	4
19	110	8
20	110	2
21	110	0
22	110	0
23	110	0
0	111	0
1	111	0
2	111	0
3	111	0
4	111	0
5	111	0
6	111	0
7	111	0
8	111	14
9	111	0
10	111	0
11	111	0
12	111	14
13	111	0
14	111	0
15	111	0
16	111	0
17	111	26
18	111	26
19	111	0
20	111	0
21	111	0
22	111	0
23	111	0
0	112	0
1	112	0
2	112	0
3	112	0
4	112	0
5	112	0
6	112	0
7	112	0
8	112	0
9	112	0
10	112	0
11	112	10
12	112	0
13	112	0
14	112	0
15	112	0
16	112	0
17	112	14
18	112	10
19	112	5
20	112	5
21	112	0
22	112	0
23	112	0
0	113	0
1	113	0
2	113	0
3	113	0
4	113	0
5	113	34
6	113	23
7	113	0
8	113	0
9	113	0
10	113	0
11	113	0
12	113	0
13	113	0
14	113	0
15	113	0
16	113	12
17	113	0
18	113	0
19	113	0
20	113	0
21	113	0
22	113	0
23	113	0
0	114	0
1	114	0
2	114	0
3	114	0
4	114	0
5	114	0
6	114	0
7	114	73
8	114	40
9	114	0
10	114	0
11	114	0
12	114	0
13	114	21
14	114	0
15	114	40
16	114	0
17	114	0
18	114	0
19	114	0
20	114	0
21	114	0
22	114	0
23	114	0
0	115	0
1	115	0
2	115	0
3	115	0
4	115	0
5	115	0
6	115	0
7	115	0
8	115	0
9	115	26
10	115	0
11	115	0
12	115	0
13	115	0
14	115	0
15	115	0
16	115	0
17	115	14
18	115	0
19	115	0
20	115	0
21	115	0
22	115	0
23	115	0
0	116	0
1	116	0
2	116	0
3	116	0
4	116	0
5	116	0
6	116	0
7	116	0
8	116	0
9	116	0
10	116	27
11	116	0
12	116	0
13	116	0
14	116	18
15	116	0
16	116	0
17	116	0
18	116	0
19	116	10
20	116	0
21	116	0
22	116	0
23	116	0
0	117	0
1	117	0
2	117	0
3	117	0
4	117	0
5	117	0
6	117	7
7	117	4
8	117	0
9	117	0
10	117	4
11	117	4
12	117	4
13	117	0
14	117	7
15	117	0
16	117	0
17	117	10
18	117	4
19	117	0
20	117	0
21	117	0
22	117	0
23	117	0
0	118	0
1	118	0
2	118	0
3	118	0
4	118	0
5	118	0
6	118	0
7	118	0
8	118	0
9	118	0
10	118	0
11	118	0
12	118	0
13	118	0
14	118	0
15	118	0
16	118	0
17	118	13
18	118	0
19	118	0
20	118	13
21	118	0
22	118	0
23	118	0
0	119	0
1	119	0
2	119	0
3	119	0
4	119	0
5	119	0
6	119	5
7	119	0
8	119	0
9	119	0
10	119	0
11	119	16
12	119	0
13	119	0
14	119	0
15	119	5
16	119	8
17	119	0
18	119	0
19	119	0
20	119	0
21	119	8
22	119	5
23	119	0
0	120	0
1	120	0
2	120	0
3	120	0
4	120	0
5	120	3
6	120	2
7	120	3
8	120	3
9	120	2
10	120	4
11	120	2
12	120	6
13	120	9
14	120	0
15	120	4
16	120	8
17	120	2
18	120	0
19	120	2
20	120	5
21	120	2
22	120	0
23	120	0
0	121	0
1	121	0
2	121	0
3	121	0
4	121	0
5	121	0
6	121	0
7	121	0
8	121	0
9	121	0
10	121	37
11	121	0
12	121	0
13	121	0
14	121	0
15	121	0
16	121	37
17	121	0
18	121	0
19	121	0
20	121	0
21	121	0
22	121	0
23	121	0
0	122	0
1	122	11
2	122	0
3	122	0
4	122	0
5	122	0
6	122	0
7	122	0
8	122	0
9	122	0
10	122	0
11	122	0
12	122	0
13	122	0
14	122	0
15	122	0
16	122	11
17	122	31
18	122	50
19	122	0
20	122	0
21	122	0
22	122	0
23	122	0
0	123	0
1	123	0
2	123	0
3	123	0
4	123	0
5	123	0
6	123	0
7	123	0
8	123	0
9	123	0
10	123	0
11	123	0
12	123	0
13	123	0
14	123	0
15	123	0
16	123	0
17	123	0
18	123	0
19	123	0
20	123	0
21	123	0
22	123	0
23	123	0
0	124	0
1	124	0
2	124	5
3	124	0
4	124	0
5	124	0
6	124	5
7	124	9
8	124	5
9	124	0
10	124	0
11	124	0
12	124	0
13	124	0
14	124	5
15	124	0
16	124	0
17	124	9
18	124	0
19	124	9
20	124	0
21	124	0
22	124	0
23	124	0
0	125	0
1	125	0
2	125	0
3	125	0
4	125	0
5	125	4
6	125	0
7	125	0
8	125	4
9	125	4
10	125	0
11	125	0
12	125	4
13	125	0
14	125	7
15	125	0
16	125	0
17	125	0
18	125	0
19	125	7
20	125	4
21	125	4
22	125	0
23	125	0
0	126	0
1	126	0
2	126	0
3	126	0
4	126	0
5	126	0
6	126	0
7	126	0
8	126	0
9	126	0
10	126	0
11	126	0
12	126	0
13	126	0
14	126	0
15	126	0
16	126	0
17	126	0
18	126	0
19	126	0
20	126	0
21	126	0
22	126	0
23	126	0
0	127	0
1	127	0
2	127	0
3	127	0
4	127	0
5	127	0
6	127	5
7	127	0
8	127	0
9	127	0
10	127	0
11	127	0
12	127	0
13	127	0
14	127	0
15	127	10
16	127	0
17	127	0
18	127	5
19	127	10
20	127	0
21	127	5
22	127	0
23	127	0
0	128	0
1	128	0
2	128	0
3	128	0
4	128	0
5	128	0
6	128	13
7	128	0
8	128	4
9	128	7
10	128	0
11	128	7
12	128	0
13	128	0
14	128	4
15	128	4
16	128	0
17	128	13
18	128	16
19	128	0
20	128	0
21	128	4
22	128	0
23	128	0
0	129	0
1	129	0
2	129	0
3	129	4
4	129	0
5	129	0
6	129	0
7	129	0
8	129	0
9	129	7
10	129	0
11	129	4
12	129	14
13	129	7
14	129	4
15	129	0
16	129	0
17	129	7
18	129	4
19	129	0
20	129	0
21	129	0
22	129	0
23	129	0
0	130	0
1	130	0
2	130	0
3	130	0
4	130	0
5	130	0
6	130	0
7	130	0
8	130	0
9	130	0
10	130	0
11	130	0
12	130	0
13	130	0
14	130	0
15	130	0
16	130	0
17	130	0
18	130	0
19	130	0
20	130	0
21	130	0
22	130	0
23	130	0
0	131	2
1	131	1
2	131	1
3	131	1
4	131	2
5	131	2
6	131	3
7	131	4
8	131	2
9	131	3
10	131	3
11	131	3
12	131	5
13	131	3
14	131	3
15	131	3
16	131	6
17	131	3
18	131	4
19	131	2
20	131	4
21	131	3
22	131	3
23	131	2
0	132	0
1	132	0
2	132	0
3	132	0
4	132	0
5	132	0
6	132	0
7	132	0
8	132	0
9	132	0
10	132	0
11	132	0
12	132	0
13	132	0
14	132	0
15	132	0
16	132	0
17	132	11
18	132	0
19	132	0
20	132	0
21	132	0
22	132	0
23	132	0
0	133	0
1	133	0
2	133	0
3	133	0
4	133	0
5	133	0
6	133	0
7	133	0
8	133	0
9	133	0
10	133	0
11	133	0
12	133	0
13	133	8
14	133	8
15	133	0
16	133	0
17	133	0
18	133	8
19	133	0
20	133	0
21	133	0
22	133	0
23	133	0
0	134	0
1	134	0
2	134	0
3	134	0
4	134	0
5	134	0
6	134	0
7	134	0
8	134	0
9	134	0
10	134	0
11	134	35
12	134	0
13	134	0
14	134	0
15	134	0
16	134	0
17	134	0
18	134	0
19	134	0
20	134	0
21	134	35
22	134	0
23	134	0
0	135	2
1	135	0
2	135	0
3	135	1
4	135	2
5	135	2
6	135	2
7	135	1
8	135	6
9	135	2
10	135	2
11	135	4
12	135	2
13	135	2
14	135	4
15	135	1
16	135	0
17	135	1
18	135	5
19	135	4
20	135	0
21	135	2
22	135	2
23	135	0
0	136	0
1	136	0
2	136	0
3	136	0
4	136	0
5	136	0
6	136	0
7	136	0
8	136	0
9	136	0
10	136	0
11	136	0
12	136	0
13	136	0
14	136	0
15	136	0
16	136	0
17	136	0
18	136	0
19	136	0
20	136	0
21	136	0
22	136	0
23	136	0
0	137	0
1	137	0
2	137	0
3	137	0
4	137	0
5	137	0
6	137	0
7	137	0
8	137	6
9	137	0
10	137	0
11	137	12
12	137	18
13	137	6
14	137	0
15	137	6
16	137	0
17	137	0
18	137	0
19	137	0
20	137	0
21	137	0
22	137	0
23	137	0
0	138	0
1	138	0
2	138	0
3	138	0
4	138	0
5	138	0
6	138	0
7	138	0
8	138	0
9	138	0
10	138	0
11	138	0
12	138	0
13	138	0
14	138	0
15	138	0
16	138	0
17	138	0
18	138	0
19	138	0
20	138	0
21	138	0
22	138	0
23	138	0
0	139	0
1	139	0
2	139	0
3	139	0
4	139	0
5	139	0
6	139	16
7	139	16
8	139	0
9	139	0
10	139	0
11	139	0
12	139	0
13	139	0
14	139	0
15	139	0
16	139	0
17	139	0
18	139	0
19	139	0
20	139	0
21	139	0
22	139	0
23	139	0
0	140	0
1	140	0
2	140	0
3	140	0
4	140	0
5	140	0
6	140	0
7	140	0
8	140	0
9	140	0
10	140	0
11	140	0
12	140	0
13	140	15
14	140	0
15	140	0
16	140	0
17	140	0
18	140	0
19	140	0
20	140	0
21	140	0
22	140	0
23	140	0
0	141	0
1	141	0
2	141	0
3	141	0
4	141	0
5	141	0
6	141	0
7	141	0
8	141	0
9	141	12
10	141	0
11	141	6
12	141	0
13	141	0
14	141	0
15	141	6
16	141	12
17	141	0
18	141	0
19	141	6
20	141	6
21	141	0
22	141	0
23	141	0
0	142	0
1	142	0
2	142	0
3	142	0
4	142	0
5	142	0
6	142	0
7	142	0
8	142	0
9	142	0
10	142	0
11	142	0
12	142	0
13	142	0
14	142	0
15	142	0
16	142	0
17	142	137
18	142	0
19	142	0
20	142	0
21	142	0
22	142	0
23	142	0
0	143	0
1	143	0
2	143	0
3	143	0
4	143	0
5	143	0
6	143	0
7	143	0
8	143	0
9	143	0
10	143	0
11	143	0
12	143	16
13	143	0
14	143	8
15	143	0
16	143	0
17	143	0
18	143	0
19	143	0
20	143	16
21	143	0
22	143	0
23	143	0
0	144	1
1	144	1
2	144	1
3	144	1
4	144	1
5	144	2
6	144	3
7	144	3
8	144	4
9	144	4
10	144	4
11	144	4
12	144	4
13	144	4
14	144	4
15	144	4
16	144	4
17	144	4
18	144	4
19	144	4
20	144	4
21	144	3
22	144	2
23	144	1
0	145	0
1	145	0
2	145	0
3	145	0
4	145	0
5	145	0
6	145	5
7	145	0
8	145	5
9	145	0
10	145	0
11	145	0
12	145	0
13	145	0
14	145	0
15	145	0
16	145	0
17	145	0
18	145	0
19	145	0
20	145	0
21	145	5
22	145	0
23	145	0
0	146	0
1	146	0
2	146	0
3	146	0
4	146	0
5	146	0
6	146	0
7	146	0
8	146	0
9	146	0
10	146	0
11	146	0
12	146	0
13	146	0
14	146	0
15	146	17
16	146	0
17	146	17
18	146	0
19	146	0
20	146	0
21	146	0
22	146	0
23	146	17
0	147	0
1	147	0
2	147	0
3	147	0
4	147	0
5	147	0
6	147	0
7	147	0
8	147	0
9	147	0
10	147	0
11	147	0
12	147	0
13	147	0
14	147	0
15	147	0
16	147	0
17	147	0
18	147	0
19	147	0
20	147	0
21	147	0
22	147	0
23	147	0
0	148	0
1	148	0
2	148	0
3	148	0
4	148	0
5	148	0
6	148	0
7	148	0
8	148	0
9	148	0
10	148	0
11	148	0
12	148	0
13	148	0
14	148	0
15	148	0
16	148	0
17	148	0
18	148	0
19	148	0
20	148	0
21	148	0
22	148	20
23	148	0
0	149	0
1	149	0
2	149	0
3	149	0
4	149	0
5	149	0
6	149	0
7	149	0
8	149	0
9	149	0
10	149	0
11	149	0
12	149	0
13	149	0
14	149	0
15	149	0
16	149	0
17	149	0
18	149	0
19	149	0
20	149	0
21	149	0
22	149	0
23	149	0
0	150	7
1	150	0
2	150	0
3	150	0
4	150	0
5	150	0
6	150	0
7	150	0
8	150	7
9	150	25
10	150	4
11	150	0
12	150	0
13	150	0
14	150	0
15	150	0
16	150	0
17	150	0
18	150	0
19	150	7
20	150	0
21	150	4
22	150	0
23	150	7
0	151	0
1	151	0
2	151	0
3	151	0
4	151	0
5	151	0
6	151	0
7	151	0
8	151	0
9	151	0
10	151	0
11	151	0
12	151	0
13	151	0
14	151	0
15	151	0
16	151	0
17	151	0
18	151	0
19	151	0
20	151	0
21	151	0
22	151	0
23	151	0
0	152	0
1	152	0
2	152	0
3	152	0
4	152	0
5	152	0
6	152	0
7	152	0
8	152	0
9	152	0
10	152	0
11	152	0
12	152	45
13	152	16
14	152	0
15	152	0
16	152	0
17	152	0
18	152	0
19	152	0
20	152	0
21	152	0
22	152	0
23	152	0
0	153	0
1	153	0
2	153	0
3	153	0
4	153	0
5	153	0
6	153	0
7	153	0
8	153	0
9	153	10
10	153	0
11	153	10
12	153	0
13	153	0
14	153	0
15	153	0
16	153	0
17	153	0
18	153	0
19	153	0
20	153	0
21	153	0
22	153	0
23	153	0
0	154	0
1	154	0
2	154	0
3	154	0
4	154	4
5	154	0
6	154	0
7	154	0
8	154	0
9	154	0
10	154	0
11	154	0
12	154	7
13	154	0
14	154	4
15	154	0
16	154	0
17	154	0
18	154	4
19	154	0
20	154	0
21	154	0
22	154	0
23	154	0
0	155	1
1	155	0
2	155	1
3	155	1
4	155	1
5	155	1
6	155	2
7	155	2
8	155	3
9	155	4
10	155	3
11	155	3
12	155	5
13	155	4
14	155	5
15	155	4
16	155	3
17	155	3
18	155	3
19	155	4
20	155	3
21	155	2
22	155	2
23	155	1
0	156	0
1	156	0
2	156	0
3	156	0
4	156	0
5	156	0
6	156	0
7	156	0
8	156	4
9	156	0
10	156	4
11	156	4
12	156	0
13	156	0
14	156	0
15	156	4
16	156	7
17	156	7
18	156	0
19	156	0
20	156	0
21	156	14
22	156	0
23	156	0
0	157	0
1	157	0
2	157	0
3	157	0
4	157	0
5	157	0
6	157	6
7	157	0
8	157	0
9	157	0
10	157	0
11	157	0
12	157	0
13	157	0
14	157	6
15	157	0
16	157	0
17	157	6
18	157	6
19	157	0
20	157	0
21	157	0
22	157	0
23	157	6
0	158	0
1	158	0
2	158	0
3	158	0
4	158	3
5	158	0
6	158	3
7	158	0
8	158	6
9	158	13
10	158	3
11	158	11
12	158	0
13	158	3
14	158	11
15	158	0
16	158	0
17	158	3
18	158	0
19	158	0
20	158	3
21	158	6
22	158	0
23	158	0
0	159	0
1	159	0
2	159	0
3	159	0
4	159	0
5	159	0
6	159	0
7	159	8
8	159	0
9	159	8
10	159	8
11	159	0
12	159	8
13	159	0
14	159	4
15	159	8
16	159	16
17	159	4
18	159	8
19	159	8
20	159	0
21	159	0
22	159	4
23	159	0
0	160	0
1	160	0
2	160	0
3	160	0
4	160	0
5	160	0
6	160	0
7	160	0
8	160	0
9	160	0
10	160	0
11	160	28
12	160	0
13	160	0
14	160	0
15	160	0
16	160	0
17	160	0
18	160	0
19	160	28
20	160	0
21	160	0
22	160	0
23	160	0
