Counts for HTC(5) in Egypt(12):
Hour	Location Index	Count
0	0	0
1	0	0
2	0	0
3	0	0
4	0	0
5	0	0
6	0	0
7	0	0
8	0	0
9	0	0
10	0	0
11	0	0
12	0	0
13	0	0
14	0	0
15	0	0
16	0	0
17	0	0
18	0	0
19	0	0
20	0	0
21	0	0
22	0	0
23	0	27
0	1	0
1	1	0
2	1	0
3	1	0
4	1	0
5	1	0
6	1	0
7	1	0
8	1	0
9	1	0
10	1	0
11	1	0
12	1	0
13	1	0
14	1	0
15	1	0
16	1	0
17	1	0
18	1	0
19	1	0
20	1	0
21	1	0
22	1	0
23	1	0
0	2	0
1	2	0
2	2	0
3	2	0
4	2	0
5	2	0
6	2	0
7	2	0
8	2	0
9	2	0
10	2	0
11	2	0
12	2	0
13	2	0
14	2	0
15	2	0
16	2	0
17	2	0
18	2	0
19	2	0
20	2	0
21	2	0
22	2	0
23	2	0
0	3	0
1	3	0
2	3	0
3	3	0
4	3	0
5	3	0
6	3	0
7	3	0
8	3	0
9	3	0
10	3	0
11	3	0
12	3	0
13	3	0
14	3	0
15	3	0
16	3	0
17	3	0
18	3	0
19	3	0
20	3	0
21	3	0
22	3	0
23	3	0
0	4	0
1	4	0
2	4	0
3	4	0
4	4	0
5	4	7
6	4	0
7	4	0
8	4	0
9	4	0
10	4	0
11	4	7
12	4	0
13	4	0
14	4	0
15	4	0
16	4	0
17	4	0
18	4	0
19	4	0
20	4	0
21	4	0
22	4	7
23	4	0
0	5	0
1	5	0
2	5	0
3	5	0
4	5	0
5	5	0
6	5	0
7	5	0
8	5	0
9	5	0
10	5	0
11	5	0
12	5	0
13	5	0
14	5	10
15	5	5
16	5	5
17	5	0
18	5	0
19	5	10
20	5	0
21	5	5
22	5	10
23	5	0
0	6	0
1	6	0
2	6	0
3	6	0
4	6	0
5	6	0
6	6	0
7	6	0
8	6	0
9	6	0
10	6	0
11	6	0
12	6	19
13	6	0
14	6	0
15	6	0
16	6	0
17	6	0
18	6	0
19	6	0
20	6	0
21	6	0
22	6	0
23	6	0
0	7	0
1	7	0
2	7	0
3	7	0
4	7	0
5	7	0
6	7	0
7	7	0
8	7	19
9	7	0
10	7	0
11	7	0
12	7	0
13	7	0
14	7	0
15	7	0
16	7	0
17	7	0
18	7	0
19	7	0
20	7	0
21	7	0
22	7	0
23	7	0
0	8	1
1	8	0
2	8	0
3	8	0
4	8	0
5	8	0
6	8	0
7	8	0
8	8	2
9	8	0
10	8	0
11	8	0
12	8	1
13	8	1
14	8	2
15	8	2
16	8	0
17	8	0
18	8	1
19	8	1
20	8	0
21	8	0
22	8	0
23	8	0
0	9	0
1	9	0
2	9	0
3	9	0
4	9	0
5	9	0
6	9	0
7	9	0
8	9	0
9	9	0
10	9	0
11	9	0
12	9	0
13	9	6
14	9	0
15	9	0
16	9	0
17	9	0
18	9	0
19	9	0
20	9	0
21	9	0
22	9	0
23	9	0
0	10	2
1	10	1
2	10	1
3	10	1
4	10	1
5	10	1
6	10	1
7	10	1
8	10	2
9	10	2
10	10	2
11	10	2
12	10	2
13	10	2
14	10	2
15	10	2
16	10	2
17	10	3
18	10	2
19	10	3
20	10	2
21	10	2
22	10	3
23	10	2
0	11	0
1	11	0
2	11	0
3	11	0
4	11	0
5	11	0
6	11	0
7	11	0
8	11	0
9	11	0
10	11	0
11	11	0
12	11	0
13	11	0
14	11	0
15	11	0
16	11	0
17	11	0
18	11	0
19	11	0
20	11	0
21	11	0
22	11	0
23	11	0
0	12	0
1	12	0
2	12	0
3	12	0
4	12	0
5	12	2
6	12	0
7	12	0
8	12	0
9	12	0
10	12	0
11	12	0
12	12	9
13	12	0
14	12	0
15	12	2
16	12	4
17	12	0
18	12	0
19	12	0
20	12	0
21	12	0
22	12	0
23	12	0
0	13	0
1	13	7
2	13	7
3	13	0
4	13	0
5	13	0
6	13	0
7	13	0
8	13	0
9	13	0
10	13	0
11	13	0
12	13	0
13	13	0
14	13	0
15	13	0
16	13	0
17	13	0
18	13	0
19	13	0
20	13	0
21	13	0
22	13	0
23	13	0
0	14	0
1	14	0
2	14	0
3	14	0
4	14	0
5	14	0
6	14	0
7	14	0
8	14	0
9	14	0
10	14	0
11	14	0
12	14	0
13	14	0
14	14	0
15	14	0
16	14	0
17	14	0
18	14	0
19	14	0
20	14	0
21	14	0
22	14	0
23	14	0
0	15	0
1	15	0
2	15	0
3	15	0
4	15	0
5	15	0
6	15	0
7	15	0
8	15	0
9	15	0
10	15	0
11	15	0
12	15	0
13	15	0
14	15	0
15	15	0
16	15	0
17	15	0
18	15	0
19	15	0
20	15	0
21	15	0
22	15	25
23	15	0
0	16	0
1	16	0
2	16	0
3	16	0
4	16	0
5	16	0
6	16	0
7	16	0
8	16	0
9	16	0
10	16	0
11	16	0
12	16	38
13	16	0
14	16	0
15	16	0
16	16	0
17	16	0
18	16	0
19	16	0
20	16	0
21	16	0
22	16	0
23	16	0
0	17	1
1	17	1
2	17	1
3	17	1
4	17	1
5	17	1
6	17	1
7	17	1
8	17	1
9	17	1
10	17	2
11	17	2
12	17	2
13	17	2
14	17	2
15	17	2
16	17	2
17	17	2
18	17	2
19	17	2
20	17	2
21	17	3
22	17	2
23	17	1
0	18	2
1	18	0
2	18	0
3	18	0
4	18	0
5	18	0
6	18	0
7	18	3
8	18	3
9	18	0
10	18	2
11	18	0
12	18	3
13	18	2
14	18	2
15	18	2
16	18	2
17	18	1
18	18	2
19	18	4
20	18	0
21	18	3
22	18	2
23	18	2
0	19	2
1	19	0
2	19	2
3	19	0
4	19	0
5	19	0
6	19	2
7	19	1
8	19	3
9	19	0
10	19	2
11	19	2
12	19	3
13	19	2
14	19	5
15	19	0
16	19	2
17	19	1
18	19	2
19	19	0
20	19	3
21	19	2
22	19	2
23	19	2
0	20	1
1	20	1
2	20	1
3	20	1
4	20	1
5	20	1
6	20	1
7	20	2
8	20	2
9	20	2
10	20	2
11	20	2
12	20	2
13	20	2
14	20	2
15	20	2
16	20	2
17	20	2
18	20	2
19	20	2
20	20	2
21	20	2
22	20	2
23	20	2
0	21	0
1	21	0
2	21	0
3	21	0
4	21	0
5	21	0
6	21	0
7	21	0
8	21	3
9	21	0
10	21	0
11	21	2
12	21	6
13	21	3
14	21	2
15	21	0
16	21	0
17	21	0
18	21	12
19	21	0
20	21	5
21	21	0
22	21	0
23	21	0
0	22	0
1	22	0
2	22	0
3	22	0
4	22	0
5	22	0
6	22	0
7	22	0
8	22	0
9	22	0
10	22	0
11	22	0
12	22	0
13	22	0
14	22	0
15	22	0
16	22	0
17	22	0
18	22	0
19	22	0
20	22	0
21	22	0
22	22	0
23	22	0
0	23	0
1	23	0
2	23	0
3	23	0
4	23	0
5	23	0
6	23	0
7	23	0
8	23	0
9	23	0
10	23	0
11	23	0
12	23	0
13	23	0
14	23	0
15	23	0
16	23	0
17	23	0
18	23	0
19	23	0
20	23	0
21	23	0
22	23	0
23	23	0
0	24	0
1	24	0
2	24	0
3	24	0
4	24	0
5	24	0
6	24	0
7	24	0
8	24	6
9	24	0
10	24	0
11	24	0
12	24	0
13	24	0
14	24	0
15	24	0
16	24	6
17	24	0
18	24	0
19	24	0
20	24	0
21	24	0
22	24	0
23	24	0
0	25	0
1	25	0
2	25	0
3	25	0
4	25	0
5	25	0
6	25	0
7	25	0
8	25	0
9	25	0
10	25	0
11	25	0
12	25	0
13	25	0
14	25	0
15	25	0
16	25	0
17	25	0
18	25	0
19	25	0
20	25	0
21	25	0
22	25	16
23	25	0
0	26	2
1	26	1
2	26	1
3	26	1
4	26	1
5	26	2
6	26	1
7	26	1
8	26	1
9	26	1
10	26	3
11	26	2
12	26	2
13	26	2
14	26	3
15	26	2
16	26	2
17	26	2
18	26	2
19	26	3
20	26	2
21	26	3
22	26	2
23	26	2
0	27	0
1	27	0
2	27	0
3	27	0
4	27	0
5	27	0
6	27	0
7	27	0
8	27	0
9	27	0
10	27	0
11	27	0
12	27	0
13	27	0
14	27	0
15	27	0
16	27	0
17	27	0
18	27	0
19	27	13
20	27	0
21	27	0
22	27	0
23	27	0
0	28	0
1	28	0
2	28	0
3	28	0
4	28	0
5	28	0
6	28	0
7	28	0
8	28	0
9	28	11
10	28	0
11	28	0
12	28	0
13	28	0
14	28	0
15	28	0
16	28	0
17	28	0
18	28	0
19	28	0
20	28	0
21	28	0
22	28	0
23	28	0
0	29	0
1	29	0
2	29	0
3	29	0
4	29	0
5	29	0
6	29	0
7	29	0
8	29	0
9	29	0
10	29	0
11	29	0
12	29	0
13	29	0
14	29	0
15	29	0
16	29	0
17	29	0
18	29	0
19	29	0
20	29	0
21	29	0
22	29	0
23	29	0
0	30	0
1	30	1
2	30	1
3	30	0
4	30	0
5	30	2
6	30	0
7	30	0
8	30	0
9	30	1
10	30	2
11	30	2
12	30	0
13	30	2
14	30	3
15	30	2
16	30	1
17	30	1
18	30	2
19	30	2
20	30	2
21	30	1
22	30	3
23	30	0
0	31	0
1	31	0
2	31	0
3	31	0
4	31	0
5	31	0
6	31	0
7	31	0
8	31	0
9	31	0
10	31	0
11	31	0
12	31	0
13	31	0
14	31	0
15	31	0
16	31	0
17	31	0
18	31	0
19	31	0
20	31	0
21	31	0
22	31	0
23	31	0
0	32	0
1	32	0
2	32	0
3	32	0
4	32	0
5	32	0
6	32	0
7	32	0
8	32	0
9	32	0
10	32	0
11	32	0
12	32	0
13	32	0
14	32	0
15	32	0
16	32	0
17	32	0
18	32	0
19	32	10
20	32	0
21	32	0
22	32	0
23	32	0
0	33	0
1	33	7
2	33	4
3	33	0
4	33	0
5	33	4
6	33	0
7	33	0
8	33	4
9	33	4
10	33	0
11	33	4
12	33	0
13	33	4
14	33	7
15	33	4
16	33	0
17	33	0
18	33	0
19	33	0
20	33	0
21	33	7
22	33	7
23	33	0
0	34	2
1	34	1
2	34	1
3	34	1
4	34	1
5	34	1
6	34	1
7	34	1
8	34	2
9	34	2
10	34	2
11	34	2
12	34	2
13	34	2
14	34	2
15	34	2
16	34	2
17	34	2
18	34	2
19	34	2
20	34	2
21	34	2
22	34	2
23	34	2
0	35	6
1	35	0
2	35	0
3	35	0
4	35	0
5	35	0
6	35	4
7	35	0
8	35	0
9	35	2
10	35	0
11	35	8
12	35	0
13	35	4
14	35	0
15	35	0
16	35	2
17	35	4
18	35	2
19	35	4
20	35	2
21	35	4
22	35	0
23	35	2
