Counts for Samsung(12) in Saudi Arabia(38):
Hour	Location Index	Count
0	0	2
1	0	3
2	0	2
3	0	17
4	0	16
5	0	14
6	0	10
7	0	9
8	0	20
9	0	9
10	0	14
11	0	8
12	0	9
13	0	11
14	0	14
15	0	11
16	0	8
17	0	14
18	0	18
19	0	25
20	0	11
21	0	12
22	0	5
23	0	1
0	1	12
1	1	0
2	1	12
3	1	0
4	1	23
5	1	33
6	1	0
7	1	23
8	1	43
9	1	12
10	1	12
11	1	62
12	1	71
13	1	12
14	1	23
15	1	12
16	1	53
17	1	62
18	1	43
19	1	23
20	1	43
21	1	23
22	1	95
23	1	43
0	2	0
1	2	0
2	2	0
3	2	0
4	2	0
5	2	20
6	2	0
7	2	20
8	2	0
9	2	38
10	2	38
11	2	55
12	2	0
13	2	20
14	2	0
15	2	0
16	2	0
17	2	20
18	2	0
19	2	0
20	2	0
21	2	0
22	2	0
23	2	0
0	3	19
1	3	16
2	3	13
3	3	14
4	3	16
5	3	15
6	3	16
7	3	17
8	3	17
9	3	19
10	3	24
11	3	24
12	3	20
13	3	18
14	3	22
15	3	17
16	3	27
17	3	28
18	3	25
19	3	24
20	3	37
21	3	34
22	3	26
23	3	21
0	4	0
1	4	0
2	4	22
3	4	22
4	4	0
5	4	0
6	4	22
7	4	0
8	4	0
9	4	0
10	4	41
11	4	22
12	4	0
13	4	41
14	4	41
15	4	22
16	4	0
17	4	0
18	4	104
19	4	22
20	4	0
21	4	59
22	4	59
23	4	0
0	5	11
1	5	21
2	5	7
3	5	11
4	5	11
5	5	21
6	5	17
7	5	36
8	5	14
9	5	24
10	5	24
11	5	17
12	5	24
13	5	11
14	5	33
15	5	21
16	5	24
17	5	17
18	5	30
19	5	21
20	5	51
21	5	21
22	5	33
23	5	14
0	6	51
1	6	19
2	6	0
3	6	19
4	6	36
5	6	19
6	6	51
7	6	19
8	6	19
9	6	36
10	6	0
11	6	19
12	6	19
13	6	0
14	6	19
15	6	0
16	6	36
17	6	51
18	6	0
19	6	0
20	6	19
21	6	19
22	6	66
23	6	36
0	7	0
1	7	0
2	7	0
3	7	0
4	7	0
5	7	0
6	7	0
7	7	0
8	7	0
9	7	0
10	7	0
11	7	0
12	7	0
13	7	0
14	7	0
15	7	0
16	7	0
17	7	0
18	7	0
19	7	0
20	7	0
21	7	0
22	7	0
23	7	0
0	8	25
1	8	22
2	8	22
3	8	16
4	8	7
5	8	25
6	8	10
7	8	28
8	8	22
9	8	19
10	8	22
11	8	30
12	8	28
13	8	33
14	8	25
15	8	25
16	8	25
17	8	10
18	8	30
19	8	47
20	8	49
21	8	36
22	8	57
23	8	52
0	9	17
1	9	15
2	9	12
3	9	14
4	9	17
5	9	14
6	9	17
7	9	19
8	9	22
9	9	29
10	9	28
11	9	25
12	9	18
13	9	16
14	9	20
15	9	24
16	9	29
17	9	29
18	9	22
19	9	33
20	9	42
21	9	46
22	9	26
23	9	21
0	10	0
1	10	0
2	10	0
3	10	0
4	10	0
5	10	0
6	10	0
7	10	47
8	10	17
9	10	32
10	10	73
11	10	60
12	10	17
13	10	0
14	10	17
15	10	0
16	10	17
17	10	0
18	10	17
19	10	0
20	10	0
21	10	17
22	10	0
23	10	0
0	11	21
1	11	15
2	11	15
3	11	15
4	11	15
5	11	14
6	11	14
7	11	17
8	11	19
9	11	21
10	11	25
11	11	26
12	11	23
13	11	21
14	11	21
15	11	24
16	11	25
17	11	25
18	11	26
19	11	29
20	11	37
21	11	35
22	11	31
23	11	26
0	12	26
1	12	21
2	12	17
3	12	18
4	12	17
5	12	16
6	12	16
7	12	19
8	12	21
9	12	21
10	12	26
11	12	29
12	12	26
13	12	23
14	12	21
15	12	24
16	12	28
17	12	26
18	12	27
19	12	33
20	12	42
21	12	41
22	12	39
23	12	32
0	13	17
1	13	9
2	13	15
3	13	12
4	13	14
5	13	17
6	13	18
7	13	19
8	13	19
9	13	22
10	13	25
11	13	29
12	13	22
13	13	20
14	13	18
15	13	29
16	13	24
17	13	24
18	13	25
19	13	29
20	13	37
21	13	29
22	13	26
23	13	19
0	14	17
1	14	13
2	14	16
3	14	15
4	14	16
5	14	15
6	14	16
7	14	16
8	14	18
9	14	24
10	14	24
11	14	29
12	14	23
13	14	20
14	14	21
15	14	25
16	14	29
17	14	28
18	14	26
19	14	31
20	14	36
21	14	36
22	14	28
23	14	26
0	15	0
1	15	0
2	15	0
3	15	0
4	15	0
5	15	0
6	15	53
7	15	95
8	15	0
9	15	53
10	15	0
11	15	191
12	15	53
13	15	53
14	15	0
15	15	0
16	15	53
17	15	0
18	15	0
19	15	0
20	15	0
21	15	0
22	15	0
23	15	0
0	16	17
1	16	13
2	16	11
3	16	16
4	16	25
5	16	18
6	16	17
7	16	25
8	16	23
9	16	25
10	16	28
11	16	34
12	16	29
13	16	25
14	16	23
15	16	24
16	16	34
17	16	24
18	16	27
19	16	27
20	16	41
21	16	36
22	16	24
23	16	18
0	17	0
1	17	0
2	17	0
3	17	31
4	17	16
5	17	16
6	17	0
7	17	0
8	17	16
9	17	31
10	17	44
11	17	16
12	17	0
13	17	0
14	17	31
15	17	16
16	17	44
17	17	44
18	17	16
19	17	57
20	17	57
21	17	102
22	17	57
23	17	31
0	18	16
1	18	23
2	18	8
3	18	23
4	18	16
5	18	8
6	18	23
7	18	43
8	18	37
9	18	23
10	18	8
11	18	37
12	18	23
13	18	30
14	18	23
15	18	8
16	18	56
17	18	23
18	18	30
19	18	30
20	18	37
21	18	8
22	18	30
23	18	0
0	19	29
1	19	21
2	19	12
3	19	16
4	19	15
5	19	13
6	19	8
7	19	14
8	19	17
9	19	20
10	19	31
11	19	24
12	19	15
13	19	23
14	19	19
15	19	29
16	19	24
17	19	21
18	19	25
19	19	37
20	19	31
21	19	60
22	19	34
23	19	31
0	20	0
1	20	0
2	20	0
3	20	0
4	20	61
5	20	0
6	20	0
7	20	61
8	20	107
9	20	0
10	20	0
11	20	0
12	20	0
13	20	0
14	20	0
15	20	0
16	20	0
17	20	0
18	20	0
19	20	0
20	20	61
21	20	0
22	20	0
23	20	0
0	21	0
1	21	0
2	21	28
3	21	28
4	21	15
5	21	15
6	21	15
7	21	28
8	21	0
9	21	0
10	21	15
11	21	52
12	21	28
13	21	0
14	21	15
15	21	0
16	21	74
17	21	74
18	21	15
19	21	0
20	21	15
21	21	28
22	21	52
23	21	15
0	22	24
1	22	16
2	22	16
3	22	16
4	22	22
5	22	18
6	22	6
7	22	11
8	22	16
9	22	12
10	22	30
11	22	30
12	22	30
13	22	35
14	22	20
15	22	14
16	22	33
17	22	22
18	22	27
19	22	31
20	22	42
21	22	28
22	22	49
23	22	35
0	23	19
1	23	14
2	23	14
3	23	15
4	23	16
5	23	16
6	23	18
7	23	20
8	23	21
9	23	24
10	23	27
11	23	26
12	23	26
13	23	21
14	23	22
15	23	28
16	23	26
17	23	24
18	23	28
19	23	29
20	23	35
21	23	35
22	23	33
23	23	25
0	24	0
1	24	0
2	24	0
3	24	0
4	24	0
5	24	0
6	24	0
7	24	82
8	24	0
9	24	0
10	24	0
11	24	0
12	24	0
13	24	0
14	24	0
15	24	0
16	24	0
17	24	0
18	24	0
19	24	0
20	24	0
21	24	0
22	24	0
23	24	0
0	25	0
1	25	0
2	25	0
3	25	0
4	25	0
5	25	64
6	25	64
7	25	0
8	25	0
9	25	0
10	25	0
11	25	0
12	25	0
13	25	0
14	25	64
15	25	64
16	25	64
17	25	0
18	25	0
19	25	0
20	25	112
21	25	112
22	25	0
23	25	0
0	26	64
1	26	0
2	26	0
3	26	12
4	26	34
5	26	12
6	26	12
7	26	24
8	26	54
9	26	0
10	26	12
11	26	12
12	26	12
13	26	34
14	26	0
15	26	0
16	26	0
17	26	45
18	26	12
19	26	45
20	26	45
21	26	64
22	26	54
23	26	24
0	27	27
1	27	17
2	27	11
3	27	14
4	27	24
5	27	8
6	27	9
7	27	12
8	27	15
9	27	15
10	27	19
11	27	21
12	27	15
13	27	13
14	27	20
15	27	22
16	27	24
17	27	36
18	27	19
19	27	27
20	27	41
21	27	34
22	27	33
23	27	31
0	28	23
1	28	18
2	28	16
3	28	17
4	28	16
5	28	14
6	28	15
7	28	17
8	28	20
9	28	21
10	28	25
11	28	28
12	28	25
13	28	22
14	28	21
15	28	24
16	28	27
17	28	26
18	28	28
19	28	32
20	28	41
21	28	40
22	28	35
23	28	30
0	29	0
1	29	0
2	29	17
3	29	0
4	29	0
5	29	17
6	29	47
7	29	17
8	29	17
9	29	47
10	29	86
11	29	86
12	29	86
13	29	17
14	29	0
15	29	17
16	29	17
17	29	17
18	29	17
19	29	61
20	29	74
21	29	17
22	29	17
23	29	17
0	30	29
1	30	23
2	30	17
3	30	20
4	30	16
5	30	15
6	30	15
7	30	16
8	30	23
9	30	21
10	30	25
11	30	29
12	30	28
13	30	20
14	30	23
15	30	22
16	30	27
17	30	25
18	30	28
19	30	34
20	30	45
21	30	42
22	30	39
23	30	36
0	31	17
1	31	17
2	31	0
3	31	47
4	31	47
5	31	17
6	31	0
7	31	61
8	31	0
9	31	0
10	31	17
11	31	0
12	31	74
13	31	17
14	31	0
15	31	47
16	31	17
17	31	33
18	31	33
19	31	47
20	31	86
21	31	33
22	31	33
23	31	47
0	32	35
1	32	16
2	32	6
3	32	11
4	32	16
5	32	6
6	32	16
7	32	6
8	32	6
9	32	6
10	32	11
11	32	21
12	32	11
13	32	26
14	32	26
15	32	11
16	32	35
17	32	11
18	32	21
19	32	61
20	32	30
21	32	35
22	32	21
23	32	30
0	33	37
1	33	28
2	33	10
3	33	19
4	33	19
5	33	10
6	33	0
7	33	19
8	33	19
9	33	0
10	33	10
11	33	61
12	33	45
13	33	10
14	33	0
15	33	19
16	33	19
17	33	19
18	33	10
19	33	75
20	33	28
21	33	53
22	33	61
23	33	19
0	34	0
1	34	0
2	34	0
3	34	0
4	34	0
5	34	0
6	34	0
7	34	0
8	34	0
9	34	0
10	34	0
11	34	0
12	34	0
13	34	0
14	34	0
15	34	0
16	34	0
17	34	0
18	34	0
19	34	0
20	34	0
21	34	0
22	34	0
23	34	0
0	35	14
1	35	23
2	35	19
3	35	14
4	35	14
5	35	19
6	35	19
7	35	10
8	35	19
9	35	23
10	35	32
11	35	10
12	35	36
13	35	32
14	35	5
15	35	19
16	35	14
17	35	28
18	35	52
19	35	23
20	35	44
21	35	23
22	35	32
23	35	19
