Counts for Apple(2) in Saudi Arabia(38):
Hour	Location Index	Count
0	0	3
1	0	9
2	0	14
3	0	15
4	0	33
5	0	26
6	0	39
7	0	45
8	0	29
9	0	35
10	0	42
11	0	37
12	0	37
13	0	37
14	0	33
15	0	45
16	0	45
17	0	37
18	0	49
19	0	44
20	0	34
21	0	25
22	0	14
23	0	9
0	1	0
1	1	0
2	1	33
3	1	0
4	1	0
5	1	12
6	1	12
7	1	12
8	1	12
9	1	0
10	1	12
11	1	0
12	1	0
13	1	23
14	1	0
15	1	43
16	1	0
17	1	23
18	1	33
19	1	0
20	1	23
21	1	33
22	1	12
23	1	12
0	2	0
1	2	0
2	2	0
3	2	0
4	2	0
5	2	84
6	2	109
7	2	184
8	2	84
9	2	38
10	2	97
11	2	55
12	2	0
13	2	0
14	2	0
15	2	0
16	2	0
17	2	0
18	2	0
19	2	0
20	2	0
21	2	0
22	2	0
23	2	0
0	3	17
1	3	11
2	3	10
3	3	15
4	3	8
5	3	21
6	3	18
7	3	15
8	3	15
9	3	17
10	3	19
11	3	16
12	3	21
13	3	21
14	3	19
15	3	20
16	3	26
17	3	27
18	3	28
19	3	32
20	3	34
21	3	29
22	3	21
23	3	14
0	4	0
1	4	0
2	4	0
3	4	0
4	4	0
5	4	0
6	4	0
7	4	0
8	4	22
9	4	59
10	4	59
11	4	0
12	4	0
13	4	75
14	4	75
15	4	41
16	4	0
17	4	0
18	4	0
19	4	22
20	4	75
21	4	0
22	4	22
23	4	59
0	5	14
1	5	4
2	5	11
3	5	11
4	5	4
5	5	14
6	5	14
7	5	33
8	5	24
9	5	27
10	5	17
11	5	11
12	5	24
13	5	14
14	5	39
15	5	7
16	5	36
17	5	14
18	5	21
19	5	24
20	5	24
21	5	17
22	5	48
23	5	24
0	6	0
1	6	36
2	6	0
3	6	0
4	6	0
5	6	36
6	6	0
7	6	0
8	6	36
9	6	36
10	6	0
11	6	0
12	6	0
13	6	0
14	6	0
15	6	0
16	6	19
17	6	0
18	6	36
19	6	36
20	6	19
21	6	51
22	6	0
23	6	36
0	7	0
1	7	0
2	7	0
3	7	0
4	7	0
5	7	0
6	7	0
7	7	0
8	7	0
9	7	0
10	7	0
11	7	0
12	7	0
13	7	0
14	7	0
15	7	0
16	7	0
17	7	0
18	7	253
19	7	0
20	7	0
21	7	0
22	7	0
23	7	0
0	8	16
1	8	10
2	8	13
3	8	19
4	8	4
5	8	22
6	8	10
7	8	4
8	8	4
9	8	16
10	8	13
11	8	16
12	8	13
13	8	33
14	8	10
15	8	7
16	8	16
17	8	7
18	8	22
19	8	13
20	8	28
21	8	22
22	8	16
23	8	19
0	9	12
1	9	13
2	9	12
3	9	11
4	9	16
5	9	16
6	9	15
7	9	13
8	9	15
9	9	16
10	9	21
11	9	21
12	9	21
13	9	23
14	9	20
15	9	25
16	9	26
17	9	21
18	9	21
19	9	22
20	9	27
21	9	20
22	9	20
23	9	22
0	10	0
1	10	0
2	10	0
3	10	47
4	10	0
5	10	32
6	10	32
7	10	32
8	10	17
9	10	0
10	10	32
11	10	0
12	10	32
13	10	0
14	10	73
15	10	17
16	10	0
17	10	125
18	10	85
19	10	17
20	10	0
21	10	0
22	10	0
23	10	0
0	11	15
1	11	12
2	11	11
3	11	12
4	11	12
5	11	12
6	11	13
7	11	14
8	11	16
9	11	18
10	11	22
11	11	23
12	11	20
13	11	20
14	11	18
15	11	22
16	11	23
17	11	22
18	11	24
19	11	26
20	11	27
21	11	26
22	11	23
23	11	19
0	12	15
1	12	13
2	12	10
3	12	11
4	12	10
5	12	11
6	12	11
7	12	12
8	12	13
9	12	14
10	12	17
11	12	18
12	12	18
13	12	16
14	12	16
15	12	17
16	12	19
17	12	19
18	12	20
19	12	22
20	12	24
21	12	23
22	12	21
23	12	18
0	13	13
1	13	10
2	13	14
3	13	12
4	13	17
5	13	17
6	13	13
7	13	18
8	13	21
9	13	27
10	13	30
11	13	27
12	13	29
13	13	17
14	13	20
15	13	23
16	13	24
17	13	23
18	13	26
19	13	23
20	13	20
21	13	19
22	13	22
23	13	19
0	14	14
1	14	12
2	14	12
3	14	11
4	14	10
5	14	12
6	14	11
7	14	14
8	14	15
9	14	18
10	14	18
11	14	22
12	14	18
13	14	20
14	14	17
15	14	21
16	14	19
17	14	23
18	14	25
19	14	26
20	14	27
21	14	26
22	14	23
23	14	20
0	15	0
1	15	0
2	15	0
3	15	0
4	15	0
5	15	53
6	15	0
7	15	154
8	15	0
9	15	0
10	15	0
11	15	53
12	15	0
13	15	53
14	15	0
15	15	0
16	15	0
17	15	0
18	15	0
19	15	0
20	15	0
21	15	0
22	15	0
23	15	0
0	16	9
1	16	6
2	16	8
3	16	8
4	16	5
5	16	10
6	16	14
7	16	22
8	16	14
9	16	21
10	16	16
11	16	27
12	16	14
13	16	23
14	16	19
15	16	16
16	16	17
17	16	16
18	16	25
19	16	28
20	16	24
21	16	25
22	16	14
23	16	12
0	17	0
1	17	0
2	17	16
3	17	0
4	17	0
5	17	0
6	17	0
7	17	0
8	17	0
9	17	69
10	17	16
11	17	16
12	17	0
13	17	0
14	17	16
15	17	16
16	17	31
17	17	31
18	17	0
19	17	16
20	17	31
21	17	44
22	17	16
23	17	31
0	18	8
1	18	0
2	18	0
3	18	0
4	18	8
5	18	0
6	18	16
7	18	8
8	18	16
9	18	8
10	18	8
11	18	23
12	18	23
13	18	0
14	18	0
15	18	23
16	18	16
17	18	16
18	18	37
19	18	16
20	18	37
21	18	62
22	18	23
23	18	0
0	19	21
1	19	8
2	19	15
3	19	12
4	19	11
5	19	8
6	19	6
7	19	13
8	19	16
9	19	23
10	19	23
11	19	20
12	19	13
13	19	15
14	19	22
15	19	17
16	19	27
17	19	33
18	19	27
19	19	28
20	19	38
21	19	25
22	19	34
23	19	17
0	20	0
1	20	0
2	20	0
3	20	0
4	20	0
5	20	0
6	20	0
7	20	0
8	20	61
9	20	0
10	20	0
11	20	0
12	20	0
13	20	107
14	20	0
15	20	61
16	20	0
17	20	0
18	20	0
19	20	0
20	20	61
21	20	107
22	20	0
23	20	0
0	21	15
1	21	15
2	21	28
3	21	0
4	21	0
5	21	0
6	21	0
7	21	0
8	21	0
9	21	40
10	21	28
11	21	52
12	21	0
13	21	15
14	21	15
15	21	15
16	21	28
17	21	52
18	21	84
19	21	40
20	21	28
21	21	15
22	21	28
23	21	0
0	22	24
1	22	9
2	22	12
3	22	6
4	22	17
5	22	7
6	22	13
7	22	16
8	22	13
9	22	12
10	22	16
11	22	27
12	22	16
13	22	16
14	22	16
15	22	20
16	22	26
17	22	38
18	22	16
19	22	26
20	22	23
21	22	19
22	22	21
23	22	16
0	23	12
1	23	10
2	23	11
3	23	12
4	23	10
5	23	10
6	23	10
7	23	15
8	23	16
9	23	18
10	23	18
11	23	19
12	23	20
13	23	17
14	23	16
15	23	19
16	23	21
17	23	20
18	23	22
19	23	22
20	23	24
21	23	23
22	23	20
23	23	15
0	24	0
1	24	0
2	24	0
3	24	0
4	24	0
5	24	82
6	24	0
7	24	137
8	24	82
9	24	137
10	24	175
11	24	0
12	24	0
13	24	0
14	24	0
15	24	0
16	24	0
17	24	0
18	24	0
19	24	0
20	24	0
21	24	0
22	24	0
23	24	0
0	25	0
1	25	0
2	25	0
3	25	0
4	25	0
5	25	64
6	25	0
7	25	0
8	25	0
9	25	0
10	25	0
11	25	0
12	25	0
13	25	0
14	25	64
15	25	64
16	25	0
17	25	0
18	25	0
19	25	64
20	25	0
21	25	0
22	25	0
23	25	0
0	26	45
1	26	34
2	26	0
3	26	0
4	26	0
5	26	0
6	26	0
7	26	12
8	26	0
9	26	0
10	26	34
11	26	45
12	26	12
13	26	12
14	26	24
15	26	12
16	26	24
17	26	0
18	26	0
19	26	12
20	26	24
21	26	24
22	26	73
23	26	34
0	27	11
1	27	16
2	27	11
3	27	13
4	27	15
5	27	8
6	27	6
7	27	6
8	27	13
9	27	17
10	27	15
11	27	19
12	27	12
13	27	25
14	27	20
15	27	26
16	27	27
17	27	29
18	27	31
19	27	29
20	27	29
21	27	30
22	27	29
23	27	27
0	28	14
1	28	11
2	28	11
3	28	11
4	28	11
5	28	10
6	28	11
7	28	13
8	28	14
9	28	15
10	28	19
11	28	21
12	28	19
13	28	17
14	28	17
15	28	19
16	28	21
17	28	20
18	28	21
19	28	24
20	28	25
21	28	24
22	28	21
23	28	18
0	29	0
1	29	0
2	29	0
3	29	33
4	29	33
5	29	0
6	29	0
7	29	0
8	29	0
9	29	33
10	29	0
11	29	17
12	29	0
13	29	0
14	29	0
15	29	0
16	29	17
17	29	0
18	29	17
19	29	0
20	29	0
21	29	17
22	29	0
23	29	17
0	30	16
1	30	12
2	30	13
3	30	10
4	30	11
5	30	7
6	30	11
7	30	12
8	30	12
9	30	14
10	30	16
11	30	20
12	30	19
13	30	17
14	30	16
15	30	18
16	30	18
17	30	17
18	30	18
19	30	23
20	30	24
21	30	25
22	30	22
23	30	18
0	31	17
1	31	33
2	31	17
3	31	0
4	31	0
5	31	17
6	31	0
7	31	0
8	31	0
9	31	0
10	31	0
11	31	47
12	31	0
13	31	0
14	31	17
15	31	0
16	31	33
17	31	0
18	31	0
19	31	17
20	31	86
21	31	0
22	31	0
23	31	0
0	32	16
1	32	11
2	32	6
3	32	16
4	32	6
5	32	6
6	32	0
7	32	11
8	32	35
9	32	16
10	32	26
11	32	26
12	32	26
13	32	26
14	32	6
15	32	26
16	32	26
17	32	48
18	32	11
19	32	21
20	32	30
21	32	40
22	32	30
23	32	40
0	33	10
1	33	53
2	33	28
3	33	0
4	33	0
5	33	0
6	33	28
7	33	10
8	33	0
9	33	10
10	33	28
11	33	61
12	33	10
13	33	0
14	33	19
15	33	0
16	33	0
17	33	19
18	33	19
19	33	0
20	33	10
21	33	19
22	33	10
23	33	19
0	34	0
1	34	0
2	34	0
3	34	0
4	34	0
5	34	0
6	34	0
7	34	230
8	34	0
9	34	0
10	34	230
11	34	0
12	34	0
13	34	0
14	34	0
15	34	0
16	34	0
17	34	0
18	34	0
19	34	0
20	34	0
21	34	0
22	34	0
23	34	0
0	35	5
1	35	36
2	35	23
3	35	14
4	35	19
5	35	23
6	35	14
7	35	0
8	35	5
9	35	19
10	35	14
11	35	23
12	35	23
13	35	10
14	35	40
15	35	14
16	35	44
17	35	23
18	35	23
19	35	44
20	35	28
21	35	14
22	35	5
23	35	19
