Counts for Samsung(12) in Thailand(45):
Hour	Location Index	Count
0	0	0
1	0	0
2	0	0
3	0	0
4	0	253
5	0	0
6	0	0
7	0	0
8	0	0
9	0	0
10	0	0
11	0	0
12	0	0
13	0	0
14	0	0
15	0	0
16	0	0
17	0	0
18	0	0
19	0	0
20	0	0
21	0	0
22	0	0
23	0	0
0	1	0
1	1	0
2	1	45
3	1	45
4	1	0
5	1	0
6	1	0
7	1	0
8	1	0
9	1	0
10	1	0
11	1	0
12	1	45
13	1	0
14	1	0
15	1	0
16	1	45
17	1	0
18	1	0
19	1	0
20	1	0
21	1	0
22	1	0
23	1	0
0	2	11
1	2	21
2	2	21
3	2	0
4	2	0
5	2	0
6	2	11
7	2	11
8	2	0
9	2	11
10	2	0
11	2	11
12	2	0
13	2	21
14	2	0
15	2	0
16	2	0
17	2	0
18	2	0
19	2	0
20	2	0
21	2	0
22	2	0
23	2	0
0	3	0
1	3	0
2	3	0
3	3	0
4	3	0
5	3	0
6	3	0
7	3	0
8	3	45
9	3	0
10	3	0
11	3	0
12	3	0
13	3	45
14	3	112
15	3	0
16	3	0
17	3	0
18	3	0
19	3	0
20	3	0
21	3	0
22	3	0
23	3	0
0	4	29
1	4	12
2	4	6
3	4	18
4	4	12
5	4	34
6	4	49
7	4	44
8	4	23
9	4	44
10	4	29
11	4	29
12	4	23
13	4	18
14	4	12
15	4	18
16	4	18
17	4	6
18	4	0
19	4	0
20	4	23
21	4	0
22	4	0
23	4	6
0	5	0
1	5	34
2	5	34
3	5	34
4	5	0
5	5	63
6	5	0
7	5	0
8	5	34
9	5	34
10	5	0
11	5	0
12	5	63
13	5	0
14	5	0
15	5	0
16	5	0
17	5	0
18	5	0
19	5	0
20	5	0
21	5	0
22	5	0
23	5	0
0	6	40
1	6	21
2	6	0
3	6	21
4	6	0
5	6	40
6	6	40
7	6	0
8	6	0
9	6	21
10	6	0
11	6	40
12	6	0
13	6	0
14	6	21
15	6	0
16	6	0
17	6	0
18	6	0
19	6	0
20	6	0
21	6	0
22	6	0
23	6	0
0	7	0
1	7	0
2	7	43
3	7	0
4	7	0
5	7	0
6	7	0
7	7	43
8	7	0
9	7	43
10	7	0
11	7	0
12	7	43
13	7	0
14	7	0
15	7	0
16	7	43
17	7	0
18	7	0
19	7	0
20	7	0
21	7	0
22	7	0
23	7	0
0	8	0
1	8	0
2	8	0
3	8	0
4	8	247
5	8	0
6	8	0
7	8	0
8	8	0
9	8	0
10	8	0
11	8	0
12	8	0
13	8	0
14	8	0
15	8	0
16	8	0
17	8	0
18	8	0
19	8	0
20	8	0
21	8	0
22	8	0
23	8	0
0	9	0
1	9	0
2	9	0
3	9	21
4	9	21
5	9	0
6	9	0
7	9	21
8	9	39
9	9	0
10	9	112
11	9	72
12	9	0
13	9	56
14	9	21
15	9	0
16	9	0
17	9	0
18	9	0
19	9	0
20	9	0
21	9	0
22	9	0
23	9	0
0	10	0
1	10	19
2	10	19
3	10	36
4	10	19
5	10	52
6	10	19
7	10	19
8	10	52
9	10	19
10	10	36
11	10	0
12	10	19
13	10	19
14	10	36
15	10	36
16	10	0
17	10	19
18	10	0
19	10	0
20	10	0
21	10	0
22	10	0
23	10	0
0	11	0
1	11	30
2	11	0
3	11	0
4	11	30
5	11	98
6	11	30
7	11	30
8	11	0
9	11	30
10	11	116
11	11	78
12	11	30
13	11	0
14	11	0
15	11	0
16	11	30
17	11	0
18	11	0
19	11	0
20	11	0
21	11	55
22	11	0
23	11	0
0	12	0
1	12	0
2	12	0
3	12	0
4	12	0
5	12	0
6	12	0
7	12	0
8	12	0
9	12	0
10	12	0
11	12	0
12	12	0
13	12	0
14	12	0
15	12	0
16	12	0
17	12	0
18	12	0
19	12	0
20	12	0
21	12	0
22	12	0
23	12	0
0	13	11
1	13	12
2	13	15
3	13	18
4	13	20
5	13	22
6	13	21
7	13	22
8	13	21
9	13	21
10	13	22
11	13	22
12	13	20
13	13	18
14	13	16
15	13	14
16	13	11
17	13	7
18	13	4
19	13	3
20	13	2
21	13	2
22	13	3
23	13	6
0	14	37
1	14	37
2	14	0
3	14	0
4	14	37
5	14	0
6	14	37
7	14	0
8	14	37
9	14	37
10	14	0
11	14	37
12	14	37
13	14	0
14	14	37
15	14	68
16	14	0
17	14	0
18	14	0
19	14	0
20	14	0
21	14	0
22	14	0
23	14	0
0	15	17
1	15	12
2	15	74
3	15	66
4	15	52
5	15	6
6	15	43
7	15	61
8	15	74
9	15	48
10	15	23
11	15	17
12	15	0
13	15	12
14	15	6
15	15	0
16	15	0
17	15	6
18	15	6
19	15	0
20	15	0
21	15	0
22	15	0
23	15	0
0	16	21
1	16	21
2	16	40
3	16	88
4	16	21
5	16	0
6	16	21
7	16	40
8	16	0
9	16	21
10	16	40
11	16	73
12	16	21
13	16	21
14	16	88
15	16	57
16	16	40
17	16	21
18	16	0
19	16	40
20	16	0
21	16	0
22	16	0
23	16	0
0	17	0
1	17	57
2	17	21
3	17	40
4	17	40
5	17	0
6	17	0
7	17	0
8	17	0
9	17	0
10	17	21
11	17	40
12	17	73
13	17	57
14	17	0
15	17	0
16	17	21
17	17	0
18	17	0
19	17	0
20	17	21
21	17	0
22	17	0
23	17	0
0	18	72
1	18	0
2	18	0
3	18	0
4	18	72
5	18	0
6	18	0
7	18	0
8	18	0
9	18	72
10	18	0
11	18	0
12	18	0
13	18	0
14	18	0
15	18	0
16	18	0
17	18	0
18	18	0
19	18	0
20	18	0
21	18	0
22	18	0
23	18	0
0	19	0
1	19	0
2	19	0
3	19	0
4	19	0
5	19	0
6	19	0
7	19	0
8	19	0
9	19	0
10	19	0
11	19	51
12	19	0
13	19	51
14	19	123
15	19	51
16	19	0
17	19	51
18	19	0
19	19	0
20	19	0
21	19	0
22	19	0
23	19	0
0	20	8
1	20	16
2	20	0
3	20	16
4	20	0
5	20	8
6	20	23
7	20	23
8	20	8
9	20	16
10	20	50
11	20	8
12	20	30
13	20	68
14	20	44
15	20	16
16	20	8
17	20	8
18	20	8
19	20	8
20	20	8
21	20	8
22	20	8
23	20	0
0	21	0
1	21	0
2	21	0
3	21	43
4	21	0
5	21	0
6	21	43
7	21	0
8	21	0
9	21	43
10	21	43
11	21	43
12	21	0
13	21	0
14	21	43
15	21	0
16	21	0
17	21	0
18	21	43
19	21	0
20	21	0
21	21	0
22	21	0
23	21	0
0	22	2
1	22	6
2	22	7
3	22	10
4	22	10
5	22	7
6	22	8
7	22	15
8	22	9
9	22	13
10	22	13
11	22	15
12	22	16
13	22	10
14	22	14
15	22	11
16	22	15
17	22	6
18	22	7
19	22	0
20	22	0
21	22	1
22	22	2
23	22	10
0	23	0
1	23	60
2	23	0
3	23	60
4	23	0
5	23	0
6	23	0
7	23	32
8	23	0
9	23	32
10	23	32
11	23	0
12	23	105
13	23	60
14	23	60
15	23	32
16	23	60
17	23	0
18	23	0
19	23	0
20	23	32
21	23	0
22	23	0
23	23	0
0	24	0
1	24	15
2	24	8
3	24	22
4	24	8
5	24	8
6	24	22
7	24	8
8	24	29
9	24	42
10	24	8
11	24	36
12	24	22
13	24	22
14	24	0
15	24	8
16	24	0
17	24	8
18	24	0
19	24	0
20	24	0
21	24	0
22	24	0
23	24	0
0	25	0
1	25	0
2	25	0
3	25	28
4	25	0
5	25	0
6	25	0
7	25	0
8	25	0
9	25	75
10	25	28
11	25	28
12	25	28
13	25	0
14	25	0
15	25	28
16	25	53
17	25	0
18	25	0
19	25	0
20	25	0
21	25	0
22	25	0
23	25	0
0	26	0
1	26	5
2	26	20
3	26	24
4	26	27
5	26	27
6	26	38
7	26	20
8	26	16
9	26	20
10	26	8
11	26	5
12	26	16
13	26	16
14	26	5
15	26	5
16	26	5
17	26	8
18	26	8
19	26	5
20	26	0
21	26	0
22	26	0
23	26	0
0	27	0
1	27	26
2	27	14
3	27	0
4	27	26
5	27	38
6	27	38
7	27	14
8	27	14
9	27	26
10	27	49
11	27	26
12	27	49
13	27	49
14	27	38
15	27	14
16	27	14
17	27	0
18	27	0
19	27	0
20	27	0
21	27	0
22	27	0
23	27	14
0	28	11
1	28	0
2	28	32
3	28	11
4	28	11
5	28	22
6	28	41
7	28	32
8	28	22
9	28	11
10	28	11
11	28	32
12	28	11
13	28	32
14	28	22
15	28	41
16	28	50
17	28	22
18	28	11
19	28	11
20	28	0
21	28	0
22	28	0
23	28	0
0	29	29
1	29	0
2	29	114
3	29	0
4	29	54
5	29	0
6	29	54
7	29	29
8	29	29
9	29	0
10	29	0
11	29	0
12	29	0
13	29	0
14	29	0
15	29	0
16	29	0
17	29	29
18	29	0
19	29	0
20	29	0
21	29	0
22	29	0
23	29	0
0	30	0
1	30	61
2	30	33
3	30	86
4	30	0
5	30	33
6	30	0
7	30	61
8	30	61
9	30	33
10	30	0
11	30	61
12	30	61
13	30	0
14	30	0
15	30	0
16	30	0
17	30	0
18	30	0
19	30	0
20	30	0
21	30	0
22	30	33
23	30	0
0	31	12
1	31	8
2	31	20
3	31	14
4	31	11
5	31	14
6	31	28
7	31	18
8	31	16
9	31	28
10	31	19
11	31	24
12	31	25
13	31	31
14	31	21
15	31	14
16	31	18
17	31	15
18	31	3
19	31	8
20	31	3
21	31	4
22	31	13
23	31	8
0	32	9
1	32	17
2	32	0
3	32	9
4	32	9
5	32	0
6	32	0
7	32	9
8	32	25
9	32	17
10	32	9
11	32	41
12	32	9
13	32	9
14	32	9
15	32	9
16	32	25
17	32	0
18	32	0
19	32	0
20	32	9
21	32	9
22	32	0
23	32	0
0	33	14
1	33	14
2	33	14
3	33	34
4	33	8
5	33	21
6	33	34
7	33	40
8	33	8
9	33	14
10	33	34
11	33	27
12	33	27
13	33	46
14	33	14
15	33	21
16	33	52
17	33	8
18	33	21
19	33	0
20	33	14
21	33	0
22	33	0
23	33	0
0	34	45
1	34	0
2	34	0
3	34	0
4	34	0
5	34	0
6	34	0
7	34	45
8	34	0
9	34	45
10	34	0
11	34	82
12	34	82
13	34	45
14	34	0
15	34	0
16	34	0
17	34	0
18	34	0
19	34	0
20	34	0
21	34	0
22	34	0
23	34	0
0	35	11
1	35	10
2	35	13
3	35	15
4	35	14
5	35	20
6	35	18
7	35	19
8	35	15
9	35	19
10	35	17
11	35	18
12	35	21
13	35	27
14	35	19
15	35	18
16	35	18
17	35	8
18	35	3
19	35	5
20	35	6
21	35	5
22	35	2
23	35	8
0	36	16
1	36	13
2	36	11
3	36	32
4	36	20
5	36	22
6	36	13
7	36	26
8	36	28
9	36	36
10	36	41
11	36	16
12	36	20
13	36	26
14	36	36
15	36	13
16	36	5
17	36	5
18	36	7
19	36	0
20	36	0
21	36	0
22	36	0
23	36	7
0	37	0
1	37	0
2	37	0
3	37	0
4	37	0
5	37	0
6	37	0
7	37	0
8	37	0
9	37	0
10	37	0
11	37	0
12	37	0
13	37	0
14	37	0
15	37	0
16	37	0
17	37	0
18	37	0
19	37	0
20	37	0
21	37	0
22	37	0
23	37	0
0	38	0
1	38	0
2	38	0
3	38	29
4	38	29
5	38	29
6	38	29
7	38	29
8	38	0
9	38	0
10	38	0
11	38	0
12	38	54
13	38	96
14	38	29
15	38	0
16	38	0
17	38	0
18	38	0
19	38	0
20	38	0
21	38	0
22	38	0
23	38	0
0	39	16
1	39	11
2	39	0
3	39	21
4	39	0
5	39	21
6	39	26
7	39	16
8	39	6
9	39	11
10	39	11
11	39	35
12	39	35
13	39	21
14	39	30
15	39	30
16	39	16
17	39	0
18	39	0
19	39	0
20	39	6
21	39	0
22	39	6
23	39	6
0	40	32
1	40	9
2	40	17
3	40	32
4	40	24
5	40	17
6	40	0
7	40	17
8	40	32
9	40	53
10	40	32
11	40	83
12	40	59
13	40	39
14	40	24
15	40	17
16	40	9
17	40	17
18	40	9
19	40	0
20	40	0
21	40	0
22	40	0
23	40	0
0	41	0
1	41	49
2	41	18
3	41	0
4	41	0
5	41	0
6	41	18
7	41	0
8	41	0
9	41	34
10	41	0
11	41	0
12	41	18
13	41	0
14	41	0
15	41	0
16	41	0
17	41	0
18	41	0
19	41	0
20	41	0
21	41	0
22	41	0
23	41	0
0	42	15
1	42	15
2	42	30
3	42	0
4	42	0
5	42	55
6	42	15
7	42	15
8	42	0
9	42	0
10	42	30
11	42	15
12	42	15
13	42	30
14	42	0
15	42	0
16	42	0
17	42	15
18	42	0
19	42	0
20	42	0
21	42	0
22	42	0
23	42	0
0	43	10
1	43	11
2	43	13
3	43	17
4	43	15
5	43	17
6	43	18
7	43	16
8	43	16
9	43	16
10	43	18
11	43	17
12	43	20
13	43	17
14	43	14
15	43	18
16	43	12
17	43	10
18	43	4
19	43	4
20	43	3
21	43	3
22	43	4
23	43	6
0	44	0
1	44	14
2	44	9
3	44	5
4	44	18
5	44	5
6	44	5
7	44	22
8	44	18
9	44	9
10	44	18
11	44	9
12	44	0
13	44	9
14	44	0
15	44	18
16	44	22
17	44	5
18	44	0
19	44	0
20	44	5
21	44	5
22	44	9
23	44	0
0	45	14
1	45	23
2	45	10
3	45	14
4	45	18
5	45	10
6	45	23
7	45	14
8	45	31
9	45	0
10	45	31
11	45	27
12	45	10
13	45	10
14	45	10
15	45	31
16	45	14
17	45	0
18	45	5
19	45	14
20	45	0
21	45	0
22	45	0
23	45	5
0	46	11
1	46	19
2	46	20
3	46	21
4	46	18
5	46	25
6	46	25
7	46	26
8	46	24
9	46	28
10	46	26
11	46	25
12	46	22
13	46	28
14	46	17
15	46	11
16	46	14
17	46	9
18	46	6
19	46	2
20	46	3
21	46	3
22	46	2
23	46	9
0	47	0
1	47	0
2	47	8
3	47	8
4	47	15
5	47	15
6	47	41
7	47	15
8	47	15
9	47	22
10	47	35
11	47	22
12	47	22
13	47	0
14	47	15
15	47	22
16	47	22
17	47	15
18	47	0
19	47	0
20	47	0
21	47	0
22	47	8
23	47	8
0	48	40
1	48	0
2	48	0
3	48	0
4	48	40
5	48	40
6	48	0
7	48	0
8	48	0
9	48	0
10	48	0
11	48	0
12	48	40
13	48	40
14	48	74
15	48	0
16	48	0
17	48	0
18	48	0
19	48	0
20	48	0
21	48	0
22	48	0
23	48	0
0	49	0
1	49	26
2	49	0
3	49	26
4	49	0
5	49	0
6	49	0
7	49	0
8	49	26
9	49	0
10	49	0
11	49	0
12	49	26
13	49	0
14	49	0
15	49	49
16	49	26
17	49	0
18	49	49
19	49	0
20	49	0
21	49	0
22	49	26
23	49	0
0	50	0
1	50	0
2	50	0
3	50	0
4	50	0
5	50	0
6	50	0
7	50	0
8	50	0
9	50	88
10	50	0
11	50	0
12	50	0
13	50	0
14	50	0
15	50	0
16	50	0
17	50	0
18	50	0
19	50	0
20	50	0
21	50	0
22	50	0
23	50	0
0	51	44
1	51	30
2	51	0
3	51	30
4	51	0
5	51	44
6	51	0
7	51	16
8	51	30
9	51	44
10	51	30
11	51	16
12	51	57
13	51	30
14	51	16
15	51	16
16	51	16
17	51	16
18	51	0
19	51	0
20	51	0
21	51	30
22	51	0
23	51	44
0	52	7
1	52	9
2	52	15
3	52	15
4	52	21
5	52	18
6	52	17
7	52	21
8	52	22
9	52	17
10	52	13
11	52	22
12	52	28
13	52	21
14	52	13
15	52	15
16	52	9
17	52	7
18	52	5
19	52	3
20	52	2
21	52	1
22	52	2
23	52	6
0	53	0
1	53	0
2	53	0
3	53	64
4	53	64
5	53	0
6	53	112
7	53	0
8	53	64
9	53	0
10	53	64
11	53	0
12	53	0
13	53	0
14	53	0
15	53	0
16	53	0
17	53	0
18	53	0
19	53	0
20	53	0
21	53	0
22	53	64
23	53	0
0	54	6
1	54	11
2	54	13
3	54	13
4	54	18
5	54	21
6	54	14
7	54	23
8	54	19
9	54	7
10	54	16
11	54	11
12	54	9
13	54	27
14	54	24
15	54	26
16	54	13
17	54	11
18	54	7
19	54	4
20	54	2
21	54	0
22	54	2
23	54	0
0	55	16
1	55	0
2	55	16
3	55	79
4	55	30
5	55	99
6	55	0
7	55	16
8	55	30
9	55	0
10	55	16
11	55	16
12	55	16
13	55	0
14	55	16
15	55	0
16	55	16
17	55	16
18	55	0
19	55	0
20	55	0
21	55	0
22	55	16
23	55	0
0	56	0
1	56	70
2	56	70
3	56	0
4	56	0
5	56	70
6	56	0
7	56	0
8	56	0
9	56	0
10	56	0
11	56	0
12	56	0
13	56	38
14	56	0
15	56	0
16	56	0
17	56	0
18	56	0
19	56	0
20	56	0
21	56	0
22	56	0
23	56	0
0	57	11
1	57	15
2	57	14
3	57	27
4	57	28
5	57	31
6	57	42
7	57	24
8	57	20
9	57	31
10	57	29
11	57	21
12	57	18
13	57	25
14	57	25
15	57	8
16	57	7
17	57	4
18	57	9
19	57	9
20	57	0
21	57	0
22	57	5
23	57	9
0	58	0
1	58	0
2	58	0
3	58	19
4	58	19
5	58	19
6	58	19
7	58	0
8	58	36
9	58	36
10	58	36
11	58	0
12	58	67
13	58	0
14	58	19
15	58	0
16	58	52
17	58	0
18	58	0
19	58	0
20	58	0
21	58	0
22	58	0
23	58	0
0	59	31
1	59	30
2	59	8
3	59	28
4	59	17
5	59	10
6	59	25
7	59	24
8	59	33
9	59	12
10	59	20
11	59	38
12	59	26
13	59	17
14	59	21
15	59	17
16	59	21
17	59	5
18	59	5
19	59	3
20	59	6
21	59	3
22	59	12
23	59	17
0	60	10
1	60	5
2	60	24
3	60	32
4	60	15
5	60	10
6	60	15
7	60	10
8	60	32
9	60	32
10	60	15
11	60	28
12	60	15
13	60	28
14	60	37
15	60	10
16	60	0
17	60	10
18	60	15
19	60	5
20	60	0
21	60	10
22	60	5
23	60	0
0	61	14
1	61	11
2	61	4
3	61	21
4	61	11
5	61	24
6	61	0
7	61	27
8	61	17
9	61	21
10	61	21
11	61	17
12	61	14
13	61	11
14	61	11
15	61	11
16	61	21
17	61	11
18	61	4
19	61	0
20	61	7
21	61	0
22	61	0
23	61	4
0	62	0
1	62	0
2	62	0
3	62	42
4	62	42
5	62	0
6	62	0
7	62	0
8	62	0
9	62	42
10	62	42
11	62	0
12	62	42
13	62	42
14	62	0
15	62	42
16	62	42
17	62	0
18	62	0
19	62	0
20	62	0
21	62	0
22	62	0
23	62	0
0	63	8
1	63	12
2	63	18
3	63	24
4	63	20
5	63	18
6	63	19
7	63	28
8	63	32
9	63	27
10	63	23
11	63	20
12	63	17
13	63	12
14	63	16
15	63	12
16	63	14
17	63	7
18	63	3
19	63	4
20	63	3
21	63	2
22	63	2
23	63	2
0	64	22
1	64	18
2	64	22
3	64	22
4	64	18
5	64	18
6	64	9
7	64	22
8	64	14
9	64	34
10	64	34
11	64	18
12	64	18
13	64	50
14	64	18
15	64	50
16	64	18
17	64	9
18	64	5
19	64	5
20	64	0
21	64	0
22	64	0
23	64	5
0	65	33
1	65	33
2	65	0
3	65	48
4	65	0
5	65	17
6	65	75
7	65	0
8	65	17
9	65	0
10	65	62
11	65	48
12	65	33
13	65	33
14	65	33
15	65	48
16	65	62
17	65	0
18	65	0
19	65	0
20	65	0
21	65	0
22	65	0
23	65	0
0	66	8
1	66	0
2	66	15
3	66	29
4	66	0
5	66	8
6	66	41
7	66	22
8	66	22
9	66	35
10	66	22
11	66	81
12	66	59
13	66	41
14	66	22
15	66	59
16	66	15
17	66	15
18	66	0
19	66	8
20	66	0
21	66	0
22	66	8
23	66	8
0	67	11
1	67	14
2	67	14
3	67	18
4	67	13
5	67	19
6	67	14
7	67	15
8	67	16
9	67	15
10	67	18
11	67	19
12	67	18
13	67	20
14	67	20
15	67	18
16	67	14
17	67	7
18	67	4
19	67	3
20	67	4
21	67	1
22	67	3
23	67	8
0	68	0
1	68	26
2	68	0
3	68	38
4	68	59
5	68	49
6	68	0
7	68	38
8	68	0
9	68	0
10	68	14
11	68	49
12	68	49
13	68	26
14	68	14
15	68	0
16	68	14
17	68	38
18	68	14
19	68	0
20	68	0
21	68	0
22	68	0
23	68	14
0	69	0
1	69	26
2	69	0
3	69	14
4	69	0
5	69	14
6	69	0
7	69	0
8	69	14
9	69	38
10	69	0
11	69	38
12	69	14
13	69	0
14	69	26
15	69	14
16	69	0
17	69	14
18	69	0
19	69	0
20	69	0
21	69	0
22	69	0
23	69	0
0	70	15
1	70	8
2	70	13
3	70	17
4	70	27
5	70	22
6	70	13
7	70	21
8	70	4
9	70	29
10	70	21
11	70	31
12	70	39
13	70	13
14	70	21
15	70	13
16	70	17
17	70	6
18	70	8
19	70	0
20	70	0
21	70	2
22	70	8
23	70	4
0	71	8
1	71	10
2	71	13
3	71	15
4	71	17
5	71	17
6	71	17
7	71	18
8	71	19
9	71	18
10	71	21
11	71	22
12	71	18
13	71	18
14	71	18
15	71	20
16	71	13
17	71	10
18	71	6
19	71	5
20	71	3
21	71	2
22	71	4
23	71	5
0	72	11
1	72	13
2	72	39
3	72	30
4	72	19
5	72	26
6	72	26
7	72	28
8	72	14
9	72	19
10	72	8
11	72	13
12	72	17
13	72	14
14	72	21
15	72	17
16	72	7
17	72	11
18	72	7
19	72	2
20	72	3
21	72	0
22	72	2
23	72	7
0	73	0
1	73	8
2	73	8
3	73	31
4	73	8
5	73	16
6	73	0
7	73	16
8	73	8
9	73	16
10	73	31
11	73	0
12	73	8
13	73	8
14	73	8
15	73	37
16	73	44
17	73	0
18	73	8
19	73	8
20	73	0
21	73	31
22	73	0
23	73	0
0	74	13
1	74	14
2	74	19
3	74	24
4	74	19
5	74	24
6	74	20
7	74	24
8	74	28
9	74	25
10	74	26
11	74	23
12	74	28
13	74	33
14	74	29
15	74	29
16	74	20
17	74	15
18	74	7
19	74	6
20	74	2
21	74	13
22	74	21
23	74	21
0	75	17
1	75	17
2	75	0
3	75	33
4	75	33
5	75	0
6	75	17
7	75	0
8	75	0
9	75	48
10	75	48
11	75	33
12	75	62
13	75	17
14	75	0
15	75	17
16	75	0
17	75	0
18	75	17
19	75	0
20	75	0
21	75	0
22	75	0
23	75	0
0	76	28
1	76	28
2	76	52
3	76	0
4	76	28
5	76	0
6	76	28
7	76	28
8	76	73
9	76	0
10	76	52
11	76	52
12	76	0
13	76	0
14	76	28
15	76	0
16	76	0
17	76	0
18	76	0
19	76	0
20	76	0
21	76	0
22	76	0
23	76	0
0	77	6
1	77	11
2	77	34
3	77	34
4	77	25
5	77	20
6	77	16
7	77	11
8	77	25
9	77	20
10	77	16
11	77	30
12	77	16
13	77	20
14	77	25
15	77	25
16	77	6
17	77	16
18	77	0
19	77	11
20	77	0
21	77	0
22	77	6
23	77	0
0	78	0
1	78	0
2	78	0
3	78	0
4	78	0
5	78	0
6	78	30
7	78	0
8	78	0
9	78	0
10	78	0
11	78	55
12	78	98
13	78	30
14	78	0
15	78	0
16	78	0
17	78	0
18	78	0
19	78	0
20	78	0
21	78	0
22	78	0
23	78	0
0	79	9
1	79	20
2	79	13
3	79	19
4	79	16
5	79	22
6	79	21
7	79	25
8	79	18
9	79	20
10	79	27
11	79	22
12	79	22
13	79	17
14	79	20
15	79	10
16	79	12
17	79	8
18	79	5
19	79	2
20	79	1
21	79	2
22	79	3
23	79	5
0	80	8
1	80	13
2	80	11
3	80	13
4	80	19
5	80	22
6	80	20
7	80	20
8	80	14
9	80	20
10	80	18
11	80	19
12	80	20
13	80	18
14	80	22
15	80	22
16	80	15
17	80	14
18	80	8
19	80	4
20	80	5
21	80	4
22	80	4
23	80	9
0	81	17
1	81	28
2	81	14
3	81	15
4	81	19
5	81	17
6	81	24
7	81	28
8	81	26
9	81	19
10	81	22
11	81	13
12	81	19
13	81	29
14	81	21
15	81	22
16	81	13
17	81	13
18	81	2
19	81	0
20	81	0
21	81	5
22	81	5
23	81	10
0	82	9
1	82	13
2	82	15
3	82	16
4	82	14
5	82	20
6	82	22
7	82	19
8	82	23
9	82	21
10	82	19
11	82	19
12	82	22
13	82	25
14	82	25
15	82	18
16	82	16
17	82	12
18	82	4
19	82	3
20	82	2
21	82	3
22	82	3
23	82	7
0	83	0
1	83	253
2	83	0
3	83	0
4	83	0
5	83	0
6	83	0
7	83	0
8	83	0
9	83	0
10	83	0
11	83	0
12	83	0
13	83	0
14	83	0
15	83	0
16	83	0
17	83	0
18	83	0
19	83	0
20	83	0
21	83	0
22	83	0
23	83	0
0	84	38
1	84	0
2	84	0
3	84	0
4	84	120
5	84	0
6	84	0
7	84	0
8	84	0
9	84	0
10	84	0
11	84	38
12	84	70
13	84	0
14	84	70
15	84	70
16	84	0
17	84	0
18	84	0
19	84	0
20	84	38
21	84	0
22	84	0
23	84	0
0	85	6
1	85	16
2	85	19
3	85	17
4	85	13
5	85	17
6	85	20
7	85	19
8	85	15
9	85	21
10	85	18
11	85	24
12	85	21
13	85	20
14	85	17
15	85	19
16	85	19
17	85	12
18	85	5
19	85	4
20	85	2
21	85	4
22	85	3
23	85	5
0	86	11
1	86	14
2	86	10
3	86	14
4	86	16
5	86	17
6	86	16
7	86	18
8	86	16
9	86	19
10	86	16
11	86	14
12	86	18
13	86	17
14	86	16
15	86	23
16	86	13
17	86	10
18	86	5
19	86	6
20	86	3
21	86	4
22	86	4
23	86	7
0	87	0
1	87	0
2	87	17
3	87	0
4	87	17
5	87	0
6	87	33
7	87	0
8	87	17
9	87	61
10	87	17
11	87	0
12	87	0
13	87	0
14	87	17
15	87	17
16	87	0
17	87	0
18	87	17
19	87	0
20	87	17
21	87	0
22	87	17
23	87	0
0	88	13
1	88	24
2	88	0
3	88	0
4	88	0
5	88	24
6	88	24
7	88	13
8	88	0
9	88	13
10	88	24
11	88	0
12	88	46
13	88	24
14	88	24
15	88	0
16	88	56
17	88	24
18	88	13
19	88	13
20	88	13
21	88	0
22	88	0
23	88	13
0	89	0
1	89	0
2	89	0
3	89	0
4	89	0
5	89	0
6	89	0
7	89	0
8	89	0
9	89	0
10	89	0
11	89	0
12	89	0
13	89	0
14	89	0
15	89	0
16	89	0
17	89	0
18	89	0
19	89	0
20	89	0
21	89	0
22	89	0
23	89	0
0	90	0
1	90	0
2	90	112
3	90	0
4	90	0
5	90	0
6	90	0
7	90	0
8	90	0
9	90	0
10	90	0
11	90	0
12	90	0
13	90	0
14	90	0
15	90	0
16	90	0
17	90	0
18	90	0
19	90	0
20	90	0
21	90	0
22	90	0
23	90	0
0	91	11
1	91	0
2	91	0
3	91	21
4	91	11
5	91	30
6	91	35
7	91	6
8	91	48
9	91	0
10	91	26
11	91	16
12	91	35
13	91	30
14	91	6
15	91	11
16	91	16
17	91	11
18	91	0
19	91	0
20	91	6
21	91	6
22	91	0
23	91	0
0	92	0
1	92	0
2	92	0
3	92	0
4	92	0
5	92	0
6	92	175
7	92	0
8	92	0
9	92	0
10	92	0
11	92	0
12	92	0
13	92	0
14	92	0
15	92	0
16	92	0
17	92	0
18	92	0
19	92	0
20	92	0
21	92	0
22	92	0
23	92	0
0	93	12
1	93	4
2	93	7
3	93	15
4	93	16
5	93	16
6	93	24
7	93	21
8	93	13
9	93	5
10	93	12
11	93	4
12	93	4
13	93	2
14	93	8
15	93	2
16	93	2
17	93	0
18	93	0
19	93	2
20	93	0
21	93	0
22	93	0
23	93	2
0	94	21
1	94	0
2	94	27
3	94	14
4	94	27
5	94	14
6	94	45
7	94	7
8	94	0
9	94	27
10	94	27
11	94	45
12	94	51
13	94	56
14	94	45
15	94	21
16	94	27
17	94	7
18	94	0
19	94	0
20	94	0
21	94	0
22	94	0
23	94	7
0	95	0
1	95	0
2	95	0
3	95	0
4	95	0
5	95	42
6	95	0
7	95	22
8	95	0
9	95	0
10	95	0
11	95	42
12	95	42
13	95	0
14	95	42
15	95	22
16	95	0
17	95	22
18	95	42
19	95	0
20	95	0
21	95	0
22	95	0
23	95	0
0	96	12
1	96	12
2	96	6
3	96	6
4	96	28
5	96	12
6	96	17
7	96	6
8	96	33
9	96	66
10	96	28
11	96	78
12	96	17
13	96	6
14	96	23
15	96	28
16	96	12
17	96	6
18	96	6
19	96	12
20	96	0
21	96	0
22	96	0
23	96	0
0	97	62
1	97	0
2	97	0
3	97	0
4	97	0
5	97	17
6	97	17
7	97	0
8	97	17
9	97	17
10	97	0
11	97	17
12	97	17
13	97	33
14	97	17
15	97	33
16	97	33
17	97	0
18	97	0
19	97	0
20	97	0
21	97	0
22	97	17
23	97	0
0	98	11
1	98	14
2	98	18
3	98	19
4	98	21
5	98	22
6	98	22
7	98	23
8	98	24
9	98	23
10	98	22
11	98	23
12	98	24
13	98	23
14	98	21
15	98	19
16	98	14
17	98	9
18	98	6
19	98	4
20	98	3
21	98	3
22	98	4
23	98	8
0	99	8
1	99	10
2	99	13
3	99	14
4	99	15
5	99	14
6	99	15
7	99	17
8	99	17
9	99	17
10	99	17
11	99	18
12	99	17
13	99	15
14	99	14
15	99	17
16	99	13
17	99	10
18	99	6
19	99	5
20	99	4
21	99	2
22	99	3
23	99	6
0	100	17
1	100	15
2	100	20
3	100	19
4	100	17
5	100	16
6	100	22
7	100	21
8	100	19
9	100	17
10	100	17
11	100	22
12	100	19
13	100	24
14	100	21
15	100	23
16	100	18
17	100	11
18	100	7
19	100	3
20	100	4
21	100	5
22	100	6
23	100	5
0	101	0
1	101	0
2	101	0
3	101	28
4	101	19
5	101	44
6	101	28
7	101	44
8	101	36
9	101	44
10	101	67
11	101	10
12	101	28
13	101	10
14	101	10
15	101	19
16	101	44
17	101	19
18	101	19
19	101	0
20	101	0
21	101	0
22	101	0
23	101	10
0	102	0
1	102	0
2	102	0
3	102	0
4	102	0
5	102	0
6	102	0
7	102	0
8	102	0
9	102	0
10	102	0
11	102	0
12	102	112
13	102	0
14	102	0
15	102	64
16	102	64
17	102	0
18	102	0
19	102	0
20	102	0
21	102	0
22	102	0
23	102	0
0	103	0
1	103	0
2	103	0
3	103	0
4	103	0
5	103	230
6	103	0
7	103	0
8	103	0
9	103	175
10	103	0
11	103	0
12	103	0
13	103	0
14	103	0
15	103	0
16	103	0
17	103	0
18	103	0
19	103	0
20	103	0
21	103	0
22	103	0
23	103	0
0	104	14
1	104	10
2	104	17
3	104	7
4	104	20
5	104	17
6	104	20
7	104	32
8	104	32
9	104	38
10	104	20
11	104	10
12	104	17
13	104	14
14	104	14
15	104	20
16	104	41
17	104	10
18	104	4
19	104	4
20	104	0
21	104	0
22	104	4
23	104	20
0	105	14
1	105	11
2	105	21
3	105	21
4	105	21
5	105	33
6	105	27
7	105	17
8	105	21
9	105	33
10	105	33
11	105	33
12	105	39
13	105	30
14	105	14
15	105	14
16	105	7
17	105	14
18	105	7
19	105	4
20	105	0
21	105	7
22	105	7
23	105	7
0	106	82
1	106	0
2	106	0
3	106	0
4	106	0
5	106	31
6	106	58
7	106	31
8	106	0
9	106	0
10	106	0
11	106	0
12	106	0
13	106	31
14	106	31
15	106	0
16	106	0
17	106	0
18	106	31
19	106	0
20	106	0
21	106	0
22	106	0
23	106	31
0	107	12
1	107	7
2	107	29
3	107	18
4	107	12
5	107	24
6	107	45
7	107	29
8	107	45
9	107	24
10	107	35
11	107	40
12	107	29
13	107	40
14	107	35
15	107	29
16	107	7
17	107	7
18	107	0
19	107	0
20	107	0
21	107	7
22	107	0
23	107	7
0	108	22
1	108	0
2	108	0
3	108	0
4	108	22
5	108	0
6	108	22
7	108	0
8	108	22
9	108	0
10	108	0
11	108	59
12	108	75
13	108	22
14	108	0
15	108	0
16	108	0
17	108	0
18	108	22
19	108	41
20	108	22
21	108	22
22	108	0
23	108	22
0	109	11
1	109	13
2	109	17
3	109	19
4	109	20
5	109	22
6	109	21
7	109	21
8	109	23
9	109	23
10	109	23
11	109	22
12	109	22
13	109	21
14	109	19
15	109	17
16	109	14
17	109	9
18	109	5
19	109	4
20	109	3
21	109	3
22	109	4
23	109	7
0	110	11
1	110	11
2	110	0
3	110	0
4	110	0
5	110	16
6	110	6
7	110	11
8	110	6
9	110	11
10	110	11
11	110	21
12	110	6
13	110	21
14	110	21
15	110	21
16	110	6
17	110	6
18	110	6
19	110	0
20	110	6
21	110	0
22	110	6
23	110	6
0	111	14
1	111	14
2	111	0
3	111	28
4	111	14
5	111	14
6	111	28
7	111	0
8	111	14
9	111	0
10	111	63
11	111	52
12	111	14
13	111	0
14	111	28
15	111	14
16	111	40
17	111	0
18	111	0
19	111	0
20	111	14
21	111	0
22	111	0
23	111	0
0	112	31
1	112	31
2	112	57
3	112	16
4	112	0
5	112	31
6	112	31
7	112	16
8	112	16
9	112	16
10	112	44
11	112	31
12	112	0
13	112	31
14	112	0
15	112	16
16	112	16
17	112	0
18	112	0
19	112	0
20	112	0
21	112	0
22	112	0
23	112	0
0	113	13
1	113	16
2	113	21
3	113	31
4	113	26
5	113	22
6	113	20
7	113	13
8	113	22
9	113	24
10	113	22
11	113	17
12	113	20
13	113	18
14	113	16
15	113	35
16	113	12
17	113	9
18	113	5
19	113	2
20	113	0
21	113	3
22	113	0
23	113	9
0	114	9
1	114	11
2	114	16
3	114	18
4	114	20
5	114	21
6	114	17
7	114	19
8	114	19
9	114	17
10	114	21
11	114	17
12	114	21
13	114	18
14	114	17
15	114	14
16	114	9
17	114	6
18	114	3
19	114	3
20	114	2
21	114	2
22	114	3
23	114	6
0	115	82
1	115	0
2	115	0
3	115	0
4	115	45
5	115	0
6	115	0
7	115	45
8	115	0
9	115	0
10	115	0
11	115	0
12	115	0
13	115	0
14	115	45
15	115	45
16	115	0
17	115	0
18	115	0
19	115	82
20	115	0
21	115	0
22	115	0
23	115	0
0	116	0
1	116	0
2	116	0
3	116	0
4	116	0
5	116	0
6	116	0
7	116	51
8	116	0
9	116	0
10	116	0
11	116	0
12	116	0
13	116	0
14	116	0
15	116	0
16	116	0
17	116	0
18	116	0
19	116	0
20	116	91
21	116	0
22	116	0
23	116	0
0	117	0
1	117	29
2	117	0
3	117	29
4	117	29
5	117	29
6	117	29
7	117	0
8	117	54
9	117	0
10	117	0
11	117	0
12	117	29
13	117	0
14	117	0
15	117	0
16	117	0
17	117	0
18	117	0
19	117	0
20	117	0
21	117	0
22	117	0
23	117	0
0	118	0
1	118	0
2	118	29
3	118	0
4	118	15
5	118	0
6	118	42
7	118	15
8	118	0
9	118	0
10	118	29
11	118	0
12	118	29
13	118	15
14	118	0
15	118	0
16	118	0
17	118	0
18	118	0
19	118	0
20	118	0
21	118	0
22	118	15
23	118	15
0	119	12
1	119	0
2	119	0
3	119	0
4	119	24
5	119	0
6	119	55
7	119	12
8	119	12
9	119	12
10	119	12
11	119	55
12	119	12
13	119	24
14	119	24
15	119	12
16	119	24
17	119	0
18	119	0
19	119	0
20	119	0
21	119	0
22	119	0
23	119	0
0	120	12
1	120	15
2	120	19
3	120	22
4	120	24
5	120	26
6	120	27
7	120	25
8	120	26
9	120	27
10	120	26
11	120	27
12	120	25
13	120	22
14	120	20
15	120	19
16	120	13
17	120	8
18	120	5
19	120	4
20	120	3
21	120	3
22	120	4
23	120	8
0	121	0
1	121	53
2	121	0
3	121	0
4	121	0
5	121	0
6	121	0
7	121	0
8	121	95
9	121	0
10	121	0
11	121	0
12	121	0
13	121	53
14	121	0
15	121	53
16	121	0
17	121	53
18	121	0
19	121	0
20	121	0
21	121	0
22	121	0
23	121	0
0	122	3
1	122	6
2	122	0
3	122	6
4	122	12
5	122	3
6	122	12
7	122	6
8	122	3
9	122	23
10	122	12
11	122	15
12	122	3
13	122	15
14	122	0
15	122	6
16	122	9
17	122	3
18	122	3
19	122	0
20	122	6
21	122	0
22	122	0
23	122	0
0	123	0
1	123	30
2	123	0
3	123	0
4	123	0
5	123	0
6	123	30
7	123	57
8	123	0
9	123	30
10	123	0
11	123	0
12	123	30
13	123	101
14	123	30
15	123	30
16	123	30
17	123	0
18	123	0
19	123	0
20	123	0
21	123	0
22	123	0
23	123	0
0	124	0
1	124	12
2	124	6
3	124	28
4	124	56
5	124	33
6	124	28
7	124	33
8	124	33
9	124	52
10	124	28
11	124	28
12	124	33
13	124	28
14	124	22
15	124	33
16	124	22
17	124	12
18	124	6
19	124	0
20	124	0
21	124	6
22	124	0
23	124	6
0	125	12
1	125	11
2	125	14
3	125	17
4	125	17
5	125	21
6	125	14
7	125	18
8	125	17
9	125	17
10	125	21
11	125	15
12	125	19
13	125	19
14	125	21
15	125	23
16	125	14
17	125	9
18	125	7
19	125	4
20	125	3
21	125	1
22	125	5
23	125	5
0	126	7
1	126	3
2	126	13
3	126	19
4	126	19
5	126	29
6	126	29
7	126	19
8	126	34
9	126	34
10	126	15
11	126	11
12	126	42
13	126	34
14	126	21
15	126	15
16	126	23
17	126	29
18	126	13
19	126	7
20	126	0
21	126	0
22	126	0
23	126	9
0	127	0
1	127	0
2	127	15
3	127	65
4	127	0
5	127	29
6	127	15
7	127	0
8	127	0
9	127	15
10	127	41
11	127	0
12	127	15
13	127	0
14	127	0
15	127	0
16	127	0
17	127	0
18	127	0
19	127	0
20	127	0
21	127	0
22	127	0
23	127	15
0	128	0
1	128	0
2	128	26
3	128	26
4	128	0
5	128	14
6	128	14
7	128	0
8	128	14
9	128	14
10	128	0
11	128	59
12	128	0
13	128	0
14	128	38
15	128	0
16	128	0
17	128	14
18	128	0
19	128	0
20	128	0
21	128	38
22	128	0
23	128	0
0	129	0
1	129	46
2	129	10
3	129	29
4	129	29
5	129	29
6	129	46
7	129	20
8	129	20
9	129	29
10	129	0
11	129	20
12	129	20
13	129	10
14	129	0
15	129	20
16	129	10
17	129	20
18	129	10
19	129	10
20	129	0
21	129	0
22	129	0
23	129	10
0	130	8
1	130	4
2	130	11
3	130	8
4	130	22
5	130	38
6	130	11
7	130	32
8	130	8
9	130	8
10	130	22
11	130	8
12	130	18
13	130	22
14	130	8
15	130	22
16	130	8
17	130	18
18	130	4
19	130	0
20	130	0
21	130	0
22	130	0
23	130	15
0	131	0
1	131	17
2	131	17
3	131	28
4	131	9
5	131	13
6	131	17
7	131	17
8	131	28
9	131	28
10	131	17
11	131	13
12	131	9
13	131	9
14	131	32
15	131	28
16	131	13
17	131	5
18	131	9
19	131	13
20	131	13
21	131	5
22	131	0
23	131	9
0	132	0
1	132	0
2	132	13
3	132	0
4	132	13
5	132	13
6	132	0
7	132	0
8	132	13
9	132	0
10	132	0
11	132	0
12	132	0
13	132	0
14	132	0
15	132	0
16	132	0
17	132	13
18	132	0
19	132	0
20	132	0
21	132	0
22	132	0
23	132	0
0	133	0
1	133	0
2	133	0
3	133	28
4	133	0
5	133	0
6	133	28
7	133	28
8	133	0
9	133	28
10	133	53
11	133	0
12	133	53
13	133	0
14	133	53
15	133	53
16	133	0
17	133	0
18	133	0
19	133	0
20	133	0
21	133	0
22	133	0
23	133	0
0	134	4
1	134	11
2	134	18
3	134	24
4	134	18
5	134	68
6	134	43
7	134	18
8	134	18
9	134	11
10	134	18
11	134	18
12	134	11
13	134	18
14	134	11
15	134	8
16	134	14
17	134	14
18	134	4
19	134	4
20	134	0
21	134	0
22	134	0
23	134	4
0	135	5
1	135	25
2	135	5
3	135	21
4	135	21
5	135	25
6	135	25
7	135	17
8	135	17
9	135	25
10	135	25
11	135	47
12	135	9
13	135	13
14	135	17
15	135	43
16	135	40
17	135	5
18	135	0
19	135	0
20	135	0
21	135	0
22	135	5
23	135	5
0	136	15
1	136	0
2	136	22
3	136	0
4	136	8
5	136	22
6	136	8
7	136	35
8	136	15
9	136	35
10	136	15
11	136	53
12	136	8
13	136	15
14	136	8
15	136	22
16	136	8
17	136	0
18	136	0
19	136	0
20	136	0
21	136	0
22	136	0
23	136	15
0	137	11
1	137	10
2	137	11
3	137	17
4	137	11
5	137	21
6	137	23
7	137	17
8	137	39
9	137	12
10	137	32
11	137	31
12	137	28
13	137	34
14	137	30
15	137	22
16	137	16
17	137	7
18	137	11
19	137	3
20	137	3
21	137	0
22	137	0
23	137	8
0	138	0
1	138	0
2	138	0
3	138	0
4	138	0
5	138	0
6	138	0
7	138	58
8	138	0
9	138	0
10	138	0
11	138	0
12	138	0
13	138	0
14	138	58
15	138	58
16	138	58
17	138	0
18	138	0
19	138	0
20	138	0
21	138	0
22	138	0
23	138	0
0	139	15
1	139	8
2	139	15
3	139	15
4	139	12
5	139	4
6	139	22
7	139	22
8	139	36
9	139	15
10	139	12
11	139	26
12	139	39
13	139	36
14	139	33
15	139	22
16	139	12
17	139	0
18	139	12
19	139	0
20	139	0
21	139	0
22	139	0
23	139	12
0	140	0
1	140	50
2	140	0
3	140	0
4	140	0
5	140	26
6	140	26
7	140	89
8	140	26
9	140	0
10	140	71
11	140	0
12	140	0
13	140	0
14	140	0
15	140	0
16	140	0
17	140	0
18	140	26
19	140	26
20	140	0
21	140	0
22	140	0
23	140	0
0	141	0
1	141	15
2	141	15
3	141	29
4	141	22
5	141	15
6	141	29
7	141	48
8	141	8
9	141	48
10	141	15
11	141	8
12	141	22
13	141	22
14	141	48
15	141	8
16	141	22
17	141	0
18	141	0
19	141	0
20	141	8
21	141	8
22	141	0
23	141	0
0	142	64
1	142	0
2	142	0
3	142	0
4	142	0
5	142	0
6	142	0
7	142	0
8	142	0
9	142	0
10	142	0
11	142	64
12	142	64
13	142	0
14	142	0
15	142	0
16	142	0
17	142	64
18	142	0
19	142	0
20	142	0
21	142	0
22	142	0
23	142	0
0	143	7
1	143	18
2	143	0
3	143	18
4	143	13
5	143	13
6	143	13
7	143	30
8	143	18
9	143	35
10	143	18
11	143	0
12	143	18
13	143	13
14	143	18
15	143	7
16	143	35
17	143	13
18	143	7
19	143	13
20	143	7
21	143	0
22	143	0
23	143	13
0	144	6
1	144	8
2	144	10
3	144	11
4	144	14
5	144	11
6	144	15
7	144	18
8	144	15
9	144	17
10	144	15
11	144	18
12	144	15
13	144	15
14	144	15
15	144	13
16	144	13
17	144	12
18	144	6
19	144	6
20	144	4
21	144	2
22	144	3
23	144	5
0	145	35
1	145	35
2	145	0
3	145	0
4	145	0
5	145	35
6	145	35
7	145	35
8	145	0
9	145	35
10	145	0
11	145	78
12	145	0
13	145	101
14	145	0
15	145	0
16	145	0
17	145	0
18	145	0
19	145	0
20	145	0
21	145	0
22	145	0
23	145	18
0	146	25
1	146	37
2	146	25
3	146	37
4	146	48
5	146	37
6	146	13
7	146	13
8	146	13
9	146	25
10	146	48
11	146	58
12	146	58
13	146	13
14	146	13
15	146	0
16	146	13
17	146	25
18	146	13
19	146	0
20	146	0
21	146	0
22	146	13
23	146	48
0	147	0
1	147	34
2	147	34
3	147	0
4	147	0
5	147	0
6	147	0
7	147	34
8	147	0
9	147	0
10	147	34
11	147	18
12	147	34
13	147	77
14	147	34
15	147	63
16	147	18
17	147	18
18	147	0
19	147	0
20	147	0
21	147	0
22	147	18
23	147	0
0	148	11
1	148	14
2	148	11
3	148	24
4	148	23
5	148	21
6	148	25
7	148	21
8	148	27
9	148	20
10	148	23
11	148	29
12	148	34
13	148	32
14	148	17
15	148	31
16	148	22
17	148	10
18	148	6
19	148	8
20	148	3
21	148	1
22	148	3
23	148	6
0	149	21
1	149	0
2	149	0
3	149	0
4	149	0
5	149	73
6	149	21
7	149	40
8	149	0
9	149	0
10	149	21
11	149	21
12	149	40
13	149	0
14	149	40
15	149	0
16	149	40
17	149	21
18	149	0
19	149	0
20	149	0
21	149	0
22	149	21
23	149	0
0	150	20
1	150	10
2	150	10
3	150	20
4	150	0
5	150	0
6	150	20
7	150	20
8	150	0
9	150	20
10	150	20
11	150	0
12	150	0
13	150	38
14	150	29
15	150	0
16	150	29
17	150	10
18	150	0
19	150	0
20	150	0
21	150	0
22	150	0
23	150	0
0	151	44
1	151	0
2	151	16
3	151	16
4	151	0
5	151	30
6	151	30
7	151	57
8	151	57
9	151	0
10	151	0
11	151	16
12	151	16
13	151	16
14	151	30
15	151	44
16	151	16
17	151	16
18	151	0
19	151	0
20	151	0
21	151	0
22	151	16
23	151	16
0	152	0
1	152	61
2	152	33
3	152	33
4	152	61
5	152	33
6	152	33
7	152	33
8	152	0
9	152	0
10	152	33
11	152	0
12	152	0
13	152	0
14	152	0
15	152	0
16	152	0
17	152	0
18	152	0
19	152	0
20	152	0
21	152	0
22	152	0
23	152	33
0	153	0
1	153	100
2	153	0
3	153	0
4	153	39
5	153	0
6	153	39
7	153	0
8	153	0
9	153	0
10	153	39
11	153	0
12	153	72
13	153	0
14	153	0
15	153	39
16	153	0
17	153	0
18	153	0
19	153	39
20	153	0
21	153	0
22	153	0
23	153	0
0	154	0
1	154	30
2	154	0
3	154	0
4	154	15
5	154	30
6	154	15
7	154	15
8	154	43
9	154	15
10	154	55
11	154	43
12	154	43
13	154	15
14	154	43
15	154	43
16	154	15
17	154	43
18	154	0
19	154	0
20	154	0
21	154	0
22	154	0
23	154	0
0	155	12
1	155	15
2	155	19
3	155	16
4	155	20
5	155	15
6	155	17
7	155	15
8	155	31
9	155	29
10	155	24
11	155	20
12	155	20
13	155	22
14	155	22
15	155	16
16	155	18
17	155	13
18	155	7
19	155	5
20	155	3
21	155	2
22	155	3
23	155	7
0	156	0
1	156	0
2	156	0
3	156	0
4	156	0
5	156	0
6	156	0
7	156	0
8	156	72
9	156	0
10	156	72
11	156	0
12	156	0
13	156	0
14	156	72
15	156	0
16	156	0
17	156	72
18	156	0
19	156	0
20	156	0
21	156	0
22	156	0
23	156	0
0	157	0
1	157	0
2	157	0
3	157	0
4	157	0
5	157	14
6	157	0
7	157	0
8	157	0
9	157	14
10	157	28
11	157	28
12	157	28
13	157	0
14	157	0
15	157	0
16	157	14
17	157	0
18	157	28
19	157	0
20	157	0
21	157	0
22	157	0
23	157	0
0	158	0
1	158	31
2	158	16
3	158	0
4	158	0
5	158	31
6	158	31
7	158	16
8	158	31
9	158	0
10	158	0
11	158	82
12	158	16
13	158	0
14	158	16
15	158	16
16	158	16
17	158	0
18	158	0
19	158	0
20	158	0
21	158	0
22	158	0
23	158	0
0	159	6
1	159	3
2	159	3
3	159	18
4	159	15
5	159	15
6	159	12
7	159	0
8	159	15
9	159	18
10	159	26
11	159	12
12	159	26
13	159	12
14	159	12
15	159	20
16	159	9
17	159	3
18	159	3
19	159	9
20	159	0
21	159	0
22	159	0
23	159	3
0	160	9
1	160	9
2	160	14
3	160	20
4	160	18
5	160	23
6	160	20
7	160	18
8	160	17
9	160	17
10	160	18
11	160	20
12	160	21
13	160	24
14	160	20
15	160	21
16	160	15
17	160	10
18	160	7
19	160	4
20	160	2
21	160	2
22	160	4
23	160	9
0	161	14
1	161	27
2	161	23
3	161	14
4	161	39
5	161	35
6	161	23
7	161	19
8	161	14
9	161	23
10	161	39
11	161	39
12	161	23
13	161	19
14	161	0
15	161	23
16	161	19
17	161	5
18	161	10
19	161	0
20	161	0
21	161	0
22	161	10
23	161	14
0	162	12
1	162	18
2	162	17
3	162	22
4	162	22
5	162	22
6	162	16
7	162	18
8	162	22
9	162	20
10	162	25
11	162	28
12	162	20
13	162	23
14	162	16
15	162	23
16	162	16
17	162	7
18	162	5
19	162	5
20	162	2
21	162	4
22	162	4
23	162	8
0	163	5
1	163	10
2	163	14
3	163	23
4	163	10
5	163	10
6	163	23
7	163	23
8	163	47
9	163	31
10	163	23
11	163	47
12	163	43
13	163	19
14	163	14
15	163	10
16	163	5
17	163	5
18	163	5
19	163	0
20	163	0
21	163	5
22	163	0
23	163	0
0	164	0
1	164	0
2	164	0
3	164	58
4	164	0
5	164	0
6	164	0
7	164	58
8	164	0
9	164	58
10	164	0
11	164	0
12	164	0
13	164	0
14	164	0
15	164	0
16	164	0
17	164	0
18	164	0
19	164	0
20	164	0
21	164	0
22	164	0
23	164	0
0	165	18
1	165	0
2	165	13
3	165	13
4	165	35
5	165	18
6	165	13
7	165	30
8	165	13
9	165	24
10	165	35
11	165	24
12	165	13
13	165	24
14	165	7
15	165	35
16	165	0
17	165	13
18	165	0
19	165	18
20	165	7
21	165	0
22	165	0
23	165	13
0	166	0
1	166	27
2	166	0
3	166	5
4	166	5
5	166	14
6	166	0
7	166	0
8	166	5
9	166	19
10	166	5
11	166	14
12	166	5
13	166	10
14	166	5
15	166	19
16	166	10
17	166	0
18	166	0
19	166	0
20	166	10
21	166	10
22	166	0
23	166	0
0	167	11
1	167	11
2	167	15
3	167	17
4	167	16
5	167	16
6	167	18
7	167	21
8	167	17
9	167	19
10	167	20
11	167	17
12	167	20
13	167	21
14	167	19
15	167	18
16	167	13
17	167	8
18	167	5
19	167	4
20	167	3
21	167	3
22	167	3
23	167	5
0	168	9
1	168	13
2	168	15
3	168	20
4	168	16
5	168	21
6	168	18
7	168	11
8	168	19
9	168	19
10	168	21
11	168	15
12	168	16
13	168	17
14	168	16
15	168	17
16	168	13
17	168	12
18	168	6
19	168	5
20	168	7
21	168	3
22	168	2
23	168	6
0	169	14
1	169	13
2	169	14
3	169	16
4	169	19
5	169	17
6	169	19
7	169	19
8	169	18
9	169	22
10	169	19
11	169	21
12	169	22
13	169	22
14	169	22
15	169	25
16	169	19
17	169	10
18	169	7
19	169	6
20	169	3
21	169	2
22	169	5
23	169	7
0	170	0
1	170	0
2	170	0
3	170	0
4	170	37
5	170	0
6	170	0
7	170	20
8	170	20
9	170	37
10	170	20
11	170	20
12	170	0
13	170	54
14	170	20
15	170	20
16	170	20
17	170	20
18	170	0
19	170	0
20	170	0
21	170	0
22	170	0
23	170	0
0	171	10
1	171	15
2	171	26
3	171	24
4	171	24
5	171	27
6	171	27
7	171	24
8	171	21
9	171	24
10	171	22
11	171	32
12	171	24
13	171	26
14	171	21
15	171	17
16	171	21
17	171	9
18	171	8
19	171	4
20	171	3
21	171	3
22	171	5
23	171	7
0	172	11
1	172	11
2	172	11
3	172	18
4	172	17
5	172	22
6	172	21
7	172	19
8	172	20
9	172	22
10	172	22
11	172	16
12	172	16
13	172	18
14	172	20
15	172	19
16	172	14
17	172	10
18	172	5
19	172	4
20	172	4
21	172	3
22	172	4
23	172	6
0	173	19
1	173	0
2	173	7
3	173	31
4	173	0
5	173	19
6	173	0
7	173	0
8	173	0
9	173	13
10	173	19
11	173	19
12	173	13
13	173	25
14	173	13
15	173	25
16	173	0
17	173	0
18	173	0
19	173	0
20	173	7
21	173	0
22	173	7
23	173	0
0	174	0
1	174	36
2	174	36
3	174	0
4	174	36
5	174	36
6	174	66
7	174	66
8	174	0
9	174	36
10	174	36
11	174	0
12	174	36
13	174	0
14	174	36
15	174	36
16	174	0
17	174	0
18	174	0
19	174	0
20	174	0
21	174	0
22	174	0
23	174	0
0	175	48
1	175	0
2	175	0
3	175	17
4	175	0
5	175	33
6	175	0
7	175	0
8	175	0
9	175	0
10	175	17
11	175	33
12	175	33
13	175	48
14	175	17
15	175	17
16	175	48
17	175	17
18	175	0
19	175	0
20	175	17
21	175	0
22	175	0
23	175	0
0	176	0
1	176	0
2	176	0
3	176	53
4	176	0
5	176	95
6	176	53
7	176	53
8	176	0
9	176	0
10	176	0
11	176	53
12	176	0
13	176	53
14	176	0
15	176	0
16	176	0
17	176	95
18	176	0
19	176	0
20	176	0
21	176	0
22	176	53
23	176	0
0	177	13
1	177	10
2	177	14
3	177	10
4	177	24
5	177	20
6	177	19
7	177	22
8	177	25
9	177	14
10	177	22
11	177	20
12	177	23
13	177	14
14	177	22
15	177	22
16	177	14
17	177	10
18	177	8
19	177	4
20	177	3
21	177	6
22	177	7
23	177	11
0	178	0
1	178	0
2	178	0
3	178	0
4	178	0
5	178	0
6	178	0
7	178	0
8	178	0
9	178	0
10	178	0
11	178	0
12	178	0
13	178	0
14	178	0
15	178	0
16	178	0
17	178	0
18	178	0
19	178	0
20	178	0
21	178	0
22	178	0
23	178	0
0	179	0
1	179	20
2	179	0
3	179	0
4	179	20
5	179	20
6	179	20
7	179	20
8	179	55
9	179	20
10	179	20
11	179	39
12	179	20
13	179	0
14	179	0
15	179	39
16	179	85
17	179	0
18	179	0
19	179	0
20	179	0
21	179	0
22	179	20
23	179	0
0	180	17
1	180	10
2	180	7
3	180	20
4	180	14
5	180	32
6	180	14
7	180	32
8	180	20
9	180	26
10	180	17
11	180	10
12	180	26
13	180	32
14	180	38
15	180	14
16	180	20
17	180	14
18	180	17
19	180	0
20	180	4
21	180	4
22	180	0
23	180	0
0	181	10
1	181	0
2	181	28
3	181	36
4	181	36
5	181	28
6	181	28
7	181	19
8	181	67
9	181	10
10	181	36
11	181	36
12	181	0
13	181	0
14	181	10
15	181	10
16	181	10
17	181	0
18	181	10
19	181	0
20	181	0
21	181	0
22	181	0
23	181	19
0	182	15
1	182	8
2	182	20
3	182	17
4	182	21
5	182	20
6	182	23
7	182	24
8	182	18
9	182	24
10	182	20
11	182	20
12	182	25
13	182	23
14	182	27
15	182	17
16	182	7
17	182	4
18	182	4
19	182	0
20	182	4
21	182	0
22	182	11
23	182	11
0	183	9
1	183	26
2	183	0
3	183	18
4	183	18
5	183	26
6	183	0
7	183	9
8	183	18
9	183	34
10	183	9
11	183	26
12	183	9
13	183	26
14	183	26
15	183	18
16	183	71
17	183	0
18	183	9
19	183	0
20	183	0
21	183	0
22	183	0
23	183	0
0	184	4
1	184	24
2	184	18
3	184	18
4	184	21
5	184	27
6	184	24
7	184	34
8	184	24
9	184	18
10	184	24
11	184	31
12	184	21
13	184	27
14	184	21
15	184	46
16	184	14
17	184	14
18	184	14
19	184	0
20	184	4
21	184	4
22	184	0
23	184	7
0	185	4
1	185	13
2	185	10
3	185	20
4	185	15
5	185	20
6	185	17
7	185	32
8	185	27
9	185	22
10	185	13
11	185	29
12	185	20
13	185	8
14	185	17
15	185	15
16	185	13
17	185	8
18	185	2
19	185	2
20	185	0
21	185	0
22	185	4
23	185	4
0	186	7
1	186	6
2	186	9
3	186	20
4	186	23
5	186	19
6	186	31
7	186	17
8	186	20
9	186	22
10	186	19
11	186	22
12	186	19
13	186	22
14	186	20
15	186	22
16	186	18
17	186	13
18	186	4
19	186	4
20	186	2
21	186	5
22	186	7
23	186	9
0	187	0
1	187	9
2	187	0
3	187	9
4	187	0
5	187	17
6	187	9
7	187	9
8	187	9
9	187	25
10	187	0
11	187	0
12	187	17
13	187	9
14	187	9
15	187	17
16	187	32
17	187	0
18	187	0
19	187	0
20	187	0
21	187	0
22	187	9
23	187	17
0	188	17
1	188	8
2	188	10
3	188	15
4	188	16
5	188	16
6	188	13
7	188	10
8	188	21
9	188	21
10	188	20
11	188	8
12	188	16
13	188	23
14	188	21
15	188	14
16	188	13
17	188	10
18	188	2
19	188	0
20	188	4
21	188	2
22	188	5
23	188	6
0	189	17
1	189	32
2	189	0
3	189	11
4	189	11
5	189	27
6	189	6
7	189	11
8	189	6
9	189	17
10	189	22
11	189	22
12	189	17
13	189	27
14	189	17
15	189	11
16	189	32
17	189	11
18	189	6
19	189	0
20	189	0
21	189	0
22	189	6
23	189	22
0	190	3
1	190	8
2	190	18
3	190	18
4	190	21
5	190	21
6	190	21
7	190	11
8	190	18
9	190	13
10	190	18
11	190	25
12	190	41
13	190	13
14	190	32
15	190	32
16	190	16
17	190	3
18	190	13
19	190	0
20	190	0
21	190	0
22	190	0
23	190	3
0	191	0
1	191	0
2	191	31
3	191	0
4	191	31
5	191	31
6	191	31
7	191	31
8	191	0
9	191	31
10	191	0
11	191	31
12	191	58
13	191	0
14	191	31
15	191	0
16	191	31
17	191	0
18	191	0
19	191	0
20	191	0
21	191	0
22	191	0
23	191	0
0	192	0
1	192	0
2	192	20
3	192	0
4	192	20
5	192	20
6	192	0
7	192	20
8	192	20
9	192	38
10	192	20
11	192	20
12	192	20
13	192	38
14	192	55
15	192	0
16	192	38
17	192	20
18	192	20
19	192	0
20	192	0
21	192	38
22	192	20
23	192	0
0	193	0
1	193	82
2	193	137
3	193	82
4	193	0
5	193	82
6	193	82
7	193	0
8	193	82
9	193	0
10	193	0
11	193	0
12	193	0
13	193	0
14	193	0
15	193	0
16	193	0
17	193	0
18	193	0
19	193	0
20	193	0
21	193	0
22	193	0
23	193	0
0	194	20
1	194	20
2	194	0
3	194	20
4	194	29
5	194	0
6	194	20
7	194	20
8	194	55
9	194	47
10	194	29
11	194	11
12	194	0
13	194	0
14	194	29
15	194	0
16	194	11
17	194	11
18	194	29
19	194	0
20	194	0
21	194	0
22	194	0
23	194	11
0	195	0
1	195	0
2	195	0
3	195	0
4	195	0
5	195	0
6	195	0
7	195	0
8	195	112
9	195	0
10	195	0
11	195	0
12	195	0
13	195	0
14	195	0
15	195	0
16	195	0
17	195	0
18	195	0
19	195	0
20	195	0
21	195	0
22	195	0
23	195	0
0	196	0
1	196	0
2	196	0
3	196	44
4	196	0
5	196	0
6	196	0
7	196	0
8	196	23
9	196	0
10	196	23
11	196	0
12	196	44
13	196	44
14	196	63
15	196	0
16	196	0
17	196	0
18	196	0
19	196	0
20	196	0
21	196	0
22	196	0
23	196	23
0	197	0
1	197	0
2	197	0
3	197	91
4	197	0
5	197	0
6	197	0
7	197	0
8	197	91
9	197	0
10	197	0
11	197	0
12	197	51
13	197	51
14	197	51
15	197	0
16	197	0
17	197	0
18	197	0
19	197	0
20	197	0
21	197	0
22	197	0
23	197	0
0	198	12
1	198	14
2	198	14
3	198	14
4	198	14
5	198	15
6	198	15
7	198	18
8	198	18
9	198	15
10	198	17
11	198	18
12	198	21
13	198	19
14	198	11
15	198	16
16	198	12
17	198	11
18	198	7
19	198	7
20	198	2
21	198	5
22	198	4
23	198	7
0	199	0
1	199	11
2	199	48
3	199	21
4	199	16
5	199	26
6	199	21
7	199	11
8	199	39
9	199	52
10	199	44
11	199	6
12	199	56
13	199	61
14	199	26
15	199	39
16	199	0
17	199	30
18	199	6
19	199	0
20	199	6
21	199	11
22	199	6
23	199	11
0	200	13
1	200	13
2	200	16
3	200	17
4	200	18
5	200	14
6	200	17
7	200	20
8	200	19
9	200	19
10	200	20
11	200	23
12	200	17
13	200	23
14	200	22
15	200	22
16	200	16
17	200	6
18	200	9
19	200	5
20	200	3
21	200	4
22	200	6
23	200	10
0	201	10
1	201	17
2	201	8
3	201	5
4	201	26
5	201	19
6	201	32
7	201	26
8	201	28
9	201	10
10	201	26
11	201	34
12	201	12
13	201	30
14	201	34
15	201	40
16	201	19
17	201	21
18	201	5
19	201	3
20	201	0
21	201	0
22	201	0
23	201	5
0	202	46
1	202	0
2	202	0
3	202	0
4	202	24
5	202	0
6	202	0
7	202	0
8	202	0
9	202	24
10	202	0
11	202	0
12	202	24
13	202	83
14	202	46
15	202	0
16	202	0
17	202	0
18	202	24
19	202	0
20	202	0
21	202	0
22	202	24
23	202	24
0	203	13
1	203	11
2	203	19
3	203	14
4	203	11
5	203	20
6	203	22
7	203	21
8	203	14
9	203	24
10	203	21
11	203	18
12	203	18
13	203	23
14	203	18
15	203	15
16	203	17
17	203	9
18	203	8
19	203	4
20	203	5
21	203	4
22	203	3
23	203	6
0	204	44
1	204	12
2	204	23
3	204	0
4	204	0
5	204	0
6	204	0
7	204	12
8	204	0
9	204	0
10	204	0
11	204	12
12	204	0
13	204	34
14	204	0
15	204	34
16	204	23
17	204	12
18	204	12
19	204	0
20	204	0
21	204	23
22	204	0
23	204	23
0	205	0
1	205	0
2	205	13
3	205	25
4	205	25
5	205	7
6	205	19
7	205	13
8	205	13
9	205	13
10	205	0
11	205	19
12	205	25
13	205	19
14	205	31
15	205	13
16	205	7
17	205	0
18	205	0
19	205	7
20	205	0
21	205	0
22	205	0
23	205	0
0	206	8
1	206	14
2	206	15
3	206	17
4	206	22
5	206	28
6	206	19
7	206	34
8	206	19
9	206	26
10	206	17
11	206	29
12	206	31
13	206	34
14	206	23
15	206	27
16	206	21
17	206	9
18	206	7
19	206	2
20	206	1
21	206	5
22	206	3
23	206	8
0	207	0
1	207	0
2	207	0
3	207	0
4	207	0
5	207	0
6	207	253
7	207	0
8	207	0
9	207	0
10	207	0
11	207	0
12	207	0
13	207	0
14	207	0
15	207	0
16	207	0
17	207	0
18	207	0
19	207	0
20	207	0
21	207	0
22	207	0
23	207	0
0	208	0
1	208	0
2	208	0
3	208	0
4	208	0
5	208	0
6	208	0
7	208	0
8	208	0
9	208	0
10	208	0
11	208	0
12	208	0
13	208	0
14	208	0
15	208	230
16	208	0
17	208	0
18	208	0
19	208	0
20	208	0
21	208	0
22	208	0
23	208	0
0	209	12
1	209	13
2	209	10
3	209	20
4	209	15
5	209	18
6	209	22
7	209	23
8	209	26
9	209	36
10	209	16
11	209	34
12	209	28
13	209	24
14	209	20
15	209	20
16	209	12
17	209	4
18	209	6
19	209	0
20	209	3
21	209	2
22	209	4
23	209	12
