Counts for Apple(2) in Thailand(45):
Hour	Location Index	Count
0	0	0
1	0	0
2	0	0
3	0	0
4	0	0
5	0	0
6	0	0
7	0	0
8	0	0
9	0	0
10	0	0
11	0	0
12	0	0
13	0	0
14	0	0
15	0	0
16	0	0
17	0	0
18	0	0
19	0	0
20	0	0
21	0	0
22	0	0
23	0	0
0	1	0
1	1	0
2	1	112
3	1	0
4	1	45
5	1	0
6	1	82
7	1	0
8	1	82
9	1	0
10	1	45
11	1	0
12	1	0
13	1	45
14	1	45
15	1	0
16	1	0
17	1	0
18	1	0
19	1	0
20	1	0
21	1	0
22	1	0
23	1	0
0	2	65
1	2	88
2	2	65
3	2	81
4	2	31
5	2	81
6	2	65
7	2	49
8	2	88
9	2	57
10	2	31
11	2	0
12	2	49
13	2	65
14	2	49
15	2	31
16	2	0
17	2	0
18	2	0
19	2	0
20	2	0
21	2	0
22	2	0
23	2	11
0	3	0
1	3	0
2	3	0
3	3	0
4	3	137
5	3	45
6	3	0
7	3	112
8	3	137
9	3	0
10	3	0
11	3	0
12	3	0
13	3	0
14	3	45
15	3	45
16	3	0
17	3	0
18	3	0
19	3	0
20	3	0
21	3	0
22	3	0
23	3	0
0	4	6
1	4	23
2	4	6
3	4	6
4	4	23
5	4	23
6	4	23
7	4	18
8	4	49
9	4	23
10	4	6
11	4	39
12	4	34
13	4	23
14	4	23
15	4	12
16	4	34
17	4	39
18	4	6
19	4	12
20	4	6
21	4	6
22	4	18
23	4	12
0	5	34
1	5	0
2	5	34
3	5	34
4	5	34
5	5	0
6	5	63
7	5	63
8	5	88
9	5	0
10	5	34
11	5	34
12	5	0
13	5	0
14	5	0
15	5	0
16	5	34
17	5	0
18	5	0
19	5	0
20	5	0
21	5	0
22	5	0
23	5	0
0	6	21
1	6	40
2	6	21
3	6	21
4	6	0
5	6	0
6	6	74
7	6	0
8	6	58
9	6	21
10	6	0
11	6	0
12	6	0
13	6	0
14	6	0
15	6	21
16	6	0
17	6	0
18	6	0
19	6	21
20	6	0
21	6	0
22	6	0
23	6	0
0	7	0
1	7	0
2	7	0
3	7	0
4	7	0
5	7	0
6	7	0
7	7	0
8	7	0
9	7	0
10	7	215
11	7	0
12	7	0
13	7	0
14	7	43
15	7	0
16	7	79
17	7	0
18	7	0
19	7	0
20	7	0
21	7	0
22	7	0
23	7	0
0	8	0
1	8	0
2	8	0
3	8	0
4	8	0
5	8	0
6	8	0
7	8	0
8	8	0
9	8	175
10	8	0
11	8	0
12	8	0
13	8	0
14	8	0
15	8	0
16	8	0
17	8	0
18	8	0
19	8	0
20	8	0
21	8	0
22	8	0
23	8	0
0	9	39
1	9	0
2	9	56
3	9	0
4	9	21
5	9	21
6	9	0
7	9	39
8	9	0
9	9	0
10	9	21
11	9	39
12	9	39
13	9	39
14	9	0
15	9	21
16	9	39
17	9	21
18	9	21
19	9	21
20	9	0
21	9	0
22	9	0
23	9	21
0	10	0
1	10	0
2	10	0
3	10	0
4	10	36
5	10	19
6	10	19
7	10	36
8	10	52
9	10	52
10	10	52
11	10	67
12	10	52
13	10	0
14	10	19
15	10	19
16	10	19
17	10	36
18	10	0
19	10	0
20	10	0
21	10	0
22	10	0
23	10	0
0	11	0
1	11	0
2	11	0
3	11	55
4	11	30
5	11	0
6	11	30
7	11	30
8	11	0
9	11	0
10	11	0
11	11	0
12	11	0
13	11	0
14	11	30
15	11	0
16	11	0
17	11	30
18	11	30
19	11	0
20	11	0
21	11	0
22	11	0
23	11	0
0	12	0
1	12	0
2	12	0
3	12	0
4	12	0
5	12	0
6	12	0
7	12	253
8	12	0
9	12	0
10	12	0
11	12	0
12	12	0
13	12	0
14	12	0
15	12	0
16	12	0
17	12	0
18	12	0
19	12	0
20	12	0
21	12	0
22	12	0
23	12	0
0	13	18
1	13	23
2	13	29
3	13	35
4	13	39
5	13	42
6	13	43
7	13	43
8	13	42
9	13	43
10	13	46
11	13	45
12	13	39
13	13	33
14	13	28
15	13	26
16	13	22
17	13	14
18	13	9
19	13	5
20	13	3
21	13	4
22	13	4
23	13	9
0	14	0
1	14	0
2	14	0
3	14	37
4	14	68
5	14	37
6	14	37
7	14	0
8	14	37
9	14	37
10	14	0
11	14	68
12	14	0
13	14	37
14	14	68
15	14	0
16	14	0
17	14	0
18	14	0
19	14	0
20	14	0
21	14	0
22	14	0
23	14	37
0	15	28
1	15	17
2	15	17
3	15	12
4	15	12
5	15	12
6	15	12
7	15	12
8	15	23
9	15	38
10	15	23
11	15	23
12	15	0
13	15	12
14	15	6
15	15	0
16	15	0
17	15	0
18	15	0
19	15	6
20	15	0
21	15	0
22	15	0
23	15	0
0	16	0
1	16	0
2	16	0
3	16	57
4	16	0
5	16	57
6	16	0
7	16	40
8	16	0
9	16	0
10	16	0
11	16	21
12	16	21
13	16	0
14	16	0
15	16	0
16	16	0
17	16	0
18	16	0
19	16	0
20	16	0
21	16	0
22	16	0
23	16	0
0	17	0
1	17	0
2	17	40
3	17	0
4	17	21
5	17	21
6	17	0
7	17	40
8	17	40
9	17	21
10	17	0
11	17	0
12	17	0
13	17	40
14	17	40
15	17	57
16	17	0
17	17	57
18	17	21
19	17	0
20	17	0
21	17	0
22	17	0
23	17	0
0	18	0
1	18	0
2	18	0
3	18	0
4	18	0
5	18	72
6	18	0
7	18	0
8	18	72
9	18	160
10	18	0
11	18	0
12	18	0
13	18	0
14	18	0
15	18	72
16	18	72
17	18	72
18	18	0
19	18	0
20	18	0
21	18	0
22	18	0
23	18	0
0	19	0
1	19	0
2	19	51
3	19	0
4	19	0
5	19	0
6	19	0
7	19	51
8	19	0
9	19	51
10	19	51
11	19	91
12	19	51
13	19	51
14	19	91
15	19	0
16	19	51
17	19	0
18	19	0
19	19	0
20	19	0
21	19	0
22	19	0
23	19	0
0	20	8
1	20	37
2	20	16
3	20	0
4	20	23
5	20	8
6	20	30
7	20	16
8	20	16
9	20	37
10	20	16
11	20	44
12	20	68
13	20	23
14	20	0
15	20	8
16	20	16
17	20	23
18	20	0
19	20	0
20	20	0
21	20	8
22	20	0
23	20	8
0	21	43
1	21	0
2	21	0
3	21	43
4	21	0
5	21	43
6	21	43
7	21	0
8	21	0
9	21	0
10	21	79
11	21	0
12	21	43
13	21	43
14	21	43
15	21	43
16	21	109
17	21	0
18	21	79
19	21	0
20	21	0
21	21	0
22	21	0
23	21	0
0	22	34
1	22	32
2	22	32
3	22	23
4	22	32
5	22	36
6	22	30
7	22	34
8	22	37
9	22	38
10	22	45
11	22	26
12	22	23
13	22	24
14	22	18
15	22	13
16	22	12
17	22	34
18	22	45
19	22	42
20	22	36
21	22	34
22	22	30
23	22	34
0	23	32
1	23	0
2	23	32
3	23	0
4	23	32
5	23	0
6	23	0
7	23	0
8	23	0
9	23	0
10	23	0
11	23	0
12	23	0
13	23	32
14	23	0
15	23	0
16	23	0
17	23	0
18	23	0
19	23	0
20	23	32
21	23	0
22	23	0
23	23	0
0	24	49
1	24	22
2	24	15
3	24	22
4	24	42
5	24	22
6	24	29
7	24	22
8	24	36
9	24	15
10	24	61
11	24	61
12	24	42
13	24	22
14	24	55
15	24	36
16	24	29
17	24	22
18	24	22
19	24	0
20	24	0
21	24	15
22	24	8
23	24	22
0	25	53
1	25	53
2	25	28
3	25	0
4	25	0
5	25	28
6	25	95
7	25	0
8	25	0
9	25	0
10	25	0
11	25	28
12	25	28
13	25	0
14	25	0
15	25	0
16	25	0
17	25	53
18	25	0
19	25	0
20	25	28
21	25	0
22	25	0
23	25	0
0	26	5
1	26	8
2	26	35
3	26	61
4	26	48
5	26	70
6	26	64
7	26	110
8	26	67
9	26	55
10	26	24
11	26	38
12	26	20
13	26	24
14	26	24
15	26	20
16	26	5
17	26	5
18	26	12
19	26	0
20	26	0
21	26	0
22	26	8
23	26	8
0	27	14
1	27	0
2	27	0
3	27	14
4	27	0
5	27	26
6	27	26
7	27	38
8	27	14
9	27	38
10	27	14
11	27	26
12	27	0
13	27	26
14	27	60
15	27	0
16	27	14
17	27	14
18	27	14
19	27	0
20	27	0
21	27	0
22	27	14
23	27	14
0	28	0
1	28	0
2	28	0
3	28	22
4	28	22
5	28	11
6	28	22
7	28	22
8	28	67
9	28	0
10	28	11
11	28	22
12	28	22
13	28	22
14	28	0
15	28	32
16	28	0
17	28	11
18	28	11
19	28	0
20	28	0
21	28	22
22	28	0
23	28	50
0	29	0
1	29	0
2	29	54
3	29	0
4	29	29
5	29	29
6	29	77
7	29	29
8	29	0
9	29	29
10	29	54
11	29	96
12	29	54
13	29	29
14	29	0
15	29	29
16	29	0
17	29	0
18	29	0
19	29	0
20	29	0
21	29	0
22	29	0
23	29	0
0	30	0
1	30	0
2	30	0
3	30	0
4	30	0
5	30	0
6	30	0
7	30	0
8	30	0
9	30	0
10	30	61
11	30	33
12	30	86
13	30	0
14	30	33
15	30	0
16	30	0
17	30	0
18	30	0
19	30	0
20	30	0
21	30	0
22	30	0
23	30	33
0	31	17
1	31	20
2	31	26
3	31	25
4	31	19
5	31	31
6	31	27
7	31	28
8	31	29
9	31	24
10	31	31
11	31	24
12	31	33
13	31	41
14	31	28
15	31	55
16	31	45
17	31	14
18	31	16
19	31	7
20	31	2
21	31	4
22	31	6
23	31	8
0	32	25
1	32	33
2	32	55
3	32	33
4	32	33
5	32	62
6	32	25
7	32	0
8	32	9
9	32	41
10	32	41
11	32	33
12	32	9
13	32	75
14	32	55
15	32	62
16	32	68
17	32	25
18	32	0
19	32	17
20	32	0
21	32	9
22	32	0
23	32	17
0	33	14
1	33	27
2	33	27
3	33	40
4	33	21
5	33	14
6	33	40
7	33	21
8	33	14
9	33	57
10	33	14
11	33	27
12	33	8
13	33	46
14	33	40
15	33	21
16	33	0
17	33	21
18	33	8
19	33	0
20	33	14
21	33	0
22	33	8
23	33	8
0	34	0
1	34	45
2	34	0
3	34	45
4	34	0
5	34	0
6	34	45
7	34	45
8	34	0
9	34	45
10	34	45
11	34	45
12	34	82
13	34	0
14	34	112
15	34	0
16	34	0
17	34	45
18	34	0
19	34	0
20	34	0
21	34	0
22	34	0
23	34	0
0	35	20
1	35	19
2	35	28
3	35	23
4	35	28
5	35	29
6	35	32
7	35	28
8	35	34
9	35	33
10	35	35
11	35	30
12	35	39
13	35	41
14	35	38
15	35	47
16	35	34
17	35	30
18	35	18
19	35	11
20	35	5
21	35	5
22	35	7
23	35	18
0	36	18
1	36	9
2	36	28
3	36	26
4	36	20
5	36	20
6	36	20
7	36	24
8	36	24
9	36	24
10	36	52
11	36	24
12	36	41
13	36	24
14	36	28
15	36	47
16	36	49
17	36	18
18	36	22
19	36	0
20	36	0
21	36	3
22	36	0
23	36	16
0	37	0
1	37	0
2	37	0
3	37	0
4	37	0
5	37	0
6	37	0
7	37	0
8	37	0
9	37	0
10	37	0
11	37	0
12	37	0
13	37	0
14	37	0
15	37	0
16	37	0
17	37	0
18	37	0
19	37	0
20	37	0
21	37	0
22	37	0
23	37	0
0	38	0
1	38	29
2	38	0
3	38	77
4	38	77
5	38	0
6	38	0
7	38	54
8	38	29
9	38	54
10	38	54
11	38	0
12	38	0
13	38	54
14	38	54
15	38	29
16	38	29
17	38	0
18	38	0
19	38	0
20	38	0
21	38	0
22	38	29
23	38	0
0	39	6
1	39	0
2	39	26
3	39	30
4	39	21
5	39	39
6	39	30
7	39	30
8	39	35
9	39	26
10	39	21
11	39	44
12	39	39
13	39	39
14	39	16
15	39	48
16	39	21
17	39	16
18	39	6
19	39	0
20	39	0
21	39	0
22	39	0
23	39	11
0	40	0
1	40	9
2	40	17
3	40	24
4	40	9
5	40	0
6	40	24
7	40	9
8	40	9
9	40	24
10	40	17
11	40	46
12	40	39
13	40	32
14	40	9
15	40	46
16	40	9
17	40	32
18	40	17
19	40	9
20	40	0
21	40	0
22	40	9
23	40	24
0	41	34
1	41	18
2	41	0
3	41	88
4	41	0
5	41	49
6	41	49
7	41	0
8	41	49
9	41	0
10	41	34
11	41	34
12	41	0
13	41	0
14	41	49
15	41	18
16	41	49
17	41	0
18	41	18
19	41	34
20	41	34
21	41	0
22	41	0
23	41	0
0	42	43
1	42	0
2	42	15
3	42	15
4	42	15
5	42	0
6	42	30
7	42	30
8	42	43
9	42	78
10	42	30
11	42	43
12	42	78
13	42	55
14	42	15
15	42	78
16	42	55
17	42	15
18	42	0
19	42	15
20	42	15
21	42	15
22	42	0
23	42	0
0	43	23
1	43	23
2	43	26
3	43	33
4	43	32
5	43	34
6	43	33
7	43	36
8	43	34
9	43	37
10	43	42
11	43	40
12	43	40
13	43	45
14	43	40
15	43	41
16	43	35
17	43	26
18	43	15
19	43	11
20	43	8
21	43	6
22	43	6
23	43	12
0	44	22
1	44	14
2	44	42
3	44	18
4	44	26
5	44	53
6	44	35
7	44	38
8	44	84
9	44	53
10	44	31
11	44	31
12	44	26
13	44	67
14	44	42
15	44	61
16	44	50
17	44	18
18	44	18
19	44	5
20	44	0
21	44	0
22	44	0
23	44	26
0	45	18
1	45	14
2	45	31
3	45	31
4	45	18
5	45	51
6	45	23
7	45	18
8	45	39
9	45	27
10	45	43
11	45	31
12	45	27
13	45	58
14	45	61
15	45	35
16	45	47
17	45	23
18	45	23
19	45	5
20	45	0
21	45	5
22	45	5
23	45	14
0	46	14
1	46	18
2	46	24
3	46	30
4	46	29
5	46	28
6	46	34
7	46	26
8	46	28
9	46	34
10	46	31
11	46	28
12	46	35
13	46	33
14	46	36
15	46	29
16	46	32
17	46	19
18	46	9
19	46	4
20	46	4
21	46	3
22	46	6
23	46	9
0	47	8
1	47	8
2	47	22
3	47	41
4	47	35
5	47	35
6	47	41
7	47	0
8	47	81
9	47	48
10	47	65
11	47	29
12	47	29
13	47	35
14	47	15
15	47	22
16	47	15
17	47	15
18	47	0
19	47	8
20	47	0
21	47	0
22	47	0
23	47	8
0	48	0
1	48	74
2	48	0
3	48	103
4	48	0
5	48	40
6	48	74
7	48	0
8	48	74
9	48	0
10	48	0
11	48	147
12	48	74
13	48	74
14	48	0
15	48	0
16	48	0
17	48	0
18	48	0
19	48	0
20	48	0
21	48	0
22	48	0
23	48	0
0	49	0
1	49	69
2	49	0
3	49	0
4	49	26
5	49	69
6	49	0
7	49	26
8	49	0
9	49	0
10	49	49
11	49	69
12	49	49
13	49	69
14	49	26
15	49	49
16	49	26
17	49	26
18	49	26
19	49	0
20	49	26
21	49	0
22	49	26
23	49	0
0	50	0
1	50	0
2	50	0
3	50	0
4	50	0
5	50	0
6	50	0
7	50	88
8	50	0
9	50	0
10	50	0
11	50	88
12	50	88
13	50	0
14	50	88
15	50	0
16	50	145
17	50	0
18	50	0
19	50	0
20	50	88
21	50	88
22	50	0
23	50	0
0	51	16
1	51	16
2	51	16
3	51	16
4	51	16
5	51	44
6	51	30
7	51	44
8	51	16
9	51	0
10	51	30
11	51	0
12	51	16
13	51	16
14	51	16
15	51	16
16	51	30
17	51	16
18	51	16
19	51	30
20	51	0
21	51	0
22	51	0
23	51	16
0	52	19
1	52	23
2	52	27
3	52	36
4	52	35
5	52	36
6	52	37
7	52	33
8	52	37
9	52	38
10	52	39
11	52	29
12	52	28
13	52	24
14	52	35
15	52	30
16	52	33
17	52	17
18	52	14
19	52	7
20	52	3
21	52	3
22	52	5
23	52	11
0	53	0
1	53	0
2	53	0
3	53	0
4	53	0
5	53	0
6	53	64
7	53	0
8	53	0
9	53	64
10	53	64
11	53	0
12	53	0
13	53	0
14	53	0
15	53	112
16	53	64
17	53	0
18	53	0
19	53	0
20	53	0
21	53	0
22	53	0
23	53	0
0	54	11
1	54	23
2	54	24
3	54	26
4	54	31
5	54	29
6	54	37
7	54	23
8	54	41
9	54	43
10	54	27
11	54	31
12	54	34
13	54	24
14	54	38
15	54	26
16	54	32
17	54	13
18	54	7
19	54	9
20	54	2
21	54	9
22	54	9
23	54	11
0	55	0
1	55	0
2	55	43
3	55	56
4	55	30
5	55	0
6	55	16
7	55	16
8	55	30
9	55	16
10	55	43
11	55	0
12	55	0
13	55	16
14	55	43
15	55	154
16	55	30
17	55	16
18	55	16
19	55	0
20	55	0
21	55	0
22	55	0
23	55	30
0	56	0
1	56	0
2	56	70
3	56	0
4	56	38
5	56	0
6	56	38
7	56	97
8	56	97
9	56	0
10	56	70
11	56	70
12	56	0
13	56	0
14	56	0
15	56	38
16	56	0
17	56	97
18	56	0
19	56	0
20	56	0
21	56	0
22	56	0
23	56	0
0	57	11
1	57	15
2	57	9
3	57	15
4	57	25
5	57	35
6	57	51
7	57	35
8	57	29
9	57	40
10	57	39
11	57	28
12	57	36
13	57	11
14	57	29
15	57	33
16	57	21
17	57	21
18	57	5
19	57	0
20	57	4
21	57	5
22	57	5
23	57	9
0	58	19
1	58	52
2	58	19
3	58	0
4	58	36
5	58	36
6	58	0
7	58	0
8	58	19
9	58	52
10	58	36
11	58	52
12	58	0
13	58	0
14	58	81
15	58	36
16	58	93
17	58	52
18	58	36
19	58	0
20	58	0
21	58	0
22	58	0
23	58	0
0	59	13
1	59	14
2	59	18
3	59	35
4	59	35
5	59	25
6	59	30
7	59	20
8	59	24
9	59	41
10	59	30
11	59	31
12	59	35
13	59	26
14	59	30
15	59	33
16	59	18
17	59	13
18	59	12
19	59	5
20	59	8
21	59	5
22	59	5
23	59	6
0	60	24
1	60	15
2	60	19
3	60	28
4	60	15
5	60	32
6	60	45
7	60	32
8	60	32
9	60	56
10	60	19
11	60	28
12	60	24
13	60	28
14	60	37
15	60	24
16	60	19
17	60	28
18	60	0
19	60	0
20	60	5
21	60	10
22	60	0
23	60	15
0	61	11
1	61	27
2	61	27
3	61	30
4	61	42
5	61	17
6	61	30
7	61	30
8	61	14
9	61	53
10	61	30
11	61	51
12	61	48
13	61	72
14	61	39
15	61	51
16	61	42
17	61	27
18	61	21
19	61	14
20	61	4
21	61	7
22	61	4
23	61	17
0	62	42
1	62	0
2	62	0
3	62	0
4	62	0
5	62	42
6	62	42
7	62	0
8	62	77
9	62	0
10	62	0
11	62	42
12	62	130
13	62	0
14	62	42
15	62	0
16	62	77
17	62	0
18	62	0
19	62	0
20	62	0
21	62	0
22	62	0
23	62	42
0	63	10
1	63	18
2	63	27
3	63	26
4	63	35
5	63	35
6	63	36
7	63	28
8	63	31
9	63	30
10	63	30
11	63	32
12	63	33
13	63	36
14	63	28
15	63	25
16	63	36
17	63	20
18	63	7
19	63	2
20	63	4
21	63	5
22	63	4
23	63	7
0	64	9
1	64	26
2	64	9
3	64	26
4	64	22
5	64	30
6	64	30
7	64	9
8	64	18
9	64	30
10	64	50
11	64	34
12	64	46
13	64	26
14	64	14
15	64	30
16	64	34
17	64	14
18	64	5
19	64	14
20	64	9
21	64	5
22	64	9
23	64	0
0	65	0
1	65	0
2	65	17
3	65	0
4	65	0
5	65	0
6	65	0
7	65	33
8	65	48
9	65	48
10	65	0
11	65	33
12	65	0
13	65	17
14	65	17
15	65	62
16	65	17
17	65	33
18	65	0
19	65	0
20	65	0
21	65	0
22	65	17
23	65	0
0	66	15
1	66	8
2	66	15
3	66	22
4	66	41
5	66	15
6	66	41
7	66	35
8	66	8
9	66	29
10	66	0
11	66	15
12	66	22
13	66	15
14	66	29
15	66	0
16	66	15
17	66	0
18	66	0
19	66	0
20	66	0
21	66	0
22	66	0
23	66	0
0	67	18
1	67	23
2	67	27
3	67	29
4	67	34
5	67	32
6	67	35
7	67	33
8	67	35
9	67	31
10	67	34
11	67	38
12	67	35
13	67	41
14	67	41
15	67	49
16	67	42
17	67	26
18	67	17
19	67	9
20	67	4
21	67	6
22	67	9
23	67	15
0	68	14
1	68	0
2	68	14
3	68	49
4	68	26
5	68	49
6	68	49
7	68	14
8	68	26
9	68	0
10	68	0
11	68	14
12	68	26
13	68	49
14	68	26
15	68	38
16	68	14
17	68	26
18	68	14
19	68	0
20	68	14
21	68	0
22	68	0
23	68	14
0	69	26
1	69	14
2	69	0
3	69	26
4	69	38
5	69	38
6	69	0
7	69	50
8	69	14
9	69	38
10	69	80
11	69	38
12	69	38
13	69	26
14	69	50
15	69	38
16	69	71
17	69	0
18	69	0
19	69	60
20	69	0
21	69	0
22	69	0
23	69	14
0	70	15
1	70	10
2	70	26
3	70	19
4	70	27
5	70	21
6	70	22
7	70	13
8	70	42
9	70	27
10	70	22
11	70	29
12	70	29
13	70	41
14	70	34
15	70	17
16	70	42
17	70	32
18	70	6
19	70	4
20	70	2
21	70	0
22	70	2
23	70	10
0	71	18
1	71	25
2	71	28
3	71	34
4	71	34
5	71	35
6	71	35
7	71	31
8	71	36
9	71	42
10	71	38
11	71	37
12	71	38
13	71	37
14	71	37
15	71	44
16	71	39
17	71	27
18	71	16
19	71	13
20	71	8
21	71	5
22	71	10
23	71	13
0	72	11
1	72	14
2	72	40
3	72	39
4	72	33
5	72	32
6	72	41
7	72	55
8	72	36
9	72	30
10	72	33
11	72	16
12	72	34
13	72	26
14	72	23
15	72	31
16	72	13
17	72	16
18	72	8
19	72	2
20	72	2
21	72	3
22	72	4
23	72	5
0	73	37
1	73	23
2	73	8
3	73	37
4	73	23
5	73	0
6	73	31
7	73	57
8	73	37
9	73	57
10	73	23
11	73	23
12	73	31
13	73	37
14	73	16
15	73	63
16	73	8
17	73	31
18	73	31
19	73	0
20	73	8
21	73	0
22	73	8
23	73	8
0	74	9
1	74	13
2	74	17
3	74	20
4	74	17
5	74	22
6	74	22
7	74	27
8	74	29
9	74	28
10	74	27
11	74	28
12	74	37
13	74	30
14	74	36
15	74	35
16	74	30
17	74	19
18	74	11
19	74	7
20	74	3
21	74	0
22	74	2
23	74	7
0	75	33
1	75	0
2	75	17
3	75	0
4	75	48
5	75	17
6	75	17
7	75	17
8	75	17
9	75	17
10	75	0
11	75	0
12	75	33
13	75	33
14	75	48
15	75	33
16	75	62
17	75	17
18	75	0
19	75	0
20	75	17
21	75	0
22	75	0
23	75	0
0	76	28
1	76	0
2	76	52
3	76	0
4	76	0
5	76	0
6	76	28
7	76	28
8	76	73
9	76	28
10	76	0
11	76	0
12	76	93
13	76	0
14	76	0
15	76	0
16	76	0
17	76	28
18	76	0
19	76	73
20	76	0
21	76	0
22	76	0
23	76	0
0	77	6
1	77	16
2	77	16
3	77	30
4	77	56
5	77	16
6	77	20
7	77	39
8	77	25
9	77	16
10	77	16
11	77	25
12	77	48
13	77	20
14	77	20
15	77	30
16	77	48
17	77	20
18	77	6
19	77	25
20	77	0
21	77	0
22	77	0
23	77	11
0	78	30
1	78	0
2	78	55
3	78	0
4	78	30
5	78	116
6	78	30
7	78	55
8	78	78
9	78	55
10	78	55
11	78	30
12	78	30
13	78	0
14	78	0
15	78	0
16	78	30
17	78	0
18	78	0
19	78	0
20	78	30
21	78	0
22	78	30
23	78	0
0	79	14
1	79	22
2	79	27
3	79	34
4	79	37
5	79	42
6	79	33
7	79	39
8	79	40
9	79	47
10	79	41
11	79	43
12	79	38
13	79	34
14	79	30
15	79	36
16	79	20
17	79	21
18	79	10
19	79	7
20	79	3
21	79	3
22	79	6
23	79	8
0	80	24
1	80	20
2	80	28
3	80	35
4	80	34
5	80	37
6	80	32
7	80	27
8	80	37
9	80	37
10	80	32
11	80	29
12	80	39
13	80	41
14	80	35
15	80	44
16	80	35
17	80	26
18	80	8
19	80	8
20	80	4
21	80	2
22	80	9
23	80	14
0	81	10
1	81	21
2	81	26
3	81	30
4	81	29
5	81	27
6	81	38
7	81	24
8	81	26
9	81	22
10	81	23
11	81	22
12	81	30
13	81	40
14	81	45
15	81	40
16	81	29
17	81	14
18	81	8
19	81	3
20	81	3
21	81	5
22	81	5
23	81	12
0	82	19
1	82	23
2	82	26
3	82	25
4	82	25
5	82	29
6	82	29
7	82	31
8	82	30
9	82	32
10	82	31
11	82	29
12	82	29
13	82	32
14	82	30
15	82	34
16	82	26
17	82	23
18	82	13
19	82	9
20	82	6
21	82	6
22	82	7
23	82	11
0	83	0
1	83	0
2	83	0
3	83	0
4	83	0
5	83	0
6	83	0
7	83	0
8	83	0
9	83	0
10	83	0
11	83	0
12	83	0
13	83	0
14	83	0
15	83	0
16	83	0
17	83	0
18	83	0
19	83	0
20	83	0
21	83	0
22	83	0
23	83	0
0	84	38
1	84	0
2	84	0
3	84	0
4	84	38
5	84	38
6	84	38
7	84	70
8	84	38
9	84	38
10	84	38
11	84	0
12	84	38
13	84	38
14	84	0
15	84	38
16	84	38
17	84	0
18	84	0
19	84	38
20	84	0
21	84	0
22	84	0
23	84	0
0	85	22
1	85	30
2	85	23
3	85	30
4	85	35
5	85	31
6	85	24
7	85	29
8	85	37
9	85	33
10	85	34
11	85	35
12	85	32
13	85	38
14	85	50
15	85	42
16	85	41
17	85	29
18	85	13
19	85	14
20	85	7
21	85	5
22	85	7
23	85	13
0	86	18
1	86	24
2	86	31
3	86	26
4	86	25
5	86	30
6	86	30
7	86	32
8	86	31
9	86	36
10	86	33
11	86	36
12	86	36
13	86	40
14	86	51
15	86	45
16	86	43
17	86	32
18	86	19
19	86	12
20	86	6
21	86	6
22	86	5
23	86	15
0	87	17
1	87	17
2	87	0
3	87	17
4	87	17
5	87	47
6	87	17
7	87	47
8	87	107
9	87	33
10	87	74
11	87	86
12	87	17
13	87	47
14	87	33
15	87	0
16	87	17
17	87	0
18	87	33
19	87	0
20	87	0
21	87	0
22	87	0
23	87	0
0	88	35
1	88	24
2	88	13
3	88	13
4	88	35
5	88	46
6	88	24
7	88	24
8	88	13
9	88	56
10	88	46
11	88	13
12	88	46
13	88	24
14	88	56
15	88	65
16	88	24
17	88	13
18	88	0
19	88	0
20	88	0
21	88	0
22	88	24
23	88	13
0	89	0
1	89	0
2	89	0
3	89	230
4	89	0
5	89	0
6	89	0
7	89	0
8	89	230
9	89	0
10	89	0
11	89	0
12	89	0
13	89	0
14	89	0
15	89	0
16	89	0
17	89	0
18	89	0
19	89	0
20	89	0
21	89	0
22	89	0
23	89	0
0	90	0
1	90	0
2	90	0
3	90	0
4	90	0
5	90	112
6	90	0
7	90	112
8	90	175
9	90	112
10	90	112
11	90	0
12	90	112
13	90	0
14	90	0
15	90	0
16	90	0
17	90	0
18	90	0
19	90	0
20	90	0
21	90	0
22	90	0
23	90	0
0	91	21
1	91	11
2	91	16
3	91	26
4	91	52
5	91	68
6	91	48
7	91	26
8	91	26
9	91	30
10	91	44
11	91	48
12	91	39
13	91	26
14	91	30
15	91	44
16	91	21
17	91	16
18	91	21
19	91	16
20	91	0
21	91	0
22	91	6
23	91	0
0	92	0
1	92	0
2	92	0
3	92	0
4	92	0
5	92	0
6	92	0
7	92	0
8	92	247
9	92	0
10	92	0
11	92	0
12	92	0
13	92	0
14	92	0
15	92	0
16	92	0
17	92	0
18	92	0
19	92	0
20	92	0
21	92	0
22	92	0
23	92	0
0	93	8
1	93	29
2	93	18
3	93	39
4	93	24
5	93	31
6	93	31
7	93	28
8	93	31
9	93	19
10	93	16
11	93	7
12	93	8
13	93	10
14	93	4
15	93	12
16	93	10
17	93	5
18	93	0
19	93	4
20	93	4
21	93	2
22	93	5
23	93	8
0	94	14
1	94	27
2	94	7
3	94	21
4	94	21
5	94	33
6	94	62
7	94	14
8	94	39
9	94	51
10	94	21
11	94	27
12	94	33
13	94	21
14	94	7
15	94	7
16	94	21
17	94	7
18	94	7
19	94	0
20	94	0
21	94	0
22	94	0
23	94	0
0	95	22
1	95	0
2	95	60
3	95	22
4	95	42
5	95	42
6	95	22
7	95	22
8	95	22
9	95	42
10	95	42
11	95	118
12	95	22
13	95	60
14	95	42
15	95	42
16	95	42
17	95	42
18	95	0
19	95	0
20	95	0
21	95	0
22	95	0
23	95	0
0	96	6
1	96	23
2	96	17
3	96	28
4	96	17
5	96	57
6	96	48
7	96	28
8	96	38
9	96	6
10	96	12
11	96	48
12	96	23
13	96	23
14	96	23
15	96	33
16	96	6
17	96	12
18	96	48
19	96	23
20	96	6
21	96	0
22	96	23
23	96	12
0	97	17
1	97	33
2	97	17
3	97	33
4	97	17
5	97	48
6	97	48
7	97	0
8	97	48
9	97	62
10	97	33
11	97	48
12	97	48
13	97	75
14	97	33
15	97	0
16	97	48
17	97	33
18	97	17
19	97	0
20	97	0
21	97	0
22	97	0
23	97	0
0	98	15
1	98	19
2	98	24
3	98	26
4	98	27
5	98	29
6	98	29
7	98	30
8	98	31
9	98	32
10	98	32
11	98	33
12	98	32
13	98	30
14	98	30
15	98	30
16	98	24
17	98	18
18	98	12
19	98	7
20	98	5
21	98	5
22	98	7
23	98	11
0	99	23
1	99	26
2	99	31
3	99	34
4	99	32
5	99	34
6	99	33
7	99	35
8	99	38
9	99	42
10	99	38
11	99	38
12	99	37
13	99	41
14	99	44
15	99	51
16	99	41
17	99	30
18	99	16
19	99	11
20	99	8
21	99	5
22	99	6
23	99	13
0	100	14
1	100	21
2	100	26
3	100	29
4	100	30
5	100	26
6	100	34
7	100	38
8	100	24
9	100	33
10	100	29
11	100	36
12	100	33
13	100	35
14	100	24
15	100	42
16	100	35
17	100	21
18	100	8
19	100	6
20	100	4
21	100	7
22	100	13
23	100	11
0	101	10
1	101	0
2	101	0
3	101	19
4	101	0
5	101	19
6	101	28
7	101	36
8	101	10
9	101	36
10	101	52
11	101	28
12	101	0
13	101	19
14	101	0
15	101	19
16	101	36
17	101	0
18	101	10
19	101	0
20	101	0
21	101	0
22	101	36
23	101	19
0	102	0
1	102	0
2	102	0
3	102	0
4	102	0
5	102	0
6	102	148
7	102	0
8	102	0
9	102	0
10	102	0
11	102	64
12	102	64
13	102	0
14	102	0
15	102	64
16	102	0
17	102	64
18	102	0
19	102	0
20	102	0
21	102	0
22	102	0
23	102	0
0	103	0
1	103	0
2	103	0
3	103	0
4	103	0
5	103	0
6	103	0
7	103	0
8	103	0
9	103	0
10	103	0
11	103	0
12	103	0
13	103	0
14	103	0
15	103	0
16	103	0
17	103	0
18	103	0
19	103	0
20	103	0
21	103	0
22	103	0
23	103	0
0	104	17
1	104	23
2	104	14
3	104	26
4	104	17
5	104	29
6	104	38
7	104	20
8	104	32
9	104	10
10	104	29
11	104	26
12	104	38
13	104	32
14	104	35
15	104	44
16	104	20
17	104	32
18	104	7
19	104	0
20	104	10
21	104	4
22	104	0
23	104	0
0	105	7
1	105	24
2	105	4
3	105	14
4	105	27
5	105	14
6	105	24
7	105	21
8	105	30
9	105	36
10	105	36
11	105	45
12	105	21
13	105	24
14	105	42
15	105	24
16	105	14
17	105	0
18	105	4
19	105	24
20	105	0
21	105	0
22	105	7
23	105	11
0	106	0
1	106	0
2	106	31
3	106	58
4	106	31
5	106	82
6	106	58
7	106	0
8	106	0
9	106	31
10	106	58
11	106	82
12	106	0
13	106	58
14	106	31
15	106	0
16	106	31
17	106	0
18	106	0
19	106	0
20	106	0
21	106	0
22	106	0
23	106	0
0	107	12
1	107	12
2	107	0
3	107	18
4	107	18
5	107	40
6	107	12
7	107	35
8	107	18
9	107	12
10	107	24
11	107	24
12	107	18
13	107	24
14	107	35
15	107	24
16	107	12
17	107	0
18	107	24
19	107	0
20	107	0
21	107	0
22	107	12
23	107	7
0	108	59
1	108	0
2	108	0
3	108	22
4	108	59
5	108	0
6	108	0
7	108	41
8	108	22
9	108	0
10	108	22
11	108	59
12	108	90
13	108	59
14	108	0
15	108	41
16	108	0
17	108	0
18	108	0
19	108	0
20	108	0
21	108	0
22	108	0
23	108	0
0	109	17
1	109	22
2	109	27
3	109	31
4	109	33
5	109	34
6	109	33
7	109	34
8	109	35
9	109	37
10	109	37
11	109	37
12	109	34
13	109	31
14	109	30
15	109	31
16	109	26
17	109	18
18	109	11
19	109	7
20	109	4
21	109	4
22	109	5
23	109	10
0	110	11
1	110	26
2	110	21
3	110	26
4	110	50
5	110	71
6	110	41
7	110	26
8	110	96
9	110	50
10	110	45
11	110	26
12	110	31
13	110	54
14	110	78
15	110	41
16	110	26
17	110	21
18	110	6
19	110	11
20	110	11
21	110	0
22	110	0
23	110	0
0	111	14
1	111	14
2	111	52
3	111	40
4	111	28
5	111	0
6	111	52
7	111	40
8	111	0
9	111	40
10	111	0
11	111	14
12	111	0
13	111	40
14	111	0
15	111	28
16	111	14
17	111	0
18	111	0
19	111	14
20	111	0
21	111	0
22	111	0
23	111	14
0	112	16
1	112	0
2	112	0
3	112	16
4	112	44
5	112	81
6	112	16
7	112	16
8	112	0
9	112	16
10	112	57
11	112	31
12	112	31
13	112	16
14	112	0
15	112	16
16	112	0
17	112	16
18	112	16
19	112	0
20	112	0
21	112	0
22	112	0
23	112	16
0	113	10
1	113	26
2	113	22
3	113	21
4	113	21
5	113	28
6	113	33
7	113	41
8	113	29
9	113	30
10	113	39
11	113	18
12	113	36
13	113	45
14	113	46
15	113	60
16	113	45
17	113	28
18	113	20
19	113	5
20	113	5
21	113	5
22	113	10
23	113	12
0	114	16
1	114	26
2	114	30
3	114	40
4	114	39
5	114	42
6	114	35
7	114	43
8	114	42
9	114	42
10	114	47
11	114	45
12	114	37
13	114	35
14	114	31
15	114	28
16	114	26
17	114	16
18	114	11
19	114	9
20	114	2
21	114	3
22	114	5
23	114	9
0	115	45
1	115	0
2	115	45
3	115	0
4	115	0
5	115	0
6	115	45
7	115	0
8	115	45
9	115	0
10	115	0
11	115	45
12	115	82
13	115	45
14	115	0
15	115	45
16	115	0
17	115	45
18	115	0
19	115	0
20	115	45
21	115	0
22	115	0
23	115	0
0	116	0
1	116	0
2	116	0
3	116	0
4	116	0
5	116	0
6	116	51
7	116	0
8	116	0
9	116	0
10	116	0
11	116	170
12	116	51
13	116	51
14	116	0
15	116	51
16	116	0
17	116	0
18	116	0
19	116	0
20	116	51
21	116	0
22	116	51
23	116	0
0	117	0
1	117	29
2	117	0
3	117	0
4	117	0
5	117	29
6	117	77
7	117	54
8	117	54
9	117	54
10	117	114
11	117	0
12	117	54
13	117	0
14	117	29
15	117	29
16	117	0
17	117	54
18	117	0
19	117	0
20	117	0
21	117	0
22	117	0
23	117	0
0	118	29
1	118	15
2	118	29
3	118	42
4	118	0
5	118	29
6	118	0
7	118	15
8	118	54
9	118	66
10	118	42
11	118	54
12	118	54
13	118	0
14	118	42
15	118	15
16	118	42
17	118	0
18	118	0
19	118	0
20	118	0
21	118	0
22	118	42
23	118	0
0	119	24
1	119	24
2	119	12
3	119	64
4	119	12
5	119	45
6	119	12
7	119	24
8	119	35
9	119	0
10	119	12
11	119	24
12	119	24
13	119	45
14	119	45
15	119	73
16	119	125
17	119	12
18	119	12
19	119	12
20	119	0
21	119	0
22	119	0
23	119	0
0	120	14
1	120	19
2	120	24
3	120	28
4	120	31
5	120	35
6	120	34
7	120	33
8	120	35
9	120	37
10	120	38
11	120	37
12	120	31
13	120	26
14	120	23
15	120	22
16	120	17
17	120	11
18	120	7
19	120	5
20	120	3
21	120	3
22	120	4
23	120	8
0	121	0
1	121	0
2	121	128
3	121	0
4	121	53
5	121	0
6	121	128
7	121	0
8	121	95
9	121	0
10	121	0
11	121	0
12	121	53
13	121	0
14	121	0
15	121	0
16	121	0
17	121	53
18	121	0
19	121	0
20	121	53
21	121	0
22	121	0
23	121	0
0	122	38
1	122	25
2	122	35
3	122	28
4	122	9
5	122	9
6	122	23
7	122	68
8	122	84
9	122	33
10	122	47
11	122	47
12	122	35
13	122	15
14	122	33
15	122	33
16	122	25
17	122	45
18	122	23
19	122	12
20	122	12
21	122	0
22	122	78
23	122	45
0	123	30
1	123	101
2	123	0
3	123	0
4	123	30
5	123	30
6	123	0
7	123	57
8	123	0
9	123	0
10	123	30
11	123	57
12	123	30
13	123	57
14	123	30
15	123	30
16	123	30
17	123	30
18	123	0
19	123	0
20	123	0
21	123	57
22	123	0
23	123	0
0	124	6
1	124	12
2	124	42
3	124	6
4	124	17
5	124	22
6	124	28
7	124	28
8	124	38
9	124	52
10	124	22
11	124	17
12	124	33
13	124	28
14	124	12
15	124	33
16	124	12
17	124	17
18	124	0
19	124	6
20	124	0
21	124	0
22	124	0
23	124	12
0	125	22
1	125	25
2	125	24
3	125	32
4	125	34
5	125	33
6	125	36
7	125	40
8	125	35
9	125	39
10	125	37
11	125	40
12	125	40
13	125	36
14	125	38
15	125	45
16	125	35
17	125	26
18	125	12
19	125	9
20	125	5
21	125	5
22	125	6
23	125	15
0	126	19
1	126	13
2	126	42
3	126	27
4	126	19
5	126	34
6	126	13
7	126	31
8	126	34
9	126	38
10	126	31
11	126	36
12	126	33
13	126	27
14	126	42
15	126	38
16	126	23
17	126	31
18	126	13
19	126	5
20	126	3
21	126	3
22	126	9
23	126	17
0	127	0
1	127	29
2	127	65
3	127	76
4	127	54
5	127	0
6	127	76
7	127	15
8	127	65
9	127	41
10	127	29
11	127	76
12	127	0
13	127	15
14	127	76
15	127	65
16	127	41
17	127	15
18	127	15
19	127	0
20	127	0
21	127	29
22	127	0
23	127	0
0	128	14
1	128	38
2	128	49
3	128	79
4	128	0
5	128	49
6	128	59
7	128	0
8	128	14
9	128	26
10	128	59
11	128	14
12	128	38
13	128	38
14	128	69
15	128	26
16	128	26
17	128	26
18	128	0
19	128	14
20	128	0
21	128	0
22	128	14
23	128	26
0	129	29
1	129	46
2	129	38
3	129	29
4	129	62
5	129	46
6	129	10
7	129	29
8	129	54
9	129	29
10	129	38
11	129	0
12	129	38
13	129	38
14	129	54
15	129	10
16	129	10
17	129	10
18	129	38
19	129	10
20	129	0
21	129	0
22	129	0
23	129	10
0	130	11
1	130	8
2	130	15
3	130	22
4	130	32
5	130	41
6	130	28
7	130	50
8	130	44
9	130	53
10	130	32
11	130	25
12	130	32
13	130	59
14	130	25
15	130	44
16	130	35
17	130	41
18	130	11
19	130	8
20	130	15
21	130	4
22	130	11
23	130	4
0	131	21
1	131	13
2	131	28
3	131	17
4	131	36
5	131	39
6	131	39
7	131	32
8	131	21
9	131	56
10	131	32
11	131	17
12	131	46
13	131	39
14	131	39
15	131	32
16	131	13
17	131	21
18	131	9
19	131	13
20	131	0
21	131	13
22	131	13
23	131	0
0	132	13
1	132	37
2	132	0
3	132	95
4	132	37
5	132	78
6	132	48
7	132	26
8	132	48
9	132	13
10	132	13
11	132	13
12	132	59
13	132	37
14	132	48
15	132	69
16	132	48
17	132	37
18	132	13
19	132	13
20	132	0
21	132	13
22	132	13
23	132	48
0	133	0
1	133	0
2	133	0
3	133	0
4	133	0
5	133	28
6	133	0
7	133	75
8	133	28
9	133	28
10	133	28
11	133	28
12	133	0
13	133	0
14	133	75
15	133	28
16	133	0
17	133	53
18	133	28
19	133	28
20	133	53
21	133	0
22	133	0
23	133	0
0	134	8
1	134	31
2	134	28
3	134	21
4	134	24
5	134	24
6	134	28
7	134	11
8	134	31
9	134	21
10	134	34
11	134	40
12	134	34
13	134	31
14	134	52
15	134	43
16	134	55
17	134	31
18	134	18
19	134	0
20	134	4
21	134	4
22	134	11
23	134	11
0	135	0
1	135	47
2	135	36
3	135	25
4	135	9
5	135	43
6	135	9
7	135	32
8	135	5
9	135	40
10	135	13
11	135	40
12	135	50
13	135	36
14	135	25
15	135	21
16	135	32
17	135	13
18	135	0
19	135	5
20	135	0
21	135	0
22	135	0
23	135	36
0	136	8
1	136	0
2	136	0
3	136	15
4	136	35
5	136	70
6	136	28
7	136	65
8	136	59
9	136	86
10	136	41
11	136	47
12	136	65
13	136	53
14	136	0
15	136	22
16	136	8
17	136	15
18	136	0
19	136	0
20	136	0
21	136	0
22	136	0
23	136	8
0	137	14
1	137	25
2	137	25
3	137	12
4	137	22
5	137	16
6	137	14
7	137	35
8	137	15
9	137	22
10	137	23
11	137	34
12	137	34
13	137	40
14	137	25
15	137	35
16	137	26
17	137	19
18	137	2
19	137	6
20	137	3
21	137	2
22	137	11
23	137	16
0	138	0
1	138	0
2	138	58
3	138	0
4	138	58
5	138	0
6	138	58
7	138	58
8	138	0
9	138	0
10	138	58
11	138	0
12	138	0
13	138	58
14	138	0
15	138	0
16	138	0
17	138	58
18	138	103
19	138	0
20	138	0
21	138	0
22	138	0
23	138	0
0	139	15
1	139	12
2	139	19
3	139	29
4	139	22
5	139	26
6	139	42
7	139	46
8	139	29
9	139	26
10	139	36
11	139	55
12	139	36
13	139	19
14	139	26
15	139	29
16	139	33
17	139	19
18	139	15
19	139	8
20	139	12
21	139	4
22	139	4
23	139	4
0	140	0
1	140	50
2	140	0
3	140	0
4	140	50
5	140	89
6	140	26
7	140	0
8	140	71
9	140	0
10	140	26
11	140	0
12	140	0
13	140	0
14	140	26
15	140	26
16	140	50
17	140	26
18	140	50
19	140	50
20	140	50
21	140	50
22	140	0
23	140	26
0	141	42
1	141	8
2	141	42
3	141	22
4	141	22
5	141	54
6	141	15
7	141	22
8	141	48
9	141	48
10	141	15
11	141	15
12	141	29
13	141	36
14	141	22
15	141	48
16	141	22
17	141	22
18	141	8
19	141	15
20	141	8
21	141	0
22	141	0
23	141	0
0	142	0
1	142	112
2	142	0
3	142	0
4	142	0
5	142	0
6	142	0
7	142	0
8	142	64
9	142	0
10	142	0
11	142	0
12	142	64
13	142	0
14	142	64
15	142	0
16	142	0
17	142	0
18	142	0
19	142	0
20	142	0
21	142	0
22	142	0
23	142	0
0	143	45
1	143	18
2	143	40
3	143	30
4	143	24
5	143	30
6	143	35
7	143	24
8	143	13
9	143	24
10	143	50
11	143	35
12	143	40
13	143	35
14	143	24
15	143	40
16	143	40
17	143	18
18	143	40
19	143	7
20	143	7
21	143	0
22	143	0
23	143	0
0	144	19
1	144	26
2	144	26
3	144	30
4	144	26
5	144	25
6	144	31
7	144	32
8	144	33
9	144	36
10	144	33
11	144	36
12	144	39
13	144	42
14	144	42
15	144	41
16	144	38
17	144	26
18	144	17
19	144	12
20	144	9
21	144	6
22	144	6
23	144	16
0	145	35
1	145	35
2	145	0
3	145	0
4	145	18
5	145	35
6	145	18
7	145	35
8	145	0
9	145	50
10	145	0
11	145	18
12	145	0
13	145	50
14	145	35
15	145	18
16	145	18
17	145	18
18	145	0
19	145	0
20	145	0
21	145	0
22	145	35
23	145	18
0	146	0
1	146	25
2	146	0
3	146	0
4	146	25
5	146	13
6	146	13
7	146	25
8	146	37
9	146	13
10	146	58
11	146	37
12	146	25
13	146	13
14	146	37
15	146	25
16	146	0
17	146	13
18	146	0
19	146	0
20	146	0
21	146	0
22	146	0
23	146	0
0	147	0
1	147	0
2	147	34
3	147	18
4	147	0
5	147	77
6	147	0
7	147	77
8	147	49
9	147	49
10	147	49
11	147	0
12	147	0
13	147	0
14	147	49
15	147	49
16	147	18
17	147	49
18	147	18
19	147	0
20	147	0
21	147	18
22	147	0
23	147	0
0	148	10
1	148	16
2	148	16
3	148	18
4	148	19
5	148	18
6	148	21
7	148	15
8	148	44
9	148	28
10	148	31
11	148	23
12	148	27
13	148	29
14	148	31
15	148	27
16	148	25
17	148	13
18	148	21
19	148	6
20	148	8
21	148	8
22	148	6
23	148	12
0	149	21
1	149	40
2	149	0
3	149	0
4	149	40
5	149	57
6	149	0
7	149	21
8	149	21
9	149	0
10	149	57
11	149	0
12	149	40
13	149	57
14	149	57
15	149	73
16	149	40
17	149	0
18	149	57
19	149	0
20	149	0
21	149	0
22	149	0
23	149	0
0	150	29
1	150	10
2	150	0
3	150	20
4	150	20
5	150	0
6	150	38
7	150	10
8	150	114
9	150	20
10	150	10
11	150	10
12	150	38
13	150	54
14	150	69
15	150	38
16	150	54
17	150	10
18	150	10
19	150	0
20	150	0
21	150	10
22	150	0
23	150	0
0	151	16
1	151	0
2	151	0
3	151	30
4	151	16
5	151	16
6	151	0
7	151	57
8	151	30
9	151	30
10	151	16
11	151	0
12	151	57
13	151	69
14	151	57
15	151	30
16	151	16
17	151	0
18	151	0
19	151	30
20	151	0
21	151	0
22	151	0
23	151	0
0	152	33
1	152	0
2	152	0
3	152	33
4	152	0
5	152	0
6	152	0
7	152	0
8	152	61
9	152	33
10	152	61
11	152	61
12	152	61
13	152	61
14	152	33
15	152	33
16	152	33
17	152	33
18	152	0
19	152	0
20	152	0
21	152	0
22	152	0
23	152	0
0	153	0
1	153	0
2	153	0
3	153	39
4	153	39
5	153	0
6	153	0
7	153	39
8	153	0
9	153	39
10	153	72
11	153	0
12	153	0
13	153	0
14	153	0
15	153	0
16	153	100
17	153	0
18	153	72
19	153	0
20	153	0
21	153	0
22	153	0
23	153	0
0	154	15
1	154	0
2	154	30
3	154	55
4	154	0
5	154	0
6	154	43
7	154	0
8	154	30
9	154	67
10	154	15
11	154	30
12	154	30
13	154	43
14	154	55
15	154	15
16	154	30
17	154	15
18	154	0
19	154	0
20	154	0
21	154	0
22	154	0
23	154	0
0	155	16
1	155	23
2	155	25
3	155	26
4	155	34
5	155	21
6	155	31
7	155	29
8	155	34
9	155	31
10	155	31
11	155	40
12	155	37
13	155	47
14	155	34
15	155	39
16	155	27
17	155	18
18	155	19
19	155	6
20	155	4
21	155	2
22	155	6
23	155	9
0	156	0
1	156	0
2	156	0
3	156	0
4	156	0
5	156	0
6	156	72
7	156	0
8	156	123
9	156	0
10	156	0
11	156	0
12	156	0
13	156	0
14	156	160
15	156	123
16	156	0
17	156	0
18	156	0
19	156	0
20	156	0
21	156	0
22	156	0
23	156	72
0	157	28
1	157	0
2	157	0
3	157	0
4	157	14
5	157	40
6	157	14
7	157	52
8	157	83
9	157	52
10	157	63
11	157	40
12	157	14
13	157	52
14	157	28
15	157	40
16	157	52
17	157	28
18	157	0
19	157	40
20	157	0
21	157	0
22	157	14
23	157	0
0	158	0
1	158	16
2	158	16
3	158	70
4	158	16
5	158	0
6	158	16
7	158	0
8	158	16
9	158	16
10	158	0
11	158	31
12	158	16
13	158	31
14	158	16
15	158	45
16	158	31
17	158	0
18	158	0
19	158	0
20	158	0
21	158	0
22	158	16
23	158	0
0	159	12
1	159	20
2	159	51
3	159	36
4	159	18
5	159	44
6	159	51
7	159	12
8	159	36
9	159	72
10	159	18
11	159	29
12	159	46
13	159	29
14	159	56
15	159	41
16	159	34
17	159	29
18	159	18
19	159	20
20	159	12
21	159	6
22	159	3
23	159	15
0	160	16
1	160	21
2	160	29
3	160	31
4	160	27
5	160	29
6	160	30
7	160	30
8	160	32
9	160	26
10	160	38
11	160	30
12	160	33
13	160	43
14	160	43
15	160	43
16	160	37
17	160	29
18	160	15
19	160	9
20	160	4
21	160	4
22	160	7
23	160	13
0	161	27
1	161	19
2	161	23
3	161	5
4	161	23
5	161	39
6	161	35
7	161	23
8	161	27
9	161	39
10	161	23
11	161	23
12	161	14
13	161	19
14	161	10
15	161	47
16	161	10
17	161	5
18	161	10
19	161	0
20	161	5
21	161	0
22	161	0
23	161	5
0	162	17
1	162	22
2	162	22
3	162	30
4	162	26
5	162	30
6	162	33
7	162	32
8	162	36
9	162	34
10	162	29
11	162	28
12	162	40
13	162	30
14	162	31
15	162	33
16	162	30
17	162	16
18	162	11
19	162	8
20	162	2
21	162	2
22	162	5
23	162	9
0	163	10
1	163	10
2	163	19
3	163	14
4	163	39
5	163	43
6	163	19
7	163	23
8	163	35
9	163	55
10	163	27
11	163	14
12	163	10
13	163	35
14	163	27
15	163	27
16	163	47
17	163	10
18	163	27
19	163	5
20	163	14
21	163	0
22	163	5
23	163	0
0	164	0
1	164	0
2	164	0
3	164	0
4	164	0
5	164	0
6	164	58
7	164	0
8	164	0
9	164	0
10	164	0
11	164	0
12	164	0
13	164	0
14	164	0
15	164	58
16	164	0
17	164	0
18	164	0
19	164	0
20	164	0
21	164	0
22	164	0
23	164	0
0	165	13
1	165	30
2	165	7
3	165	35
4	165	24
5	165	40
6	165	24
7	165	24
8	165	35
9	165	18
10	165	0
11	165	40
12	165	40
13	165	7
14	165	7
15	165	13
16	165	30
17	165	13
18	165	13
19	165	7
20	165	0
21	165	13
22	165	0
23	165	7
0	166	39
1	166	43
2	166	39
3	166	23
4	166	5
5	166	14
6	166	58
7	166	39
8	166	35
9	166	55
10	166	35
11	166	31
12	166	51
13	166	69
14	166	69
15	166	72
16	166	31
17	166	19
18	166	10
19	166	0
20	166	0
21	166	0
22	166	47
23	166	47
0	167	18
1	167	22
2	167	28
3	167	29
4	167	33
5	167	35
6	167	32
7	167	37
8	167	36
9	167	38
10	167	37
11	167	39
12	167	37
13	167	37
14	167	37
15	167	42
16	167	34
17	167	23
18	167	15
19	167	10
20	167	7
21	167	6
22	167	9
23	167	15
0	168	20
1	168	26
2	168	27
3	168	28
4	168	34
5	168	34
6	168	37
7	168	38
8	168	38
9	168	39
10	168	36
11	168	38
12	168	33
13	168	43
14	168	38
15	168	45
16	168	33
17	168	30
18	168	12
19	168	9
20	168	6
21	168	5
22	168	9
23	168	10
0	169	15
1	169	23
2	169	27
3	169	31
4	169	28
5	169	28
6	169	27
7	169	32
8	169	32
9	169	33
10	169	34
11	169	34
12	169	35
13	169	41
14	169	42
15	169	46
16	169	36
17	169	24
18	169	13
19	169	9
20	169	6
21	169	6
22	169	8
23	169	12
0	170	54
1	170	20
2	170	20
3	170	37
4	170	0
5	170	20
6	170	37
7	170	20
8	170	54
9	170	54
10	170	20
11	170	54
12	170	37
13	170	37
14	170	54
15	170	0
16	170	37
17	170	69
18	170	54
19	170	0
20	170	0
21	170	0
22	170	0
23	170	20
0	171	11
1	171	15
2	171	22
3	171	24
4	171	28
5	171	30
6	171	26
7	171	31
8	171	37
9	171	35
10	171	32
11	171	29
12	171	26
13	171	29
14	171	21
15	171	26
16	171	20
17	171	14
18	171	9
19	171	8
20	171	3
21	171	7
22	171	5
23	171	10
0	172	21
1	172	25
2	172	31
3	172	27
4	172	29
5	172	31
6	172	30
7	172	34
8	172	33
9	172	40
10	172	37
11	172	40
12	172	42
13	172	40
14	172	34
15	172	42
16	172	36
17	172	24
18	172	15
19	172	10
20	172	7
21	172	7
22	172	9
23	172	10
0	173	25
1	173	7
2	173	19
3	173	19
4	173	25
5	173	68
6	173	37
7	173	37
8	173	25
9	173	37
10	173	13
11	173	31
12	173	53
13	173	42
14	173	47
15	173	77
16	173	63
17	173	25
18	173	19
19	173	25
20	173	0
21	173	7
22	173	7
23	173	13
0	174	66
1	174	0
2	174	0
3	174	0
4	174	66
5	174	0
6	174	36
7	174	36
8	174	66
9	174	36
10	174	0
11	174	36
12	174	0
13	174	0
14	174	36
15	174	92
16	174	0
17	174	0
18	174	0
19	174	0
20	174	0
21	174	0
22	174	0
23	174	0
0	175	48
1	175	33
2	175	17
3	175	48
4	175	48
5	175	0
6	175	48
7	175	17
8	175	17
9	175	17
10	175	62
11	175	33
12	175	33
13	175	33
14	175	75
15	175	75
16	175	0
17	175	0
18	175	0
19	175	0
20	175	0
21	175	0
22	175	0
23	175	33
0	176	0
1	176	0
2	176	0
3	176	0
4	176	53
5	176	0
6	176	0
7	176	0
8	176	53
9	176	0
10	176	0
11	176	0
12	176	128
13	176	0
14	176	0
15	176	0
16	176	53
17	176	0
18	176	0
19	176	0
20	176	0
21	176	0
22	176	0
23	176	0
0	177	14
1	177	25
2	177	26
3	177	31
4	177	46
5	177	32
6	177	43
7	177	35
8	177	28
9	177	38
10	177	36
11	177	26
12	177	39
13	177	22
14	177	39
15	177	39
16	177	26
17	177	14
18	177	16
19	177	5
20	177	3
21	177	0
22	177	6
23	177	12
0	178	0
1	178	0
2	178	0
3	178	0
4	178	0
5	178	0
6	178	0
7	178	0
8	178	0
9	178	0
10	178	0
11	178	0
12	178	0
13	178	175
14	178	175
15	178	175
16	178	0
17	178	175
18	178	0
19	178	0
20	178	0
21	178	0
22	178	0
23	178	0
0	179	0
1	179	20
2	179	0
3	179	39
4	179	85
5	179	39
6	179	39
7	179	20
8	179	55
9	179	0
10	179	55
11	179	0
12	179	39
13	179	0
14	179	20
15	179	0
16	179	20
17	179	0
18	179	0
19	179	0
20	179	39
21	179	0
22	179	0
23	179	0
0	180	29
1	180	29
2	180	20
3	180	46
4	180	23
5	180	29
6	180	29
7	180	20
8	180	17
9	180	32
10	180	40
11	180	26
12	180	20
13	180	40
14	180	32
15	180	20
16	180	32
17	180	20
18	180	20
19	180	7
20	180	7
21	180	14
22	180	20
23	180	4
0	181	19
1	181	10
2	181	28
3	181	59
4	181	28
5	181	36
6	181	52
7	181	28
8	181	28
9	181	19
10	181	28
11	181	19
12	181	19
13	181	10
14	181	28
15	181	0
16	181	36
17	181	10
18	181	0
19	181	36
20	181	19
21	181	0
22	181	10
23	181	0
0	182	11
1	182	32
2	182	23
3	182	24
4	182	29
5	182	23
6	182	27
7	182	28
8	182	35
9	182	21
10	182	49
11	182	45
12	182	41
13	182	18
14	182	28
15	182	24
16	182	24
17	182	31
18	182	13
19	182	17
20	182	7
21	182	10
22	182	8
23	182	13
0	183	0
1	183	0
2	183	18
3	183	18
4	183	0
5	183	34
6	183	26
7	183	71
8	183	18
9	183	18
10	183	50
11	183	57
12	183	18
13	183	18
14	183	34
15	183	18
16	183	26
17	183	9
18	183	18
19	183	18
20	183	0
21	183	18
22	183	0
23	183	0
0	184	31
1	184	21
2	184	27
3	184	18
4	184	27
5	184	37
6	184	18
7	184	34
8	184	31
9	184	31
10	184	24
11	184	27
12	184	34
13	184	40
14	184	18
15	184	34
16	184	21
17	184	7
18	184	4
19	184	0
20	184	4
21	184	7
22	184	0
23	184	4
0	185	18
1	185	24
2	185	32
3	185	43
4	185	40
5	185	30
6	185	30
7	185	54
8	185	40
9	185	48
10	185	51
11	185	38
12	185	37
13	185	20
14	185	35
15	185	32
16	185	27
17	185	22
18	185	15
19	185	11
20	185	4
21	185	4
22	185	0
23	185	8
0	186	25
1	186	19
2	186	28
3	186	29
4	186	25
5	186	25
6	186	26
7	186	29
8	186	31
9	186	42
10	186	35
11	186	28
12	186	34
13	186	45
14	186	49
15	186	41
16	186	39
17	186	21
18	186	11
19	186	9
20	186	5
21	186	6
22	186	6
23	186	13
0	187	40
1	187	9
2	187	47
3	187	32
4	187	9
5	187	0
6	187	9
7	187	40
8	187	32
9	187	47
10	187	40
11	187	40
12	187	25
13	187	25
14	187	85
15	187	60
16	187	9
17	187	47
18	187	9
19	187	17
20	187	17
21	187	9
22	187	17
23	187	47
0	188	24
1	188	24
2	188	34
3	188	38
4	188	28
5	188	33
6	188	38
7	188	41
8	188	28
9	188	32
10	188	32
11	188	25
12	188	31
13	188	46
14	188	46
15	188	61
16	188	49
17	188	27
18	188	25
19	188	11
20	188	9
21	188	4
22	188	9
23	188	7
0	189	32
1	189	17
2	189	32
3	189	63
4	189	46
5	189	54
6	189	17
7	189	36
8	189	27
9	189	17
10	189	54
11	189	11
12	189	32
13	189	32
14	189	32
15	189	32
16	189	36
17	189	46
18	189	22
19	189	11
20	189	6
21	189	6
22	189	0
23	189	17
0	190	43
1	190	18
2	190	13
3	190	23
4	190	37
5	190	23
6	190	23
7	190	6
8	190	30
9	190	48
10	190	30
11	190	35
12	190	21
13	190	16
14	190	35
15	190	18
16	190	21
17	190	18
18	190	16
19	190	0
20	190	3
21	190	6
22	190	8
23	190	13
0	191	0
1	191	0
2	191	0
3	191	0
4	191	82
5	191	82
6	191	82
7	191	58
8	191	0
9	191	31
10	191	0
11	191	103
12	191	0
13	191	0
14	191	0
15	191	0
16	191	0
17	191	0
18	191	0
19	191	31
20	191	0
21	191	0
22	191	0
23	191	0
0	192	0
1	192	0
2	192	0
3	192	0
4	192	20
5	192	38
6	192	20
7	192	38
8	192	20
9	192	20
10	192	0
11	192	20
12	192	0
13	192	55
14	192	70
15	192	0
16	192	55
17	192	0
18	192	20
19	192	20
20	192	0
21	192	0
22	192	0
23	192	0
0	193	0
1	193	0
2	193	0
3	193	0
4	193	0
5	193	0
6	193	82
7	193	0
8	193	0
9	193	0
10	193	0
11	193	0
12	193	0
13	193	0
14	193	0
15	193	0
16	193	0
17	193	0
18	193	82
19	193	0
20	193	0
21	193	0
22	193	0
23	193	0
0	194	29
1	194	38
2	194	29
3	194	0
4	194	0
5	194	55
6	194	38
7	194	29
8	194	29
9	194	20
10	194	20
11	194	38
12	194	20
13	194	11
14	194	0
15	194	11
16	194	29
17	194	0
18	194	0
19	194	0
20	194	0
21	194	0
22	194	11
23	194	11
0	195	0
1	195	0
2	195	0
3	195	0
4	195	210
5	195	0
6	195	0
7	195	0
8	195	0
9	195	0
10	195	112
11	195	175
12	195	0
13	195	112
14	195	0
15	195	0
16	195	0
17	195	0
18	195	0
19	195	0
20	195	0
21	195	0
22	195	0
23	195	0
0	196	0
1	196	0
2	196	23
3	196	44
4	196	23
5	196	44
6	196	44
7	196	63
8	196	80
9	196	0
10	196	0
11	196	0
12	196	0
13	196	23
14	196	63
15	196	0
16	196	23
17	196	23
18	196	0
19	196	23
20	196	0
21	196	23
22	196	0
23	196	23
0	197	0
1	197	0
2	197	0
3	197	0
4	197	0
5	197	91
6	197	0
7	197	0
8	197	0
9	197	91
10	197	51
11	197	51
12	197	51
13	197	91
14	197	51
15	197	51
16	197	0
17	197	0
18	197	51
19	197	0
20	197	0
21	197	0
22	197	0
23	197	0
0	198	20
1	198	32
2	198	34
3	198	31
4	198	34
5	198	38
6	198	28
7	198	37
8	198	38
9	198	42
10	198	44
11	198	36
12	198	33
13	198	39
14	198	46
15	198	39
16	198	29
17	198	19
18	198	20
19	198	17
20	198	7
21	198	4
22	198	5
23	198	12
0	199	11
1	199	0
2	199	48
3	199	16
4	199	6
5	199	35
6	199	39
7	199	35
8	199	16
9	199	21
10	199	6
11	199	26
12	199	35
13	199	16
14	199	30
15	199	16
16	199	11
17	199	11
18	199	16
19	199	0
20	199	0
21	199	0
22	199	0
23	199	11
0	200	15
1	200	23
2	200	28
3	200	33
4	200	29
5	200	33
6	200	33
7	200	32
8	200	39
9	200	39
10	200	33
11	200	40
12	200	28
13	200	34
14	200	32
15	200	35
16	200	25
17	200	20
18	200	12
19	200	8
20	200	8
21	200	5
22	200	8
23	200	15
0	201	23
1	201	28
2	201	10
3	201	12
4	201	17
5	201	19
6	201	21
7	201	23
8	201	28
9	201	26
10	201	26
11	201	19
12	201	23
13	201	30
14	201	34
15	201	30
16	201	21
17	201	15
18	201	17
19	201	3
20	201	8
21	201	0
22	201	0
23	201	10
0	202	24
1	202	46
2	202	24
3	202	0
4	202	24
5	202	24
6	202	0
7	202	24
8	202	24
9	202	46
10	202	83
11	202	83
12	202	65
13	202	0
14	202	24
15	202	24
16	202	0
17	202	46
18	202	0
19	202	0
20	202	0
21	202	0
22	202	0
23	202	0
0	203	19
1	203	26
2	203	26
3	203	37
4	203	38
5	203	33
6	203	29
7	203	37
8	203	27
9	203	32
10	203	32
11	203	32
12	203	29
13	203	38
14	203	35
15	203	37
16	203	43
17	203	27
18	203	17
19	203	13
20	203	7
21	203	7
22	203	6
23	203	15
0	204	23
1	204	23
2	204	12
3	204	71
4	204	12
5	204	63
6	204	12
7	204	63
8	204	34
9	204	12
10	204	12
11	204	44
12	204	23
13	204	23
14	204	12
15	204	44
16	204	34
17	204	23
18	204	12
19	204	23
20	204	23
21	204	0
22	204	23
23	204	34
0	205	37
1	205	37
2	205	25
3	205	25
4	205	31
5	205	42
6	205	13
7	205	37
8	205	19
9	205	25
10	205	19
11	205	31
12	205	25
13	205	31
14	205	63
15	205	95
16	205	53
17	205	19
18	205	7
19	205	7
20	205	13
21	205	0
22	205	37
23	205	48
0	206	12
1	206	20
2	206	13
3	206	18
4	206	18
5	206	25
6	206	31
7	206	33
8	206	37
9	206	42
10	206	29
11	206	37
12	206	33
13	206	37
14	206	33
15	206	30
16	206	15
17	206	19
18	206	7
19	206	6
20	206	3
21	206	1
22	206	4
23	206	3
0	207	0
1	207	0
2	207	0
3	207	0
4	207	0
5	207	0
6	207	0
7	207	0
8	207	0
9	207	0
10	207	0
11	207	0
12	207	0
13	207	0
14	207	0
15	207	0
16	207	0
17	207	0
18	207	0
19	207	0
20	207	0
21	207	0
22	207	0
23	207	0
0	208	0
1	208	0
2	208	0
3	208	0
4	208	0
5	208	0
6	208	0
7	208	0
8	208	230
9	208	0
10	208	0
11	208	0
12	208	0
13	208	0
14	208	0
15	208	0
16	208	0
17	208	0
18	208	0
19	208	0
20	208	0
21	208	0
22	208	0
23	208	0
0	209	21
1	209	18
2	209	18
3	209	21
4	209	24
5	209	25
6	209	28
7	209	24
8	209	23
9	209	33
10	209	31
11	209	45
12	209	39
13	209	28
14	209	36
15	209	28
16	209	20
17	209	22
18	209	21
19	209	11
20	209	5
21	209	7
22	209	4
23	209	12
