Counts for Huawei(6) in Thailand(45):
Hour	Location Index	Count
0	0	0
1	0	0
2	0	0
3	0	0
4	0	0
5	0	0
6	0	0
7	0	0
8	0	0
9	0	0
10	0	0
11	0	0
12	0	0
13	0	0
14	0	0
15	0	0
16	0	0
17	0	0
18	0	0
19	0	0
20	0	0
21	0	0
22	0	0
23	0	0
0	1	0
1	1	0
2	1	0
3	1	0
4	1	0
5	1	0
6	1	0
7	1	0
8	1	0
9	1	0
10	1	0
11	1	0
12	1	0
13	1	0
14	1	0
15	1	0
16	1	0
17	1	0
18	1	0
19	1	0
20	1	0
21	1	0
22	1	0
23	1	0
0	2	0
1	2	0
2	2	0
3	2	0
4	2	0
5	2	0
6	2	0
7	2	0
8	2	0
9	2	0
10	2	0
11	2	0
12	2	0
13	2	0
14	2	0
15	2	0
16	2	0
17	2	0
18	2	0
19	2	0
20	2	0
21	2	0
22	2	0
23	2	0
0	3	0
1	3	0
2	3	0
3	3	0
4	3	0
5	3	0
6	3	0
7	3	0
8	3	0
9	3	0
10	3	0
11	3	0
12	3	0
13	3	0
14	3	0
15	3	0
16	3	0
17	3	0
18	3	0
19	3	0
20	3	0
21	3	0
22	3	0
23	3	0
0	4	0
1	4	0
2	4	0
3	4	0
4	4	0
5	4	0
6	4	0
7	4	0
8	4	0
9	4	0
10	4	0
11	4	0
12	4	0
13	4	0
14	4	0
15	4	0
16	4	0
17	4	0
18	4	0
19	4	0
20	4	0
21	4	0
22	4	0
23	4	0
0	5	0
1	5	0
2	5	0
3	5	0
4	5	0
5	5	0
6	5	0
7	5	0
8	5	0
9	5	0
10	5	0
11	5	0
12	5	0
13	5	0
14	5	0
15	5	34
16	5	0
17	5	0
18	5	0
19	5	0
20	5	0
21	5	0
22	5	0
23	5	0
0	6	0
1	6	0
2	6	0
3	6	0
4	6	0
5	6	0
6	6	21
7	6	0
8	6	0
9	6	0
10	6	0
11	6	0
12	6	0
13	6	0
14	6	0
15	6	0
16	6	0
17	6	0
18	6	0
19	6	0
20	6	0
21	6	0
22	6	0
23	6	0
0	7	0
1	7	0
2	7	0
3	7	0
4	7	0
5	7	0
6	7	0
7	7	0
8	7	0
9	7	0
10	7	0
11	7	0
12	7	0
13	7	0
14	7	0
15	7	0
16	7	0
17	7	0
18	7	0
19	7	0
20	7	0
21	7	0
22	7	0
23	7	0
0	8	0
1	8	0
2	8	0
3	8	0
4	8	0
5	8	0
6	8	0
7	8	0
8	8	0
9	8	0
10	8	0
11	8	0
12	8	0
13	8	0
14	8	0
15	8	0
16	8	0
17	8	0
18	8	0
19	8	0
20	8	0
21	8	0
22	8	0
23	8	0
0	9	0
1	9	0
2	9	0
3	9	0
4	9	0
5	9	0
6	9	0
7	9	0
8	9	0
9	9	0
10	9	0
11	9	0
12	9	0
13	9	0
14	9	0
15	9	0
16	9	0
17	9	0
18	9	0
19	9	0
20	9	0
21	9	0
22	9	0
23	9	0
0	10	0
1	10	0
2	10	0
3	10	0
4	10	0
5	10	0
6	10	0
7	10	0
8	10	0
9	10	0
10	10	0
11	10	0
12	10	0
13	10	0
14	10	0
15	10	0
16	10	0
17	10	0
18	10	0
19	10	0
20	10	0
21	10	0
22	10	0
23	10	0
0	11	0
1	11	0
2	11	0
3	11	0
4	11	0
5	11	0
6	11	0
7	11	0
8	11	0
9	11	0
10	11	0
11	11	0
12	11	0
13	11	0
14	11	0
15	11	0
16	11	0
17	11	0
18	11	0
19	11	0
20	11	0
21	11	0
22	11	0
23	11	0
0	12	0
1	12	0
2	12	0
3	12	0
4	12	0
5	12	0
6	12	0
7	12	0
8	12	0
9	12	0
10	12	0
11	12	0
12	12	0
13	12	0
14	12	0
15	12	0
16	12	0
17	12	0
18	12	0
19	12	0
20	12	0
21	12	0
22	12	0
23	12	0
0	13	1
1	13	1
2	13	1
3	13	1
4	13	1
5	13	1
6	13	1
7	13	1
8	13	1
9	13	1
10	13	1
11	13	1
12	13	1
13	13	1
14	13	1
15	13	1
16	13	1
17	13	1
18	13	1
19	13	1
20	13	1
21	13	1
22	13	1
23	13	1
0	14	0
1	14	0
2	14	0
3	14	0
4	14	0
5	14	0
6	14	0
7	14	0
8	14	0
9	14	0
10	14	0
11	14	0
12	14	0
13	14	0
14	14	0
15	14	0
16	14	0
17	14	0
18	14	0
19	14	0
20	14	0
21	14	0
22	14	0
23	14	0
0	15	0
1	15	0
2	15	0
3	15	0
4	15	0
5	15	0
6	15	0
7	15	0
8	15	0
9	15	0
10	15	0
11	15	0
12	15	0
13	15	0
14	15	0
15	15	0
16	15	0
17	15	0
18	15	0
19	15	0
20	15	0
21	15	0
22	15	0
23	15	0
0	16	0
1	16	0
2	16	0
3	16	0
4	16	0
5	16	0
6	16	0
7	16	0
8	16	0
9	16	0
10	16	0
11	16	0
12	16	0
13	16	0
14	16	0
15	16	0
16	16	0
17	16	0
18	16	0
19	16	0
20	16	0
21	16	0
22	16	0
23	16	0
0	17	0
1	17	0
2	17	0
3	17	0
4	17	0
5	17	0
6	17	0
7	17	0
8	17	0
9	17	0
10	17	0
11	17	0
12	17	0
13	17	0
14	17	0
15	17	0
16	17	0
17	17	0
18	17	0
19	17	0
20	17	0
21	17	0
22	17	0
23	17	0
0	18	0
1	18	0
2	18	0
3	18	0
4	18	0
5	18	0
6	18	0
7	18	0
8	18	0
9	18	0
10	18	0
11	18	0
12	18	0
13	18	0
14	18	0
15	18	0
16	18	0
17	18	0
18	18	0
19	18	0
20	18	0
21	18	0
22	18	0
23	18	0
0	19	0
1	19	0
2	19	0
3	19	0
4	19	0
5	19	0
6	19	0
7	19	0
8	19	0
9	19	0
10	19	0
11	19	0
12	19	0
13	19	0
14	19	0
15	19	0
16	19	0
17	19	0
18	19	0
19	19	0
20	19	0
21	19	0
22	19	0
23	19	0
0	20	0
1	20	0
2	20	0
3	20	0
4	20	0
5	20	0
6	20	0
7	20	0
8	20	0
9	20	0
10	20	0
11	20	0
12	20	0
13	20	0
14	20	0
15	20	0
16	20	0
17	20	0
18	20	0
19	20	0
20	20	0
21	20	0
22	20	0
23	20	0
0	21	0
1	21	0
2	21	0
3	21	0
4	21	0
5	21	0
6	21	0
7	21	0
8	21	0
9	21	0
10	21	0
11	21	0
12	21	0
13	21	0
14	21	0
15	21	0
16	21	0
17	21	0
18	21	0
19	21	0
20	21	0
21	21	0
22	21	0
23	21	0
0	22	0
1	22	0
2	22	0
3	22	0
4	22	0
5	22	0
6	22	0
7	22	0
8	22	0
9	22	0
10	22	0
11	22	0
12	22	0
13	22	0
14	22	0
15	22	1
16	22	0
17	22	0
18	22	0
19	22	0
20	22	0
21	22	0
22	22	0
23	22	0
0	23	0
1	23	0
2	23	0
3	23	0
4	23	0
5	23	0
6	23	0
7	23	0
8	23	0
9	23	0
10	23	0
11	23	0
12	23	0
13	23	0
14	23	0
15	23	0
16	23	0
17	23	0
18	23	0
19	23	0
20	23	0
21	23	0
22	23	0
23	23	0
0	24	0
1	24	0
2	24	0
3	24	0
4	24	0
5	24	0
6	24	0
7	24	0
8	24	0
9	24	0
10	24	0
11	24	0
12	24	0
13	24	0
14	24	0
15	24	0
16	24	0
17	24	0
18	24	0
19	24	0
20	24	0
21	24	0
22	24	0
23	24	0
0	25	0
1	25	0
2	25	0
3	25	0
4	25	0
5	25	0
6	25	0
7	25	0
8	25	0
9	25	0
10	25	0
11	25	0
12	25	0
13	25	0
14	25	0
15	25	0
16	25	0
17	25	0
18	25	0
19	25	0
20	25	0
21	25	0
22	25	0
23	25	0
0	26	0
1	26	0
2	26	0
3	26	0
4	26	0
5	26	0
6	26	0
7	26	0
8	26	0
9	26	0
10	26	0
11	26	0
12	26	0
13	26	0
14	26	0
15	26	0
16	26	0
17	26	0
18	26	0
19	26	0
20	26	0
21	26	0
22	26	0
23	26	0
0	27	0
1	27	0
2	27	0
3	27	0
4	27	0
5	27	0
6	27	0
7	27	0
8	27	0
9	27	0
10	27	0
11	27	0
12	27	0
13	27	0
14	27	0
15	27	0
16	27	0
17	27	0
18	27	0
19	27	0
20	27	0
21	27	0
22	27	0
23	27	0
0	28	0
1	28	0
2	28	0
3	28	0
4	28	0
5	28	0
6	28	0
7	28	0
8	28	0
9	28	0
10	28	0
11	28	0
12	28	0
13	28	0
14	28	0
15	28	0
16	28	0
17	28	0
18	28	0
19	28	0
20	28	0
21	28	0
22	28	0
23	28	0
0	29	0
1	29	0
2	29	0
3	29	0
4	29	0
5	29	0
6	29	0
7	29	0
8	29	0
9	29	0
10	29	0
11	29	0
12	29	0
13	29	0
14	29	0
15	29	0
16	29	0
17	29	0
18	29	0
19	29	0
20	29	0
21	29	0
22	29	0
23	29	0
0	30	0
1	30	0
2	30	0
3	30	0
4	30	0
5	30	0
6	30	0
7	30	0
8	30	0
9	30	0
10	30	0
11	30	0
12	30	0
13	30	0
14	30	0
15	30	0
16	30	0
17	30	0
18	30	0
19	30	0
20	30	0
21	30	0
22	30	0
23	30	0
0	31	0
1	31	0
2	31	0
3	31	0
4	31	0
5	31	0
6	31	0
7	31	0
8	31	0
9	31	0
10	31	2
11	31	0
12	31	0
13	31	0
14	31	0
15	31	0
16	31	0
17	31	0
18	31	0
19	31	0
20	31	0
21	31	0
22	31	0
23	31	0
0	32	0
1	32	0
2	32	0
3	32	0
4	32	0
5	32	0
6	32	0
7	32	0
8	32	0
9	32	0
10	32	0
11	32	0
12	32	0
13	32	0
14	32	0
15	32	0
16	32	0
17	32	0
18	32	0
19	32	0
20	32	0
21	32	0
22	32	0
23	32	0
0	33	0
1	33	0
2	33	0
3	33	0
4	33	0
5	33	0
6	33	0
7	33	0
8	33	0
9	33	0
10	33	0
11	33	0
12	33	0
13	33	0
14	33	0
15	33	0
16	33	0
17	33	0
18	33	0
19	33	0
20	33	0
21	33	0
22	33	0
23	33	0
0	34	0
1	34	0
2	34	0
3	34	0
4	34	0
5	34	0
6	34	0
7	34	0
8	34	0
9	34	0
10	34	0
11	34	0
12	34	0
13	34	0
14	34	0
15	34	0
16	34	0
17	34	0
18	34	0
19	34	0
20	34	0
21	34	0
22	34	0
23	34	0
0	35	0
1	35	1
2	35	0
3	35	1
4	35	0
5	35	1
6	35	3
7	35	0
8	35	0
9	35	1
10	35	0
11	35	0
12	35	1
13	35	1
14	35	0
15	35	2
16	35	1
17	35	0
18	35	0
19	35	0
20	35	0
21	35	0
22	35	0
23	35	0
0	36	0
1	36	0
2	36	0
3	36	3
4	36	0
5	36	0
6	36	7
7	36	0
8	36	16
9	36	3
10	36	3
11	36	0
12	36	0
13	36	0
14	36	3
15	36	3
16	36	0
17	36	0
18	36	0
19	36	0
20	36	0
21	36	0
22	36	0
23	36	0
0	37	0
1	37	0
2	37	0
3	37	0
4	37	0
5	37	0
6	37	0
7	37	0
8	37	0
9	37	0
10	37	0
11	37	0
12	37	0
13	37	0
14	37	0
15	37	0
16	37	0
17	37	0
18	37	0
19	37	0
20	37	0
21	37	0
22	37	0
23	37	0
0	38	0
1	38	0
2	38	0
3	38	0
4	38	0
5	38	0
6	38	0
7	38	0
8	38	0
9	38	0
10	38	0
11	38	0
12	38	0
13	38	0
14	38	0
15	38	0
16	38	0
17	38	0
18	38	0
19	38	0
20	38	0
21	38	0
22	38	0
23	38	0
0	39	0
1	39	0
2	39	0
3	39	0
4	39	0
5	39	0
6	39	0
7	39	0
8	39	11
9	39	0
10	39	0
11	39	0
12	39	0
13	39	0
14	39	0
15	39	0
16	39	0
17	39	0
18	39	0
19	39	0
20	39	0
21	39	0
22	39	0
23	39	0
0	40	0
1	40	0
2	40	0
3	40	0
4	40	0
5	40	0
6	40	0
7	40	0
8	40	0
9	40	0
10	40	0
11	40	0
12	40	0
13	40	0
14	40	0
15	40	0
16	40	0
17	40	0
18	40	0
19	40	0
20	40	0
21	40	0
22	40	0
23	40	0
0	41	49
1	41	0
2	41	0
3	41	0
4	41	0
5	41	0
6	41	0
7	41	0
8	41	34
9	41	0
10	41	0
11	41	0
12	41	0
13	41	0
14	41	0
15	41	49
16	41	0
17	41	0
18	41	0
19	41	0
20	41	0
21	41	0
22	41	0
23	41	0
0	42	0
1	42	0
2	42	0
3	42	0
4	42	0
5	42	0
6	42	0
7	42	0
8	42	0
9	42	0
10	42	0
11	42	0
12	42	0
13	42	0
14	42	0
15	42	0
16	42	0
17	42	0
18	42	0
19	42	0
20	42	0
21	42	0
22	42	0
23	42	0
0	43	0
1	43	0
2	43	1
3	43	1
4	43	0
5	43	1
6	43	0
7	43	0
8	43	1
9	43	1
10	43	0
11	43	0
12	43	0
13	43	0
14	43	0
15	43	0
16	43	0
17	43	0
18	43	0
19	43	0
20	43	0
21	43	0
22	43	0
23	43	0
0	44	0
1	44	0
2	44	0
3	44	0
4	44	0
5	44	5
6	44	0
7	44	0
8	44	0
9	44	0
10	44	0
11	44	0
12	44	0
13	44	0
14	44	0
15	44	0
16	44	0
17	44	0
18	44	0
19	44	0
20	44	0
21	44	0
22	44	0
23	44	0
0	45	0
1	45	0
2	45	0
3	45	0
4	45	0
5	45	0
6	45	0
7	45	0
8	45	0
9	45	0
10	45	0
11	45	0
12	45	0
13	45	0
14	45	0
15	45	0
16	45	0
17	45	0
18	45	0
19	45	0
20	45	0
21	45	0
22	45	0
23	45	0
0	46	0
1	46	0
2	46	0
3	46	0
4	46	0
5	46	0
6	46	0
7	46	1
8	46	0
9	46	0
10	46	1
11	46	0
12	46	1
13	46	1
14	46	1
15	46	0
16	46	1
17	46	0
18	46	1
19	46	0
20	46	0
21	46	0
22	46	1
23	46	0
0	47	0
1	47	0
2	47	0
3	47	0
4	47	0
5	47	0
6	47	0
7	47	0
8	47	0
9	47	0
10	47	0
11	47	0
12	47	0
13	47	0
14	47	0
15	47	0
16	47	0
17	47	0
18	47	0
19	47	0
20	47	0
21	47	0
22	47	0
23	47	0
0	48	0
1	48	0
2	48	0
3	48	0
4	48	0
5	48	0
6	48	0
7	48	0
8	48	0
9	48	0
10	48	0
11	48	0
12	48	0
13	48	0
14	48	0
15	48	0
16	48	0
17	48	0
18	48	0
19	48	0
20	48	0
21	48	0
22	48	0
23	48	0
0	49	0
1	49	0
2	49	0
3	49	0
4	49	0
5	49	0
6	49	0
7	49	0
8	49	0
9	49	0
10	49	0
11	49	0
12	49	0
13	49	0
14	49	0
15	49	0
16	49	0
17	49	0
18	49	0
19	49	0
20	49	0
21	49	0
22	49	0
23	49	0
0	50	0
1	50	0
2	50	0
3	50	0
4	50	0
5	50	0
6	50	0
7	50	0
8	50	0
9	50	0
10	50	0
11	50	0
12	50	0
13	50	0
14	50	0
15	50	0
16	50	0
17	50	0
18	50	0
19	50	0
20	50	0
21	50	0
22	50	0
23	50	0
0	51	0
1	51	0
2	51	0
3	51	0
4	51	0
5	51	16
6	51	0
7	51	0
8	51	0
9	51	0
10	51	0
11	51	0
12	51	0
13	51	0
14	51	0
15	51	16
16	51	0
17	51	0
18	51	0
19	51	0
20	51	0
21	51	0
22	51	0
23	51	0
0	52	0
1	52	0
2	52	0
3	52	0
4	52	1
5	52	0
6	52	1
7	52	1
8	52	0
9	52	0
10	52	0
11	52	0
12	52	0
13	52	0
14	52	0
15	52	0
16	52	0
17	52	0
18	52	0
19	52	0
20	52	0
21	52	0
22	52	0
23	52	0
0	53	0
1	53	0
2	53	0
3	53	0
4	53	0
5	53	0
6	53	0
7	53	0
8	53	0
9	53	0
10	53	0
11	53	0
12	53	0
13	53	0
14	53	0
15	53	0
16	53	0
17	53	0
18	53	0
19	53	0
20	53	0
21	53	0
22	53	0
23	53	0
0	54	0
1	54	2
2	54	0
3	54	0
4	54	4
5	54	2
6	54	0
7	54	2
8	54	0
9	54	0
10	54	0
11	54	0
12	54	0
13	54	2
14	54	0
15	54	0
16	54	0
17	54	2
18	54	0
19	54	0
20	54	0
21	54	0
22	54	0
23	54	0
0	55	0
1	55	0
2	55	0
3	55	0
4	55	0
5	55	0
6	55	0
7	55	0
8	55	0
9	55	0
10	55	0
11	55	0
12	55	0
13	55	0
14	55	0
15	55	0
16	55	0
17	55	0
18	55	0
19	55	0
20	55	0
21	55	0
22	55	0
23	55	0
0	56	0
1	56	0
2	56	0
3	56	0
4	56	0
5	56	0
6	56	0
7	56	0
8	56	0
9	56	0
10	56	0
11	56	0
12	56	0
13	56	0
14	56	0
15	56	0
16	56	0
17	56	0
18	56	0
19	56	0
20	56	0
21	56	0
22	56	0
23	56	0
0	57	0
1	57	0
2	57	0
3	57	0
4	57	0
5	57	4
6	57	4
7	57	0
8	57	2
9	57	4
10	57	0
11	57	0
12	57	0
13	57	2
14	57	0
15	57	0
16	57	0
17	57	0
18	57	0
19	57	0
20	57	0
21	57	0
22	57	0
23	57	0
0	58	0
1	58	0
2	58	0
3	58	0
4	58	0
5	58	0
6	58	0
7	58	0
8	58	0
9	58	0
10	58	0
11	58	0
12	58	0
13	58	0
14	58	0
15	58	0
16	58	0
17	58	0
18	58	0
19	58	0
20	58	0
21	58	0
22	58	0
23	58	0
0	59	0
1	59	0
2	59	0
3	59	0
4	59	0
5	59	0
6	59	0
7	59	0
8	59	2
9	59	0
10	59	0
11	59	0
12	59	0
13	59	0
14	59	0
15	59	0
16	59	0
17	59	0
18	59	0
19	59	0
20	59	0
21	59	0
22	59	0
23	59	0
0	60	0
1	60	0
2	60	0
3	60	0
4	60	0
5	60	0
6	60	0
7	60	0
8	60	5
9	60	0
10	60	0
11	60	5
12	60	0
13	60	0
14	60	5
15	60	0
16	60	5
17	60	0
18	60	0
19	60	0
20	60	0
21	60	0
22	60	0
23	60	0
0	61	0
1	61	0
2	61	0
3	61	0
4	61	0
5	61	0
6	61	0
7	61	0
8	61	0
9	61	0
10	61	0
11	61	0
12	61	0
13	61	0
14	61	0
15	61	0
16	61	0
17	61	0
18	61	0
19	61	0
20	61	0
21	61	0
22	61	0
23	61	0
0	62	0
1	62	0
2	62	0
3	62	0
4	62	0
5	62	0
6	62	0
7	62	0
8	62	0
9	62	0
10	62	0
11	62	0
12	62	0
13	62	0
14	62	0
15	62	0
16	62	0
17	62	0
18	62	0
19	62	0
20	62	0
21	62	0
22	62	0
23	62	0
0	63	0
1	63	0
2	63	1
3	63	0
4	63	0
5	63	0
6	63	0
7	63	0
8	63	0
9	63	1
10	63	0
11	63	0
12	63	0
13	63	0
14	63	0
15	63	0
16	63	1
17	63	0
18	63	1
19	63	0
20	63	0
21	63	0
22	63	0
23	63	0
0	64	5
1	64	5
2	64	0
3	64	0
4	64	0
5	64	0
6	64	0
7	64	0
8	64	0
9	64	0
10	64	0
11	64	0
12	64	0
13	64	5
14	64	9
15	64	5
16	64	0
17	64	0
18	64	0
19	64	0
20	64	0
21	64	0
22	64	0
23	64	0
0	65	0
1	65	0
2	65	0
3	65	0
4	65	0
5	65	0
6	65	0
7	65	0
8	65	0
9	65	0
10	65	0
11	65	0
12	65	0
13	65	0
14	65	0
15	65	0
16	65	0
17	65	0
18	65	0
19	65	0
20	65	0
21	65	0
22	65	0
23	65	0
0	66	0
1	66	0
2	66	0
3	66	0
4	66	0
5	66	0
6	66	0
7	66	0
8	66	0
9	66	0
10	66	0
11	66	0
12	66	0
13	66	0
14	66	0
15	66	0
16	66	0
17	66	0
18	66	0
19	66	0
20	66	0
21	66	0
22	66	0
23	66	0
0	67	1
1	67	0
2	67	1
3	67	1
4	67	1
5	67	1
6	67	2
7	67	1
8	67	1
9	67	1
10	67	1
11	67	1
12	67	0
13	67	1
14	67	0
15	67	0
16	67	0
17	67	1
18	67	0
19	67	0
20	67	0
21	67	0
22	67	1
23	67	1
0	68	0
1	68	0
2	68	0
3	68	0
4	68	0
5	68	0
6	68	0
7	68	0
8	68	0
9	68	0
10	68	0
11	68	0
12	68	0
13	68	0
14	68	0
15	68	0
16	68	0
17	68	0
18	68	0
19	68	0
20	68	0
21	68	0
22	68	0
23	68	0
0	69	0
1	69	0
2	69	0
3	69	0
4	69	0
5	69	0
6	69	0
7	69	0
8	69	0
9	69	0
10	69	0
11	69	0
12	69	0
13	69	0
14	69	0
15	69	0
16	69	0
17	69	0
18	69	0
19	69	0
20	69	0
21	69	0
22	69	0
23	69	0
0	70	0
1	70	0
2	70	0
3	70	0
4	70	0
5	70	0
6	70	0
7	70	0
8	70	0
9	70	0
10	70	0
11	70	4
12	70	4
13	70	0
14	70	0
15	70	0
16	70	0
17	70	2
18	70	0
19	70	0
20	70	0
21	70	0
22	70	0
23	70	0
0	71	0
1	71	0
2	71	1
3	71	1
4	71	1
5	71	0
6	71	1
7	71	1
8	71	1
9	71	1
10	71	1
11	71	0
12	71	1
13	71	1
14	71	1
15	71	1
16	71	1
17	71	0
18	71	1
19	71	0
20	71	0
21	71	1
22	71	0
23	71	1
0	72	0
1	72	0
2	72	2
3	72	0
4	72	0
5	72	0
6	72	0
7	72	0
8	72	0
9	72	0
10	72	0
11	72	0
12	72	0
13	72	0
14	72	5
15	72	0
16	72	0
17	72	0
18	72	0
19	72	0
20	72	0
21	72	0
22	72	0
23	72	4
0	73	0
1	73	0
2	73	0
3	73	0
4	73	0
5	73	0
6	73	0
7	73	0
8	73	0
9	73	0
10	73	0
11	73	0
12	73	0
13	73	0
14	73	0
15	73	0
16	73	0
17	73	0
18	73	0
19	73	0
20	73	0
21	73	0
22	73	0
23	73	0
0	74	0
1	74	0
2	74	0
3	74	1
4	74	0
5	74	1
6	74	1
7	74	1
8	74	0
9	74	0
10	74	0
11	74	0
12	74	1
13	74	0
14	74	0
15	74	0
16	74	1
17	74	0
18	74	0
19	74	0
20	74	0
21	74	0
22	74	0
23	74	1
0	75	0
1	75	0
2	75	0
3	75	0
4	75	0
5	75	0
6	75	0
7	75	0
8	75	0
9	75	0
10	75	0
11	75	0
12	75	0
13	75	0
14	75	0
15	75	0
16	75	0
17	75	0
18	75	0
19	75	0
20	75	0
21	75	0
22	75	0
23	75	0
0	76	0
1	76	0
2	76	0
3	76	0
4	76	0
5	76	0
6	76	0
7	76	0
8	76	0
9	76	0
10	76	0
11	76	0
12	76	0
13	76	0
14	76	0
15	76	0
16	76	0
17	76	0
18	76	0
19	76	0
20	76	0
21	76	0
22	76	0
23	76	0
0	77	0
1	77	0
2	77	0
3	77	0
4	77	0
5	77	0
6	77	0
7	77	0
8	77	0
9	77	0
10	77	0
11	77	0
12	77	0
13	77	0
14	77	0
15	77	0
16	77	0
17	77	0
18	77	0
19	77	0
20	77	0
21	77	6
22	77	0
23	77	0
0	78	0
1	78	0
2	78	0
3	78	0
4	78	0
5	78	0
6	78	0
7	78	0
8	78	0
9	78	0
10	78	0
11	78	0
12	78	0
13	78	0
14	78	0
15	78	0
16	78	0
17	78	0
18	78	0
19	78	0
20	78	0
21	78	0
22	78	0
23	78	0
0	79	1
1	79	0
2	79	1
3	79	1
4	79	1
5	79	1
6	79	1
7	79	0
8	79	1
9	79	1
10	79	1
11	79	0
12	79	2
13	79	0
14	79	0
15	79	1
16	79	0
17	79	0
18	79	0
19	79	1
20	79	1
21	79	0
22	79	0
23	79	0
0	80	0
1	80	0
2	80	0
3	80	0
4	80	1
5	80	1
6	80	0
7	80	1
8	80	0
9	80	0
10	80	0
11	80	1
12	80	0
13	80	1
14	80	1
15	80	0
16	80	0
17	80	1
18	80	0
19	80	0
20	80	0
21	80	0
22	80	0
23	80	0
0	81	0
1	81	0
2	81	0
3	81	0
4	81	0
5	81	0
6	81	0
7	81	0
8	81	0
9	81	0
10	81	0
11	81	0
12	81	2
13	81	0
14	81	0
15	81	0
16	81	0
17	81	0
18	81	0
19	81	0
20	81	0
21	81	0
22	81	0
23	81	0
0	82	1
1	82	1
2	82	1
3	82	1
4	82	1
5	82	1
6	82	1
7	82	1
8	82	1
9	82	1
10	82	1
11	82	1
12	82	1
13	82	1
14	82	1
15	82	1
16	82	1
17	82	1
18	82	1
19	82	0
20	82	1
21	82	0
22	82	1
23	82	1
0	83	0
1	83	0
2	83	0
3	83	0
4	83	0
5	83	0
6	83	0
7	83	0
8	83	0
9	83	0
10	83	0
11	83	0
12	83	0
13	83	0
14	83	0
15	83	0
16	83	0
17	83	0
18	83	0
19	83	0
20	83	0
21	83	0
22	83	0
23	83	0
0	84	0
1	84	0
2	84	0
3	84	0
4	84	0
5	84	0
6	84	0
7	84	0
8	84	0
9	84	0
10	84	0
11	84	0
12	84	0
13	84	0
14	84	0
15	84	0
16	84	0
17	84	0
18	84	0
19	84	0
20	84	0
21	84	0
22	84	0
23	84	0
0	85	0
1	85	1
2	85	1
3	85	3
4	85	1
5	85	1
6	85	1
7	85	1
8	85	1
9	85	0
10	85	1
11	85	0
12	85	1
13	85	1
14	85	0
15	85	0
16	85	1
17	85	1
18	85	0
19	85	1
20	85	0
21	85	0
22	85	0
23	85	0
0	86	0
1	86	1
2	86	1
3	86	0
4	86	0
5	86	1
6	86	1
7	86	1
8	86	1
9	86	1
10	86	0
11	86	0
12	86	1
13	86	0
14	86	1
15	86	0
16	86	1
17	86	1
18	86	1
19	86	0
20	86	0
21	86	0
22	86	1
23	86	0
0	87	0
1	87	0
2	87	0
3	87	0
4	87	0
5	87	0
6	87	0
7	87	0
8	87	0
9	87	0
10	87	0
11	87	0
12	87	0
13	87	0
14	87	0
15	87	0
16	87	0
17	87	0
18	87	0
19	87	0
20	87	0
21	87	0
22	87	0
23	87	0
0	88	0
1	88	0
2	88	0
3	88	0
4	88	0
5	88	0
6	88	0
7	88	0
8	88	0
9	88	0
10	88	0
11	88	0
12	88	0
13	88	0
14	88	0
15	88	0
16	88	13
17	88	0
18	88	0
19	88	0
20	88	0
21	88	0
22	88	0
23	88	0
0	89	0
1	89	0
2	89	0
3	89	0
4	89	0
5	89	0
6	89	0
7	89	0
8	89	0
9	89	0
10	89	0
11	89	0
12	89	0
13	89	0
14	89	0
15	89	0
16	89	0
17	89	0
18	89	0
19	89	0
20	89	0
21	89	0
22	89	0
23	89	0
0	90	0
1	90	0
2	90	0
3	90	0
4	90	0
5	90	0
6	90	0
7	90	0
8	90	0
9	90	0
10	90	0
11	90	0
12	90	0
13	90	0
14	90	0
15	90	0
16	90	0
17	90	0
18	90	0
19	90	0
20	90	0
21	90	0
22	90	0
23	90	0
0	91	0
1	91	0
2	91	0
3	91	0
4	91	0
5	91	0
6	91	0
7	91	0
8	91	0
9	91	0
10	91	0
11	91	0
12	91	0
13	91	0
14	91	0
15	91	0
16	91	0
17	91	0
18	91	0
19	91	0
20	91	0
21	91	0
22	91	0
23	91	0
0	92	0
1	92	0
2	92	0
3	92	0
4	92	0
5	92	0
6	92	0
7	92	0
8	92	0
9	92	0
10	92	0
11	92	0
12	92	0
13	92	0
14	92	0
15	92	0
16	92	0
17	92	0
18	92	0
19	92	0
20	92	0
21	92	0
22	92	0
23	92	0
0	93	0
1	93	0
2	93	0
3	93	0
4	93	0
5	93	0
6	93	0
7	93	0
8	93	0
9	93	0
10	93	0
11	93	0
12	93	0
13	93	0
14	93	0
15	93	0
16	93	2
17	93	0
18	93	0
19	93	0
20	93	0
21	93	0
22	93	0
23	93	0
0	94	0
1	94	0
2	94	0
3	94	0
4	94	0
5	94	0
6	94	0
7	94	7
8	94	7
9	94	0
10	94	0
11	94	0
12	94	0
13	94	0
14	94	0
15	94	0
16	94	0
17	94	0
18	94	0
19	94	0
20	94	0
21	94	0
22	94	0
23	94	0
0	95	0
1	95	0
2	95	0
3	95	0
4	95	0
5	95	0
6	95	0
7	95	0
8	95	0
9	95	0
10	95	0
11	95	0
12	95	0
13	95	0
14	95	0
15	95	0
16	95	0
17	95	0
18	95	0
19	95	0
20	95	0
21	95	0
22	95	0
23	95	0
0	96	0
1	96	0
2	96	0
3	96	0
4	96	0
5	96	0
6	96	0
7	96	0
8	96	0
9	96	0
10	96	0
11	96	0
12	96	0
13	96	0
14	96	0
15	96	0
16	96	0
17	96	0
18	96	0
19	96	0
20	96	0
21	96	0
22	96	0
23	96	0
0	97	0
1	97	0
2	97	0
3	97	0
4	97	0
5	97	0
6	97	0
7	97	0
8	97	0
9	97	0
10	97	0
11	97	0
12	97	0
13	97	0
14	97	0
15	97	0
16	97	0
17	97	0
18	97	0
19	97	0
20	97	0
21	97	0
22	97	0
23	97	0
0	98	1
1	98	1
2	98	1
3	98	1
4	98	1
5	98	1
6	98	1
7	98	1
8	98	1
9	98	1
10	98	1
11	98	1
12	98	1
13	98	1
14	98	1
15	98	1
16	98	1
17	98	1
18	98	1
19	98	1
20	98	1
21	98	1
22	98	1
23	98	1
0	99	1
1	99	1
2	99	1
3	99	1
4	99	1
5	99	1
6	99	1
7	99	1
8	99	1
9	99	1
10	99	1
11	99	1
12	99	1
13	99	1
14	99	1
15	99	1
16	99	1
17	99	1
18	99	1
19	99	1
20	99	1
21	99	1
22	99	1
23	99	1
0	100	0
1	100	0
2	100	0
3	100	1
4	100	0
5	100	0
6	100	0
7	100	0
8	100	0
9	100	0
10	100	1
11	100	0
12	100	1
13	100	2
14	100	0
15	100	0
16	100	1
17	100	0
18	100	0
19	100	0
20	100	0
21	100	0
22	100	0
23	100	1
0	101	0
1	101	0
2	101	0
3	101	0
4	101	0
5	101	0
6	101	0
7	101	0
8	101	0
9	101	10
10	101	0
11	101	0
12	101	0
13	101	0
14	101	19
15	101	0
16	101	0
17	101	0
18	101	0
19	101	0
20	101	0
21	101	0
22	101	0
23	101	0
0	102	0
1	102	0
2	102	0
3	102	0
4	102	0
5	102	0
6	102	0
7	102	0
8	102	0
9	102	0
10	102	0
11	102	0
12	102	0
13	102	0
14	102	0
15	102	0
16	102	0
17	102	0
18	102	0
19	102	0
20	102	0
21	102	0
22	102	0
23	102	0
0	103	0
1	103	0
2	103	0
3	103	0
4	103	0
5	103	0
6	103	0
7	103	0
8	103	0
9	103	0
10	103	0
11	103	0
12	103	0
13	103	0
14	103	0
15	103	0
16	103	0
17	103	0
18	103	0
19	103	0
20	103	0
21	103	0
22	103	0
23	103	0
0	104	0
1	104	0
2	104	0
3	104	0
4	104	7
5	104	0
6	104	0
7	104	0
8	104	4
9	104	7
10	104	0
11	104	4
12	104	0
13	104	0
14	104	0
15	104	0
16	104	0
17	104	0
18	104	0
19	104	0
20	104	0
21	104	0
22	104	0
23	104	0
0	105	0
1	105	0
2	105	0
3	105	0
4	105	0
5	105	0
6	105	0
7	105	0
8	105	0
9	105	0
10	105	0
11	105	0
12	105	0
13	105	4
14	105	0
15	105	4
16	105	0
17	105	0
18	105	0
19	105	0
20	105	0
21	105	0
22	105	0
23	105	0
0	106	0
1	106	0
2	106	0
3	106	0
4	106	0
5	106	0
6	106	0
7	106	0
8	106	0
9	106	0
10	106	0
11	106	0
12	106	0
13	106	0
14	106	0
15	106	0
16	106	0
17	106	0
18	106	0
19	106	0
20	106	0
21	106	0
22	106	0
23	106	0
0	107	0
1	107	0
2	107	0
3	107	0
4	107	0
5	107	0
6	107	0
7	107	0
8	107	0
9	107	0
10	107	0
11	107	0
12	107	0
13	107	0
14	107	0
15	107	0
16	107	0
17	107	0
18	107	0
19	107	0
20	107	0
21	107	0
22	107	0
23	107	0
0	108	0
1	108	0
2	108	0
3	108	0
4	108	0
5	108	0
6	108	0
7	108	0
8	108	0
9	108	0
10	108	0
11	108	0
12	108	0
13	108	0
14	108	0
15	108	0
16	108	0
17	108	0
18	108	0
19	108	0
20	108	0
21	108	0
22	108	0
23	108	0
0	109	1
1	109	1
2	109	1
3	109	1
4	109	1
5	109	1
6	109	1
7	109	1
8	109	1
9	109	1
10	109	1
11	109	1
12	109	1
13	109	1
14	109	1
15	109	1
16	109	1
17	109	1
18	109	1
19	109	1
20	109	1
21	109	1
22	109	1
23	109	1
0	110	0
1	110	0
2	110	0
3	110	0
4	110	0
5	110	0
6	110	0
7	110	0
8	110	0
9	110	0
10	110	0
11	110	0
12	110	0
13	110	0
14	110	0
15	110	0
16	110	0
17	110	0
18	110	0
19	110	0
20	110	0
21	110	0
22	110	0
23	110	0
0	111	0
1	111	0
2	111	0
3	111	0
4	111	0
5	111	0
6	111	0
7	111	0
8	111	0
9	111	0
10	111	0
11	111	0
12	111	14
13	111	0
14	111	0
15	111	0
16	111	0
17	111	0
18	111	0
19	111	0
20	111	0
21	111	0
22	111	0
23	111	0
0	112	0
1	112	0
2	112	0
3	112	0
4	112	0
5	112	0
6	112	0
7	112	31
8	112	16
9	112	0
10	112	0
11	112	0
12	112	0
13	112	0
14	112	0
15	112	0
16	112	0
17	112	0
18	112	0
19	112	0
20	112	0
21	112	0
22	112	0
23	112	0
0	113	0
1	113	0
2	113	0
3	113	0
4	113	0
5	113	0
6	113	0
7	113	0
8	113	0
9	113	0
10	113	0
11	113	3
12	113	2
13	113	2
14	113	0
15	113	0
16	113	0
17	113	0
18	113	0
19	113	0
20	113	0
21	113	0
22	113	0
23	113	0
0	114	1
1	114	1
2	114	2
3	114	1
4	114	2
5	114	1
6	114	2
7	114	1
8	114	1
9	114	1
10	114	1
11	114	0
12	114	1
13	114	1
14	114	1
15	114	1
16	114	1
17	114	1
18	114	0
19	114	0
20	114	0
21	114	0
22	114	0
23	114	1
0	115	0
1	115	0
2	115	0
3	115	0
4	115	0
5	115	0
6	115	0
7	115	0
8	115	0
9	115	0
10	115	0
11	115	0
12	115	0
13	115	0
14	115	0
15	115	0
16	115	0
17	115	0
18	115	0
19	115	0
20	115	0
21	115	0
22	115	0
23	115	0
0	116	0
1	116	0
2	116	0
3	116	0
4	116	0
5	116	0
6	116	0
7	116	0
8	116	0
9	116	0
10	116	0
11	116	0
12	116	0
13	116	0
14	116	0
15	116	0
16	116	0
17	116	0
18	116	0
19	116	0
20	116	0
21	116	0
22	116	0
23	116	0
0	117	0
1	117	0
2	117	0
3	117	54
4	117	0
5	117	0
6	117	0
7	117	0
8	117	0
9	117	0
10	117	0
11	117	0
12	117	0
13	117	0
14	117	0
15	117	0
16	117	0
17	117	0
18	117	0
19	117	0
20	117	0
21	117	0
22	117	0
23	117	0
0	118	0
1	118	0
2	118	0
3	118	0
4	118	0
5	118	0
6	118	0
7	118	0
8	118	0
9	118	0
10	118	0
11	118	0
12	118	0
13	118	0
14	118	0
15	118	0
16	118	0
17	118	0
18	118	0
19	118	0
20	118	0
21	118	0
22	118	0
23	118	0
0	119	0
1	119	0
2	119	0
3	119	0
4	119	0
5	119	0
6	119	0
7	119	0
8	119	0
9	119	0
10	119	0
11	119	0
12	119	0
13	119	0
14	119	0
15	119	0
16	119	0
17	119	0
18	119	0
19	119	0
20	119	0
21	119	0
22	119	0
23	119	0
0	120	1
1	120	1
2	120	1
3	120	1
4	120	1
5	120	1
6	120	1
7	120	1
8	120	1
9	120	1
10	120	1
11	120	1
12	120	1
13	120	1
14	120	1
15	120	1
16	120	1
17	120	1
18	120	1
19	120	1
20	120	1
21	120	1
22	120	1
23	120	1
0	121	0
1	121	0
2	121	0
3	121	0
4	121	0
5	121	0
6	121	0
7	121	0
8	121	0
9	121	0
10	121	0
11	121	0
12	121	0
13	121	0
14	121	0
15	121	0
16	121	0
17	121	0
18	121	0
19	121	0
20	121	0
21	121	0
22	121	0
23	121	0
0	122	0
1	122	0
2	122	0
3	122	0
4	122	0
5	122	0
6	122	0
7	122	3
8	122	0
9	122	0
10	122	0
11	122	0
12	122	0
13	122	0
14	122	0
15	122	0
16	122	0
17	122	0
18	122	0
19	122	0
20	122	0
21	122	0
22	122	0
23	122	0
0	123	0
1	123	0
2	123	0
3	123	0
4	123	0
5	123	0
6	123	0
7	123	0
8	123	0
9	123	0
10	123	0
11	123	0
12	123	0
13	123	0
14	123	0
15	123	0
16	123	0
17	123	0
18	123	0
19	123	0
20	123	0
21	123	0
22	123	0
23	123	0
0	124	0
1	124	0
2	124	0
3	124	0
4	124	0
5	124	0
6	124	0
7	124	0
8	124	0
9	124	0
10	124	6
11	124	0
12	124	0
13	124	0
14	124	0
15	124	0
16	124	0
17	124	0
18	124	0
19	124	0
20	124	0
21	124	0
22	124	0
23	124	0
0	125	0
1	125	1
2	125	1
3	125	1
4	125	1
5	125	1
6	125	0
7	125	1
8	125	0
9	125	2
10	125	2
11	125	1
12	125	1
13	125	1
14	125	0
15	125	1
16	125	0
17	125	0
18	125	1
19	125	1
20	125	1
21	125	0
22	125	1
23	125	0
0	126	0
1	126	0
2	126	0
3	126	0
4	126	0
5	126	0
6	126	5
7	126	0
8	126	0
9	126	0
10	126	0
11	126	0
12	126	0
13	126	0
14	126	0
15	126	0
16	126	0
17	126	0
18	126	0
19	126	0
20	126	0
21	126	0
22	126	0
23	126	0
0	127	0
1	127	15
2	127	0
3	127	0
4	127	15
5	127	0
6	127	0
7	127	15
8	127	0
9	127	0
10	127	0
11	127	0
12	127	0
13	127	0
14	127	0
15	127	0
16	127	0
17	127	0
18	127	0
19	127	0
20	127	0
21	127	0
22	127	0
23	127	0
0	128	0
1	128	0
2	128	0
3	128	0
4	128	0
5	128	0
6	128	0
7	128	0
8	128	0
9	128	0
10	128	0
11	128	0
12	128	0
13	128	0
14	128	0
15	128	0
16	128	0
17	128	0
18	128	0
19	128	0
20	128	0
21	128	0
22	128	0
23	128	0
0	129	0
1	129	0
2	129	0
3	129	0
4	129	0
5	129	0
6	129	0
7	129	0
8	129	0
9	129	0
10	129	0
11	129	0
12	129	0
13	129	0
14	129	0
15	129	0
16	129	0
17	129	0
18	129	0
19	129	0
20	129	0
21	129	0
22	129	0
23	129	0
0	130	0
1	130	0
2	130	0
3	130	8
4	130	0
5	130	0
6	130	0
7	130	0
8	130	0
9	130	0
10	130	0
11	130	0
12	130	0
13	130	0
14	130	0
15	130	0
16	130	0
17	130	4
18	130	0
19	130	0
20	130	0
21	130	0
22	130	0
23	130	0
0	131	0
1	131	0
2	131	0
3	131	0
4	131	0
5	131	0
6	131	0
7	131	0
8	131	0
9	131	0
10	131	0
11	131	0
12	131	0
13	131	0
14	131	0
15	131	0
16	131	0
17	131	0
18	131	0
19	131	0
20	131	0
21	131	0
22	131	0
23	131	0
0	132	0
1	132	0
2	132	0
3	132	0
4	132	0
5	132	0
6	132	0
7	132	0
8	132	0
9	132	0
10	132	0
11	132	0
12	132	0
13	132	0
14	132	0
15	132	0
16	132	0
17	132	0
18	132	0
19	132	0
20	132	0
21	132	0
22	132	0
23	132	0
0	133	0
1	133	0
2	133	0
3	133	0
4	133	0
5	133	0
6	133	0
7	133	0
8	133	0
9	133	0
10	133	0
11	133	0
12	133	0
13	133	0
14	133	0
15	133	0
16	133	0
17	133	0
18	133	0
19	133	0
20	133	0
21	133	0
22	133	0
23	133	0
0	134	0
1	134	0
2	134	0
3	134	0
4	134	0
5	134	0
6	134	0
7	134	0
8	134	0
9	134	4
10	134	0
11	134	0
12	134	0
13	134	0
14	134	0
15	134	0
16	134	0
17	134	0
18	134	0
19	134	0
20	134	0
21	134	0
22	134	0
23	134	0
0	135	0
1	135	0
2	135	0
3	135	0
4	135	0
5	135	0
6	135	0
7	135	0
8	135	0
9	135	0
10	135	0
11	135	0
12	135	5
13	135	0
14	135	0
15	135	0
16	135	0
17	135	0
18	135	0
19	135	0
20	135	0
21	135	0
22	135	0
23	135	0
0	136	0
1	136	0
2	136	0
3	136	0
4	136	0
5	136	0
6	136	0
7	136	0
8	136	0
9	136	0
10	136	0
11	136	0
12	136	0
13	136	0
14	136	0
15	136	0
16	136	0
17	136	0
18	136	0
19	136	0
20	136	0
21	136	0
22	136	0
23	136	0
0	137	0
1	137	0
2	137	0
3	137	0
4	137	0
5	137	2
6	137	0
7	137	0
8	137	0
9	137	0
10	137	0
11	137	0
12	137	0
13	137	0
14	137	0
15	137	0
16	137	0
17	137	2
18	137	0
19	137	0
20	137	0
21	137	0
22	137	0
23	137	0
0	138	0
1	138	0
2	138	0
3	138	0
4	138	0
5	138	0
6	138	0
7	138	0
8	138	0
9	138	0
10	138	0
11	138	0
12	138	0
13	138	0
14	138	0
15	138	0
16	138	0
17	138	0
18	138	0
19	138	0
20	138	0
21	138	0
22	138	0
23	138	0
0	139	0
1	139	0
2	139	0
3	139	0
4	139	0
5	139	0
6	139	0
7	139	0
8	139	0
9	139	0
10	139	0
11	139	0
12	139	0
13	139	0
14	139	0
15	139	0
16	139	0
17	139	0
18	139	0
19	139	0
20	139	4
21	139	0
22	139	0
23	139	0
0	140	0
1	140	0
2	140	0
3	140	0
4	140	0
5	140	0
6	140	0
7	140	0
8	140	0
9	140	0
10	140	0
11	140	0
12	140	0
13	140	0
14	140	0
15	140	0
16	140	0
17	140	0
18	140	0
19	140	0
20	140	0
21	140	0
22	140	0
23	140	0
0	141	0
1	141	0
2	141	0
3	141	0
4	141	0
5	141	0
6	141	0
7	141	0
8	141	0
9	141	0
10	141	0
11	141	0
12	141	0
13	141	0
14	141	0
15	141	0
16	141	0
17	141	0
18	141	0
19	141	0
20	141	0
21	141	0
22	141	0
23	141	0
0	142	0
1	142	0
2	142	0
3	142	0
4	142	0
5	142	0
6	142	0
7	142	0
8	142	0
9	142	0
10	142	0
11	142	0
12	142	0
13	142	0
14	142	0
15	142	0
16	142	0
17	142	0
18	142	0
19	142	0
20	142	0
21	142	0
22	142	0
23	142	0
0	143	0
1	143	0
2	143	0
3	143	0
4	143	0
5	143	0
6	143	0
7	143	0
8	143	0
9	143	0
10	143	0
11	143	0
12	143	0
13	143	0
14	143	0
15	143	0
16	143	0
17	143	0
18	143	0
19	143	0
20	143	0
21	143	0
22	143	0
23	143	0
0	144	0
1	144	1
2	144	0
3	144	0
4	144	1
5	144	1
6	144	0
7	144	1
8	144	1
9	144	1
10	144	2
11	144	0
12	144	0
13	144	0
14	144	1
15	144	0
16	144	0
17	144	0
18	144	0
19	144	0
20	144	0
21	144	0
22	144	0
23	144	0
0	145	0
1	145	0
2	145	0
3	145	0
4	145	0
5	145	0
6	145	0
7	145	0
8	145	0
9	145	0
10	145	0
11	145	0
12	145	0
13	145	0
14	145	0
15	145	0
16	145	0
17	145	0
18	145	0
19	145	0
20	145	0
21	145	0
22	145	0
23	145	0
0	146	0
1	146	0
2	146	0
3	146	0
4	146	0
5	146	0
6	146	0
7	146	0
8	146	0
9	146	0
10	146	0
11	146	0
12	146	0
13	146	0
14	146	0
15	146	0
16	146	0
17	146	0
18	146	0
19	146	0
20	146	0
21	146	0
22	146	0
23	146	0
0	147	0
1	147	0
2	147	0
3	147	0
4	147	0
5	147	0
6	147	0
7	147	0
8	147	0
9	147	0
10	147	0
11	147	0
12	147	0
13	147	0
14	147	0
15	147	0
16	147	0
17	147	0
18	147	0
19	147	0
20	147	0
21	147	0
22	147	0
23	147	0
0	148	0
1	148	0
2	148	0
3	148	0
4	148	0
5	148	1
6	148	0
7	148	0
8	148	1
9	148	0
10	148	0
11	148	0
12	148	0
13	148	0
14	148	0
15	148	0
16	148	0
17	148	0
18	148	0
19	148	0
20	148	0
21	148	0
22	148	0
23	148	0
0	149	0
1	149	0
2	149	0
3	149	0
4	149	0
5	149	0
6	149	0
7	149	0
8	149	0
9	149	0
10	149	0
11	149	0
12	149	0
13	149	0
14	149	0
15	149	0
16	149	0
17	149	0
18	149	0
19	149	0
20	149	0
21	149	0
22	149	0
23	149	0
0	150	0
1	150	0
2	150	0
3	150	0
4	150	0
5	150	0
6	150	0
7	150	0
8	150	0
9	150	0
10	150	0
11	150	0
12	150	0
13	150	0
14	150	0
15	150	0
16	150	0
17	150	0
18	150	0
19	150	0
20	150	0
21	150	0
22	150	0
23	150	0
0	151	0
1	151	0
2	151	0
3	151	0
4	151	0
5	151	0
6	151	0
7	151	0
8	151	0
9	151	0
10	151	0
11	151	0
12	151	0
13	151	16
14	151	0
15	151	0
16	151	0
17	151	0
18	151	0
19	151	0
20	151	0
21	151	0
22	151	0
23	151	0
0	152	0
1	152	0
2	152	0
3	152	0
4	152	0
5	152	0
6	152	0
7	152	0
8	152	0
9	152	0
10	152	0
11	152	0
12	152	0
13	152	0
14	152	0
15	152	0
16	152	0
17	152	0
18	152	0
19	152	0
20	152	0
21	152	0
22	152	0
23	152	0
0	153	0
1	153	0
2	153	0
3	153	0
4	153	0
5	153	0
6	153	0
7	153	39
8	153	0
9	153	0
10	153	0
11	153	0
12	153	0
13	153	0
14	153	0
15	153	0
16	153	0
17	153	0
18	153	0
19	153	0
20	153	0
21	153	0
22	153	0
23	153	0
0	154	0
1	154	0
2	154	0
3	154	0
4	154	0
5	154	0
6	154	0
7	154	0
8	154	0
9	154	0
10	154	0
11	154	0
12	154	0
13	154	0
14	154	0
15	154	0
16	154	0
17	154	0
18	154	0
19	154	0
20	154	0
21	154	0
22	154	0
23	154	0
0	155	0
1	155	0
2	155	0
3	155	0
4	155	1
5	155	0
6	155	0
7	155	0
8	155	0
9	155	0
10	155	0
11	155	0
12	155	1
13	155	1
14	155	1
15	155	1
16	155	1
17	155	0
18	155	0
19	155	0
20	155	0
21	155	0
22	155	0
23	155	0
0	156	0
1	156	0
2	156	0
3	156	0
4	156	0
5	156	0
6	156	0
7	156	0
8	156	0
9	156	0
10	156	0
11	156	0
12	156	0
13	156	0
14	156	0
15	156	0
16	156	0
17	156	0
18	156	0
19	156	0
20	156	0
21	156	0
22	156	0
23	156	0
0	157	0
1	157	0
2	157	0
3	157	0
4	157	0
5	157	0
6	157	0
7	157	0
8	157	0
9	157	0
10	157	0
11	157	0
12	157	0
13	157	0
14	157	0
15	157	0
16	157	0
17	157	0
18	157	0
19	157	0
20	157	0
21	157	0
22	157	0
23	157	0
0	158	0
1	158	0
2	158	0
3	158	0
4	158	0
5	158	0
6	158	0
7	158	0
8	158	0
9	158	0
10	158	0
11	158	0
12	158	0
13	158	0
14	158	0
15	158	0
16	158	0
17	158	0
18	158	0
19	158	0
20	158	0
21	158	0
22	158	0
23	158	0
0	159	0
1	159	0
2	159	0
3	159	0
4	159	0
5	159	0
6	159	0
7	159	0
8	159	0
9	159	0
10	159	0
11	159	0
12	159	0
13	159	0
14	159	0
15	159	0
16	159	0
17	159	0
18	159	0
19	159	0
20	159	0
21	159	0
22	159	0
23	159	0
0	160	1
1	160	1
2	160	0
3	160	1
4	160	0
5	160	1
6	160	1
7	160	1
8	160	1
9	160	1
10	160	1
11	160	1
12	160	1
13	160	1
14	160	0
15	160	0
16	160	1
17	160	0
18	160	0
19	160	0
20	160	0
21	160	1
22	160	1
23	160	1
0	161	0
1	161	0
2	161	0
3	161	0
4	161	0
5	161	0
6	161	0
7	161	0
8	161	0
9	161	0
10	161	0
11	161	0
12	161	0
13	161	0
14	161	0
15	161	0
16	161	0
17	161	0
18	161	0
19	161	0
20	161	0
21	161	0
22	161	0
23	161	0
0	162	1
1	162	0
2	162	0
3	162	0
4	162	0
5	162	0
6	162	0
7	162	0
8	162	1
9	162	1
10	162	0
11	162	1
12	162	2
13	162	0
14	162	0
15	162	0
16	162	0
17	162	0
18	162	0
19	162	0
20	162	2
21	162	0
22	162	0
23	162	0
0	163	0
1	163	0
2	163	0
3	163	0
4	163	0
5	163	0
6	163	5
7	163	5
8	163	0
9	163	0
10	163	0
11	163	0
12	163	0
13	163	0
14	163	0
15	163	5
16	163	0
17	163	0
18	163	0
19	163	0
20	163	0
21	163	0
22	163	0
23	163	0
0	164	0
1	164	0
2	164	0
3	164	0
4	164	0
5	164	0
6	164	0
7	164	0
8	164	0
9	164	0
10	164	0
11	164	0
12	164	0
13	164	0
14	164	0
15	164	0
16	164	0
17	164	0
18	164	0
19	164	0
20	164	0
21	164	0
22	164	0
23	164	0
0	165	0
1	165	0
2	165	0
3	165	0
4	165	0
5	165	0
6	165	0
7	165	0
8	165	0
9	165	0
10	165	0
11	165	0
12	165	0
13	165	0
14	165	0
15	165	0
16	165	13
17	165	7
18	165	0
19	165	0
20	165	0
21	165	0
22	165	0
23	165	0
0	166	0
1	166	0
2	166	0
3	166	0
4	166	0
5	166	0
6	166	0
7	166	0
8	166	0
9	166	0
10	166	0
11	166	0
12	166	0
13	166	0
14	166	0
15	166	0
16	166	0
17	166	0
18	166	0
19	166	0
20	166	0
21	166	0
22	166	0
23	166	0
0	167	0
1	167	1
2	167	1
3	167	0
4	167	1
5	167	1
6	167	1
7	167	1
8	167	1
9	167	1
10	167	1
11	167	1
12	167	1
13	167	1
14	167	0
15	167	1
16	167	1
17	167	1
18	167	0
19	167	0
20	167	0
21	167	0
22	167	1
23	167	1
0	168	0
1	168	1
2	168	0
3	168	0
4	168	0
5	168	0
6	168	0
7	168	0
8	168	0
9	168	1
10	168	0
11	168	1
12	168	1
13	168	1
14	168	2
15	168	1
16	168	0
17	168	1
18	168	0
19	168	0
20	168	0
21	168	0
22	168	0
23	168	0
0	169	1
1	169	1
2	169	0
3	169	0
4	169	0
5	169	1
6	169	0
7	169	1
8	169	1
9	169	1
10	169	0
11	169	1
12	169	1
13	169	1
14	169	1
15	169	1
16	169	1
17	169	1
18	169	1
19	169	0
20	169	0
21	169	1
22	169	0
23	169	0
0	170	0
1	170	0
2	170	0
3	170	0
4	170	0
5	170	0
6	170	0
7	170	0
8	170	0
9	170	0
10	170	0
11	170	0
12	170	0
13	170	0
14	170	0
15	170	0
16	170	0
17	170	0
18	170	0
19	170	0
20	170	0
21	170	0
22	170	0
23	170	0
0	171	1
1	171	0
2	171	0
3	171	1
4	171	1
5	171	0
6	171	0
7	171	1
8	171	0
9	171	0
10	171	1
11	171	0
12	171	0
13	171	0
14	171	0
15	171	0
16	171	1
17	171	1
18	171	2
19	171	0
20	171	0
21	171	0
22	171	1
23	171	0
0	172	0
1	172	1
2	172	1
3	172	0
4	172	1
5	172	0
6	172	1
7	172	0
8	172	0
9	172	1
10	172	1
11	172	1
12	172	0
13	172	1
14	172	0
15	172	0
16	172	1
17	172	0
18	172	0
19	172	0
20	172	0
21	172	0
22	172	0
23	172	0
0	173	0
1	173	0
2	173	0
3	173	0
4	173	0
5	173	0
6	173	0
7	173	0
8	173	0
9	173	0
10	173	0
11	173	0
12	173	0
13	173	0
14	173	0
15	173	0
16	173	0
17	173	0
18	173	0
19	173	0
20	173	0
21	173	0
22	173	0
23	173	0
0	174	0
1	174	0
2	174	0
3	174	0
4	174	0
5	174	0
6	174	0
7	174	0
8	174	0
9	174	0
10	174	0
11	174	0
12	174	0
13	174	0
14	174	0
15	174	0
16	174	0
17	174	0
18	174	0
19	174	0
20	174	0
21	174	0
22	174	0
23	174	0
0	175	0
1	175	0
2	175	0
3	175	0
4	175	0
5	175	0
6	175	0
7	175	0
8	175	0
9	175	0
10	175	0
11	175	0
12	175	0
13	175	0
14	175	0
15	175	0
16	175	0
17	175	0
18	175	0
19	175	0
20	175	0
21	175	0
22	175	0
23	175	0
0	176	0
1	176	0
2	176	0
3	176	0
4	176	0
5	176	0
6	176	0
7	176	0
8	176	0
9	176	0
10	176	0
11	176	0
12	176	0
13	176	0
14	176	0
15	176	0
16	176	0
17	176	0
18	176	0
19	176	0
20	176	0
21	176	0
22	176	0
23	176	0
0	177	0
1	177	1
2	177	0
3	177	1
4	177	0
5	177	0
6	177	1
7	177	0
8	177	0
9	177	0
10	177	1
11	177	0
12	177	0
13	177	0
14	177	0
15	177	0
16	177	0
17	177	1
18	177	0
19	177	0
20	177	0
21	177	0
22	177	0
23	177	0
0	178	0
1	178	0
2	178	0
3	178	0
4	178	0
5	178	0
6	178	0
7	178	0
8	178	0
9	178	0
10	178	0
11	178	0
12	178	0
13	178	0
14	178	0
15	178	0
16	178	0
17	178	0
18	178	0
19	178	0
20	178	0
21	178	0
22	178	0
23	178	0
0	179	0
1	179	0
2	179	0
3	179	0
4	179	0
5	179	0
6	179	0
7	179	0
8	179	0
9	179	0
10	179	0
11	179	0
12	179	0
13	179	0
14	179	0
15	179	0
16	179	0
17	179	0
18	179	0
19	179	0
20	179	0
21	179	0
22	179	0
23	179	0
0	180	0
1	180	0
2	180	0
3	180	0
4	180	0
5	180	0
6	180	0
7	180	0
8	180	0
9	180	0
10	180	0
11	180	0
12	180	0
13	180	0
14	180	4
15	180	0
16	180	0
17	180	0
18	180	0
19	180	0
20	180	0
21	180	0
22	180	0
23	180	0
0	181	0
1	181	0
2	181	0
3	181	0
4	181	0
5	181	0
6	181	0
7	181	0
8	181	0
9	181	0
10	181	0
11	181	0
12	181	0
13	181	0
14	181	0
15	181	0
16	181	0
17	181	0
18	181	0
19	181	0
20	181	0
21	181	0
22	181	0
23	181	0
0	182	0
1	182	0
2	182	0
3	182	0
4	182	0
5	182	0
6	182	0
7	182	0
8	182	0
9	182	0
10	182	0
11	182	2
12	182	2
13	182	0
14	182	0
15	182	0
16	182	0
17	182	0
18	182	0
19	182	0
20	182	0
21	182	0
22	182	0
23	182	0
0	183	0
1	183	0
2	183	0
3	183	0
4	183	0
5	183	0
6	183	0
7	183	0
8	183	0
9	183	0
10	183	0
11	183	0
12	183	0
13	183	0
14	183	0
15	183	0
16	183	0
17	183	0
18	183	0
19	183	0
20	183	0
21	183	0
22	183	0
23	183	0
0	184	0
1	184	0
2	184	0
3	184	4
4	184	0
5	184	0
6	184	0
7	184	0
8	184	0
9	184	0
10	184	0
11	184	0
12	184	0
13	184	0
14	184	0
15	184	0
16	184	0
17	184	0
18	184	0
19	184	0
20	184	0
21	184	0
22	184	0
23	184	0
0	185	2
1	185	0
2	185	0
3	185	0
4	185	0
5	185	0
6	185	0
7	185	0
8	185	0
9	185	0
10	185	0
11	185	0
12	185	0
13	185	0
14	185	0
15	185	0
16	185	0
17	185	0
18	185	0
19	185	0
20	185	0
21	185	0
22	185	0
23	185	0
0	186	0
1	186	0
2	186	0
3	186	0
4	186	0
5	186	0
6	186	0
7	186	0
8	186	0
9	186	0
10	186	0
11	186	1
12	186	1
13	186	0
14	186	0
15	186	0
16	186	0
17	186	0
18	186	0
19	186	0
20	186	0
21	186	0
22	186	0
23	186	1
0	187	0
1	187	0
2	187	0
3	187	0
4	187	0
5	187	0
6	187	0
7	187	0
8	187	0
9	187	0
10	187	0
11	187	0
12	187	0
13	187	0
14	187	0
15	187	0
16	187	0
17	187	0
18	187	0
19	187	0
20	187	0
21	187	0
22	187	0
23	187	0
0	188	0
1	188	0
2	188	0
3	188	0
4	188	0
5	188	0
6	188	2
7	188	0
8	188	0
9	188	1
10	188	0
11	188	2
12	188	1
13	188	0
14	188	0
15	188	1
16	188	0
17	188	0
18	188	1
19	188	1
20	188	0
21	188	0
22	188	0
23	188	0
0	189	0
1	189	0
2	189	0
3	189	0
4	189	0
5	189	0
6	189	0
7	189	0
8	189	0
9	189	0
10	189	0
11	189	0
12	189	0
13	189	0
14	189	0
15	189	0
16	189	0
17	189	0
18	189	0
19	189	0
20	189	0
21	189	0
22	189	0
23	189	0
0	190	0
1	190	0
2	190	0
3	190	0
4	190	0
5	190	0
6	190	0
7	190	0
8	190	3
9	190	0
10	190	3
11	190	3
12	190	0
13	190	0
14	190	0
15	190	0
16	190	0
17	190	6
18	190	0
19	190	0
20	190	0
21	190	0
22	190	0
23	190	0
0	191	0
1	191	0
2	191	0
3	191	0
4	191	0
5	191	0
6	191	0
7	191	0
8	191	0
9	191	0
10	191	0
11	191	0
12	191	0
13	191	0
14	191	0
15	191	0
16	191	0
17	191	0
18	191	0
19	191	0
20	191	0
21	191	0
22	191	0
23	191	0
0	192	0
1	192	0
2	192	0
3	192	0
4	192	0
5	192	0
6	192	20
7	192	0
8	192	0
9	192	0
10	192	0
11	192	0
12	192	0
13	192	0
14	192	0
15	192	0
16	192	0
17	192	0
18	192	0
19	192	0
20	192	0
21	192	0
22	192	0
23	192	0
0	193	0
1	193	0
2	193	0
3	193	0
4	193	0
5	193	0
6	193	0
7	193	0
8	193	0
9	193	0
10	193	0
11	193	0
12	193	0
13	193	0
14	193	0
15	193	0
16	193	0
17	193	0
18	193	0
19	193	0
20	193	0
21	193	0
22	193	0
23	193	0
0	194	0
1	194	0
2	194	0
3	194	0
4	194	0
5	194	0
6	194	0
7	194	20
8	194	38
9	194	0
10	194	0
11	194	0
12	194	0
13	194	0
14	194	0
15	194	0
16	194	0
17	194	0
18	194	0
19	194	0
20	194	0
21	194	0
22	194	0
23	194	0
0	195	0
1	195	0
2	195	0
3	195	0
4	195	0
5	195	0
6	195	0
7	195	0
8	195	0
9	195	0
10	195	0
11	195	0
12	195	0
13	195	0
14	195	0
15	195	0
16	195	0
17	195	0
18	195	0
19	195	0
20	195	0
21	195	0
22	195	0
23	195	0
0	196	0
1	196	0
2	196	0
3	196	0
4	196	0
5	196	0
6	196	0
7	196	0
8	196	0
9	196	0
10	196	0
11	196	0
12	196	0
13	196	0
14	196	0
15	196	0
16	196	0
17	196	0
18	196	0
19	196	0
20	196	0
21	196	0
22	196	0
23	196	0
0	197	0
1	197	0
2	197	0
3	197	0
4	197	0
5	197	0
6	197	0
7	197	0
8	197	0
9	197	0
10	197	0
11	197	0
12	197	0
13	197	0
14	197	0
15	197	0
16	197	0
17	197	0
18	197	0
19	197	0
20	197	0
21	197	0
22	197	0
23	197	0
0	198	2
1	198	2
2	198	0
3	198	0
4	198	0
5	198	0
6	198	1
7	198	2
8	198	1
9	198	2
10	198	0
11	198	1
12	198	1
13	198	1
14	198	0
15	198	1
16	198	0
17	198	0
18	198	0
19	198	0
20	198	0
21	198	0
22	198	0
23	198	0
0	199	0
1	199	0
2	199	6
3	199	0
4	199	0
5	199	0
6	199	0
7	199	0
8	199	0
9	199	6
10	199	0
11	199	0
12	199	0
13	199	0
14	199	6
15	199	0
16	199	0
17	199	0
18	199	0
19	199	0
20	199	0
21	199	0
22	199	0
23	199	0
0	200	1
1	200	1
2	200	0
3	200	0
4	200	0
5	200	0
6	200	0
7	200	1
8	200	1
9	200	0
10	200	0
11	200	1
12	200	0
13	200	1
14	200	0
15	200	0
16	200	0
17	200	0
18	200	0
19	200	0
20	200	0
21	200	0
22	200	0
23	200	0
0	201	0
1	201	0
2	201	0
3	201	0
4	201	0
5	201	3
6	201	0
7	201	0
8	201	0
9	201	0
10	201	0
11	201	0
12	201	0
13	201	0
14	201	0
15	201	0
16	201	0
17	201	0
18	201	0
19	201	0
20	201	0
21	201	0
22	201	0
23	201	0
0	202	0
1	202	0
2	202	0
3	202	0
4	202	0
5	202	0
6	202	0
7	202	0
8	202	0
9	202	0
10	202	0
11	202	0
12	202	0
13	202	0
14	202	0
15	202	0
16	202	0
17	202	0
18	202	0
19	202	0
20	202	0
21	202	0
22	202	0
23	202	0
0	203	0
1	203	0
2	203	0
3	203	0
4	203	0
5	203	0
6	203	0
7	203	0
8	203	0
9	203	0
10	203	0
11	203	1
12	203	0
13	203	1
14	203	0
15	203	0
16	203	1
17	203	0
18	203	0
19	203	0
20	203	0
21	203	0
22	203	0
23	203	0
0	204	0
1	204	0
2	204	12
3	204	0
4	204	0
5	204	12
6	204	0
7	204	0
8	204	12
9	204	0
10	204	0
11	204	0
12	204	0
13	204	0
14	204	0
15	204	0
16	204	0
17	204	0
18	204	0
19	204	0
20	204	0
21	204	0
22	204	0
23	204	0
0	205	0
1	205	0
2	205	0
3	205	0
4	205	0
5	205	0
6	205	0
7	205	0
8	205	0
9	205	0
10	205	0
11	205	0
12	205	0
13	205	0
14	205	0
15	205	0
16	205	0
17	205	0
18	205	0
19	205	0
20	205	0
21	205	0
22	205	0
23	205	0
0	206	1
1	206	0
2	206	1
3	206	1
4	206	0
5	206	0
6	206	0
7	206	0
8	206	1
9	206	0
10	206	1
11	206	0
12	206	1
13	206	1
14	206	0
15	206	0
16	206	0
17	206	0
18	206	0
19	206	0
20	206	0
21	206	0
22	206	0
23	206	0
0	207	0
1	207	0
2	207	0
3	207	0
4	207	0
5	207	0
6	207	0
7	207	0
8	207	0
9	207	0
10	207	0
11	207	0
12	207	0
13	207	0
14	207	0
15	207	0
16	207	0
17	207	0
18	207	0
19	207	0
20	207	0
21	207	0
22	207	0
23	207	0
0	208	0
1	208	0
2	208	0
3	208	0
4	208	0
5	208	0
6	208	0
7	208	0
8	208	0
9	208	0
10	208	0
11	208	0
12	208	0
13	208	0
14	208	0
15	208	0
16	208	0
17	208	0
18	208	0
19	208	0
20	208	0
21	208	0
22	208	0
23	208	0
0	209	0
1	209	0
2	209	0
3	209	0
4	209	0
5	209	0
6	209	2
7	209	0
8	209	0
9	209	0
10	209	0
11	209	0
12	209	0
13	209	0
14	209	0
15	209	0
16	209	0
17	209	0
18	209	0
19	209	0
20	209	0
21	209	0
22	209	0
23	209	0
