Counts for Samsung(12) in Republic of Korea(36):
Hour	Location Index	Count
0	0	8
1	0	12
2	0	12
3	0	5
4	0	31
5	0	16
6	0	8
7	0	27
8	0	48
9	0	24
10	0	38
11	0	27
12	0	38
13	0	45
14	0	31
15	0	20
16	0	12
17	0	5
18	0	12
19	0	8
20	0	8
21	0	0
22	0	24
23	0	16
0	1	15
1	1	34
2	1	15
3	1	40
4	1	40
5	1	0
6	1	8
7	1	46
8	1	46
9	1	0
10	1	34
11	1	34
12	1	15
13	1	34
14	1	8
15	1	40
16	1	34
17	1	40
18	1	28
19	1	34
20	1	28
21	1	28
22	1	21
23	1	15
0	2	45
1	2	18
2	2	14
3	2	45
4	2	18
5	2	38
6	2	18
7	2	14
8	2	22
9	2	26
10	2	38
11	2	30
12	2	79
13	2	59
14	2	49
15	2	14
16	2	5
17	2	0
18	2	5
19	2	0
20	2	0
21	2	5
22	2	30
23	2	38
0	3	0
1	3	48
2	3	13
3	3	13
4	3	37
5	3	48
6	3	58
7	3	13
8	3	37
9	3	25
10	3	58
11	3	13
12	3	13
13	3	37
14	3	0
15	3	13
16	3	13
17	3	0
18	3	13
19	3	0
20	3	0
21	3	58
22	3	0
23	3	13
0	4	0
1	4	0
2	4	0
3	4	0
4	4	0
5	4	0
6	4	0
7	4	0
8	4	0
9	4	0
10	4	0
11	4	0
12	4	0
13	4	0
14	4	0
15	4	0
16	4	0
17	4	0
18	4	0
19	4	0
20	4	0
21	4	0
22	4	0
23	4	0
0	5	32
1	5	11
2	5	0
3	5	0
4	5	0
5	5	0
6	5	0
7	5	41
8	5	22
9	5	32
10	5	50
11	5	67
12	5	75
13	5	67
14	5	11
15	5	32
16	5	0
17	5	0
18	5	0
19	5	0
20	5	11
21	5	0
22	5	22
23	5	32
0	6	0
1	6	0
2	6	0
3	6	0
4	6	0
5	6	0
6	6	64
7	6	0
8	6	0
9	6	0
10	6	0
11	6	0
12	6	0
13	6	0
14	6	0
15	6	64
16	6	0
17	6	0
18	6	0
19	6	0
20	6	0
21	6	0
22	6	0
23	6	0
0	7	33
1	7	44
2	7	39
3	7	52
4	7	34
5	7	33
6	7	48
7	7	39
8	7	42
9	7	42
10	7	44
11	7	42
12	7	37
13	7	37
14	7	26
15	7	23
16	7	11
17	7	9
18	7	9
19	7	7
20	7	9
21	7	19
22	7	33
23	7	29
0	8	55
1	8	53
2	8	38
3	8	43
4	8	43
5	8	31
6	8	23
7	8	43
8	8	53
9	8	36
10	8	25
11	8	38
12	8	17
13	8	23
14	8	28
15	8	12
16	8	9
17	8	3
18	8	3
19	8	15
20	8	15
21	8	12
22	8	20
23	8	60
0	9	67
1	9	25
2	9	36
3	9	13
4	9	25
5	9	13
6	9	25
7	9	13
8	9	58
9	9	25
10	9	47
11	9	25
12	9	47
13	9	130
14	9	13
15	9	13
16	9	13
17	9	0
18	9	0
19	9	0
20	9	13
21	9	13
22	9	47
23	9	94
0	10	10
1	10	20
2	10	6
3	10	6
4	10	20
5	10	10
6	10	29
7	10	10
8	10	25
9	10	25
10	10	20
11	10	6
12	10	29
13	10	25
14	10	10
15	10	6
16	10	0
17	10	0
18	10	6
19	10	34
20	10	25
21	10	10
22	10	0
23	10	6
0	11	0
1	11	0
2	11	0
3	11	0
4	11	0
5	11	0
6	11	0
7	11	0
8	11	0
9	11	0
10	11	0
11	11	0
12	11	0
13	11	0
14	11	0
15	11	0
16	11	0
17	11	0
18	11	0
19	11	0
20	11	0
21	11	0
22	11	0
23	11	0
0	12	37
1	12	40
2	12	36
3	12	43
4	12	34
5	12	32
6	12	38
7	12	39
8	12	33
9	12	40
10	12	47
11	12	47
12	12	48
13	12	51
14	12	39
15	12	25
16	12	17
17	12	13
18	12	7
19	12	5
20	12	6
21	12	17
22	12	33
23	12	35
0	13	36
1	13	13
2	13	57
3	13	13
4	13	13
5	13	36
6	13	25
7	13	47
8	13	36
9	13	36
10	13	36
11	13	36
12	13	25
13	13	47
14	13	36
15	13	0
16	13	0
17	13	13
18	13	13
19	13	13
20	13	0
21	13	25
22	13	0
23	13	57
0	14	0
1	14	0
2	14	0
3	14	0
4	14	0
5	14	0
6	14	0
7	14	0
8	14	0
9	14	0
10	14	0
11	14	0
12	14	0
13	14	0
14	14	201
15	14	0
16	14	0
17	14	0
18	14	0
19	14	0
20	14	0
21	14	201
22	14	0
23	14	0
0	15	23
1	15	27
2	15	8
3	15	20
4	15	3
5	15	25
6	15	27
7	15	8
8	15	34
9	15	27
10	15	23
11	15	45
12	15	29
13	15	45
14	15	27
15	15	25
16	15	23
17	15	3
18	15	8
19	15	13
20	15	20
21	15	11
22	15	15
23	15	18
0	16	0
1	16	0
2	16	0
3	16	0
4	16	0
5	16	0
6	16	68
7	16	0
8	16	0
9	16	68
10	16	0
11	16	0
12	16	0
13	16	68
14	16	0
15	16	0
16	16	0
17	16	0
18	16	0
19	16	0
20	16	0
21	16	0
22	16	0
23	16	0
0	17	27
1	17	31
2	17	26
3	17	39
4	17	28
5	17	25
6	17	31
7	17	28
8	17	32
9	17	34
10	17	36
11	17	38
12	17	39
13	17	38
14	17	31
15	17	23
16	17	14
17	17	10
18	17	8
19	17	6
20	17	8
21	17	14
22	17	27
23	17	27
0	18	23
1	18	23
2	18	20
3	18	31
4	18	44
5	18	46
6	18	52
7	18	50
8	18	56
9	18	50
10	18	52
11	18	59
12	18	47
13	18	45
14	18	40
15	18	24
16	18	21
17	18	11
18	18	13
19	18	14
20	18	15
21	18	14
22	18	14
23	18	19
0	19	18
1	19	34
2	19	49
3	19	34
4	19	0
5	19	18
6	19	34
7	19	18
8	19	34
9	19	18
10	19	0
11	19	18
12	19	0
13	19	0
14	19	0
15	19	0
16	19	0
17	19	0
18	19	0
19	19	0
20	19	0
21	19	0
22	19	0
23	19	0
0	20	0
1	20	0
2	20	0
3	20	58
4	20	103
5	20	0
6	20	0
7	20	58
8	20	0
9	20	164
10	20	0
11	20	0
12	20	0
13	20	0
14	20	0
15	20	0
16	20	0
17	20	0
18	20	0
19	20	0
20	20	0
21	20	0
22	20	0
23	20	0
0	21	21
1	21	25
2	21	22
3	21	21
4	21	37
5	21	28
6	21	30
7	21	18
8	21	31
9	21	32
10	21	28
11	21	65
12	21	37
13	21	35
14	21	46
15	21	46
16	21	28
17	21	13
18	21	5
19	21	7
20	21	10
21	21	13
22	21	22
23	21	25
0	22	0
1	22	0
2	22	0
3	22	0
4	22	0
5	22	0
6	22	0
7	22	0
8	22	230
9	22	0
10	22	0
11	22	0
12	22	0
13	22	0
14	22	0
15	22	0
16	22	0
17	22	0
18	22	0
19	22	0
20	22	0
21	22	0
22	22	0
23	22	0
0	23	0
1	23	77
2	23	0
3	23	0
4	23	0
5	23	0
6	23	0
7	23	0
8	23	0
9	23	0
10	23	77
11	23	0
12	23	0
13	23	77
14	23	0
15	23	77
16	23	0
17	23	234
18	23	0
19	23	0
20	23	0
21	23	0
22	23	0
23	23	0
0	24	24
1	24	36
2	24	34
3	24	10
4	24	36
5	24	31
6	24	22
7	24	34
8	24	36
9	24	20
10	24	50
11	24	46
12	24	40
13	24	40
14	24	26
15	24	24
16	24	10
17	24	5
18	24	3
19	24	5
20	24	16
21	24	20
22	24	29
23	24	12
0	25	0
1	25	0
2	25	0
3	25	0
4	25	0
5	25	0
6	25	0
7	25	0
8	25	253
9	25	0
10	25	0
11	25	0
12	25	0
13	25	0
14	25	0
15	25	0
16	25	0
17	25	0
18	25	0
19	25	0
20	25	0
21	25	0
22	25	0
23	25	0
0	26	0
1	26	49
2	26	0
3	26	0
4	26	49
5	26	49
6	26	49
7	26	0
8	26	0
9	26	0
10	26	0
11	26	88
12	26	49
13	26	0
14	26	0
15	26	88
16	26	0
17	26	0
18	26	0
19	26	0
20	26	0
21	26	0
22	26	0
23	26	119
0	27	28
1	27	32
2	27	29
3	27	44
4	27	28
5	27	31
6	27	39
7	27	32
8	27	32
9	27	29
10	27	42
11	27	49
12	27	29
13	27	31
14	27	23
15	27	18
16	27	21
17	27	6
18	27	9
19	27	8
20	27	9
21	27	9
22	27	29
23	27	19
0	28	0
1	28	0
2	28	0
3	28	0
4	28	0
5	28	0
6	28	154
7	28	0
8	28	0
9	28	0
10	28	0
11	28	0
12	28	0
13	28	0
14	28	0
15	28	0
16	28	0
17	28	0
18	28	0
19	28	0
20	28	0
21	28	0
22	28	0
23	28	215
0	29	23
1	29	53
2	29	31
3	29	45
4	29	26
5	29	24
6	29	25
7	29	29
8	29	35
9	29	38
10	29	43
11	29	44
12	29	32
13	29	58
14	29	38
15	29	22
16	29	17
17	29	8
18	29	11
19	29	4
20	29	8
21	29	19
22	29	31
23	29	32
0	30	20
1	30	39
2	30	56
3	30	20
4	30	20
5	30	56
6	30	30
7	30	30
8	30	20
9	30	30
10	30	30
11	30	48
12	30	39
13	30	56
14	30	39
15	30	11
16	30	11
17	30	20
18	30	0
19	30	20
20	30	0
21	30	20
22	30	39
23	30	39
0	31	28
1	31	28
2	31	15
3	31	28
4	31	40
5	31	0
6	31	28
7	31	15
8	31	28
9	31	15
10	31	52
11	31	28
12	31	15
13	31	40
14	31	0
15	31	15
16	31	15
17	31	15
18	31	0
19	31	15
20	31	0
21	31	40
22	31	15
23	31	40
0	32	46
1	32	34
2	32	34
3	32	25
4	32	15
5	32	25
6	32	29
7	32	34
8	32	38
9	32	20
10	32	42
11	32	34
12	32	70
13	32	51
14	32	25
15	32	34
16	32	0
17	32	15
18	32	10
19	32	0
20	32	0
21	32	6
22	32	6
23	32	15
0	33	0
1	33	0
2	33	0
3	33	0
4	33	0
5	33	0
6	33	0
7	33	0
8	33	0
9	33	0
10	33	0
11	33	0
12	33	0
13	33	253
14	33	0
15	33	0
16	33	0
17	33	0
18	33	0
19	33	0
20	33	0
21	33	0
22	33	0
23	33	0
0	34	26
1	34	19
2	34	24
3	34	16
4	34	20
5	34	22
6	34	23
7	34	23
8	34	30
9	34	25
10	34	28
11	34	41
12	34	41
13	34	50
14	34	46
15	34	30
16	34	19
17	34	15
18	34	8
19	34	5
20	34	5
21	34	18
22	34	21
23	34	23
0	35	0
1	35	55
2	35	0
3	35	0
4	35	55
5	35	0
6	35	0
7	35	0
8	35	55
9	35	55
10	35	0
11	35	0
12	35	0
13	35	0
14	35	0
15	35	55
16	35	55
17	35	0
18	35	0
19	35	0
20	35	0
21	35	0
22	35	98
23	35	98
0	36	40
1	36	74
2	36	0
3	36	0
4	36	0
5	36	0
6	36	74
7	36	0
8	36	0
9	36	0
10	36	40
11	36	40
12	36	40
13	36	0
14	36	0
15	36	0
16	36	0
17	36	0
18	36	0
19	36	0
20	36	0
21	36	0
22	36	40
23	36	74
0	37	0
1	37	0
2	37	14
3	37	39
4	37	27
5	37	51
6	37	27
7	37	39
8	37	0
9	37	27
10	37	0
11	37	14
12	37	14
13	37	27
14	37	14
15	37	0
16	37	27
17	37	27
18	37	14
19	37	0
20	37	0
21	37	0
22	37	0
23	37	0
0	38	23
1	38	21
2	38	19
3	38	16
4	38	20
5	38	14
6	38	16
7	38	16
8	38	28
9	38	28
10	38	21
11	38	33
12	38	26
13	38	30
14	38	23
15	38	13
16	38	9
17	38	5
18	38	5
19	38	7
20	38	8
21	38	13
22	38	19
23	38	26
0	39	42
1	39	33
2	39	37
3	39	35
4	39	35
5	39	30
6	39	30
7	39	35
8	39	36
9	39	33
10	39	43
11	39	39
12	39	51
13	39	41
14	39	27
15	39	25
16	39	13
17	39	11
18	39	7
19	39	5
20	39	13
21	39	14
22	39	24
23	39	37
0	40	0
1	40	45
2	40	0
3	40	24
4	40	0
5	40	0
6	40	0
7	40	0
8	40	0
9	40	0
10	40	82
11	40	24
12	40	0
13	40	0
14	40	0
15	40	24
16	40	0
17	40	0
18	40	0
19	40	24
20	40	24
21	40	0
22	40	24
23	40	0
0	41	52
1	41	36
2	41	0
3	41	0
4	41	0
5	41	0
6	41	0
7	41	36
8	41	81
9	41	93
10	41	36
11	41	36
12	41	67
13	41	105
14	41	36
15	41	0
16	41	36
17	41	52
18	41	19
19	41	0
20	41	0
21	41	19
22	41	0
23	41	36
0	42	0
1	42	0
2	42	0
3	42	0
4	42	0
5	42	0
6	42	0
7	42	0
8	42	175
9	42	0
10	42	0
11	42	230
12	42	0
13	42	0
14	42	0
15	42	0
16	42	0
17	42	0
18	42	0
19	42	0
20	42	0
21	42	175
22	42	0
23	42	0
0	43	23
1	43	23
2	43	12
3	43	33
4	43	0
5	43	12
6	43	33
7	43	33
8	43	43
9	43	0
10	43	70
11	43	52
12	43	33
13	43	12
14	43	0
15	43	62
16	43	12
17	43	12
18	43	0
19	43	0
20	43	0
21	43	0
22	43	23
23	43	12
0	44	28
1	44	18
2	44	18
3	44	28
4	44	28
5	44	25
6	44	35
7	44	22
8	44	32
9	44	50
10	44	32
11	44	47
12	44	44
13	44	47
14	44	38
15	44	38
16	44	22
17	44	0
18	44	4
19	44	8
20	44	0
21	44	11
22	44	32
23	44	32
0	45	0
1	45	0
2	45	201
3	45	0
4	45	0
5	45	0
6	45	0
7	45	0
8	45	0
9	45	201
10	45	0
11	45	0
12	45	0
13	45	0
14	45	0
15	45	0
16	45	0
17	45	0
18	45	0
19	45	0
20	45	0
21	45	0
22	45	0
23	45	0
0	46	27
1	46	50
2	46	41
3	46	50
4	46	22
5	46	31
6	46	27
7	46	34
8	46	54
9	46	27
10	46	41
11	46	45
12	46	52
13	46	43
14	46	39
15	46	45
16	46	3
17	46	14
18	46	11
19	46	0
20	46	0
21	46	16
22	46	14
23	46	19
0	47	44
1	47	28
2	47	32
3	47	26
4	47	18
5	47	31
6	47	22
7	47	27
8	47	24
9	47	46
10	47	52
11	47	46
12	47	48
13	47	49
14	47	33
15	47	26
16	47	10
17	47	16
18	47	6
19	47	8
20	47	3
21	47	9
22	47	24
23	47	41
0	48	0
1	48	0
2	48	0
3	48	0
4	48	0
5	48	88
6	48	0
7	48	0
8	48	0
9	48	0
10	48	88
11	48	0
12	48	0
13	48	0
14	48	88
15	48	0
16	48	0
17	48	0
18	48	0
19	48	0
20	48	0
21	48	0
22	48	88
23	48	0
0	49	0
1	49	0
2	49	0
3	49	29
4	49	0
5	49	29
6	49	0
7	49	0
8	49	0
9	49	0
10	49	29
11	49	0
12	49	0
13	49	0
14	49	54
15	49	29
16	49	0
17	49	0
18	49	0
19	49	0
20	49	0
21	49	0
22	49	0
23	49	0
0	50	54
1	50	62
2	50	20
3	50	32
4	50	23
5	50	26
6	50	46
7	50	29
8	50	23
9	50	26
10	50	54
11	50	52
12	50	44
13	50	88
14	50	57
15	50	26
16	50	10
17	50	29
18	50	0
19	50	4
20	50	4
21	50	10
22	50	38
23	50	32
0	51	29
1	51	30
2	51	27
3	51	34
4	51	27
5	51	26
6	51	30
7	51	27
8	51	30
9	51	31
10	51	33
11	51	35
12	51	36
13	51	36
14	51	33
15	51	25
16	51	16
17	51	11
18	51	8
19	51	6
20	51	8
21	51	14
22	51	24
23	51	27
0	52	0
1	52	0
2	52	0
3	52	0
4	52	0
5	52	0
6	52	0
7	52	0
8	52	0
9	52	0
10	52	0
11	52	0
12	52	0
13	52	0
14	52	0
15	52	0
16	52	0
17	52	0
18	52	0
19	52	0
20	52	0
21	52	0
22	52	0
23	52	0
0	53	39
1	53	45
2	53	45
3	53	33
4	53	31
5	53	18
6	53	29
7	53	26
8	53	29
9	53	44
10	53	52
11	53	61
12	53	48
13	53	52
14	53	45
15	53	23
16	53	19
17	53	5
18	53	7
19	53	5
20	53	12
21	53	21
22	53	42
23	53	32
0	54	34
1	54	29
2	54	21
3	54	21
4	54	42
5	54	25
6	54	44
7	54	38
8	54	25
9	54	53
10	54	27
11	54	44
12	54	55
13	54	68
14	54	46
15	54	34
16	54	10
17	54	19
18	54	5
19	54	5
20	54	7
21	54	16
22	54	27
23	54	23
0	55	43
1	55	30
2	55	36
3	55	28
4	55	28
5	55	28
6	55	25
7	55	25
8	55	35
9	55	33
10	55	44
11	55	49
12	55	45
13	55	66
14	55	49
15	55	35
16	55	14
17	55	13
18	55	8
19	55	7
20	55	6
21	55	13
22	55	27
23	55	40
0	56	17
1	56	17
2	56	34
3	56	24
4	56	19
5	56	14
6	56	17
7	56	24
8	56	14
9	56	17
10	56	61
11	56	55
12	56	29
13	56	55
14	56	57
15	56	19
16	56	17
17	56	9
18	56	9
19	56	6
20	56	24
21	56	19
22	56	29
23	56	32
0	57	0
1	57	0
2	57	0
3	57	0
4	57	0
5	57	0
6	57	253
7	57	0
8	57	0
9	57	0
10	57	0
11	57	0
12	57	0
13	57	0
14	57	0
15	57	0
16	57	0
17	57	0
18	57	0
19	57	0
20	57	0
21	57	0
22	57	0
23	57	0
0	58	0
1	58	14
2	58	51
3	58	27
4	58	0
5	58	0
6	58	51
7	58	14
8	58	14
9	58	73
10	58	27
11	58	27
12	58	40
13	58	14
14	58	51
15	58	14
16	58	40
17	58	0
18	58	0
19	58	0
20	58	0
21	58	14
22	58	51
23	58	0
0	59	0
1	59	0
2	59	0
3	59	175
4	59	0
5	59	0
6	59	0
7	59	0
8	59	0
9	59	0
10	59	0
11	59	0
12	59	0
13	59	0
14	59	0
15	59	0
16	59	0
17	59	0
18	59	0
19	59	0
20	59	0
21	59	0
22	59	0
23	59	0
0	60	68
1	60	0
2	60	0
3	60	0
4	60	0
5	60	0
6	60	0
7	60	0
8	60	118
9	60	0
10	60	0
11	60	118
12	60	68
13	60	154
14	60	0
15	60	0
16	60	0
17	60	0
18	60	0
19	60	0
20	60	0
21	60	0
22	60	0
23	60	0
0	61	0
1	61	0
2	61	0
3	61	0
4	61	0
5	61	0
6	61	0
7	61	0
8	61	0
9	61	0
10	61	0
11	61	0
12	61	0
13	61	0
14	61	0
15	61	112
16	61	0
17	61	0
18	61	0
19	61	0
20	61	0
21	61	0
22	61	0
23	61	0
0	62	28
1	62	15
2	62	0
3	62	0
4	62	28
5	62	0
6	62	15
7	62	28
8	62	15
9	62	28
10	62	0
11	62	64
12	62	15
13	62	53
14	62	15
15	62	15
16	62	0
17	62	0
18	62	0
19	62	0
20	62	0
21	62	0
22	62	0
23	62	0
0	63	0
1	63	0
2	63	0
3	63	0
4	63	0
5	63	0
6	63	0
7	63	0
8	63	0
9	63	0
10	63	0
11	63	0
12	63	0
13	63	230
14	63	0
15	63	0
16	63	0
17	63	0
18	63	0
19	63	0
20	63	0
21	63	0
22	63	0
23	63	0
0	64	50
1	64	52
2	64	46
3	64	35
4	64	22
5	64	27
6	64	32
7	64	28
8	64	27
9	64	40
10	64	44
11	64	56
12	64	62
13	64	51
14	64	42
15	64	25
16	64	11
17	64	8
18	64	10
19	64	3
20	64	10
21	64	19
22	64	34
23	64	38
0	65	0
1	65	0
2	65	118
3	65	0
4	65	0
5	65	0
6	65	0
7	65	37
8	65	0
9	65	0
10	65	0
11	65	0
12	65	0
13	65	0
14	65	37
15	65	68
16	65	37
17	65	118
18	65	37
19	65	37
20	65	0
21	65	0
22	65	37
23	65	0
0	66	0
1	66	39
2	66	39
3	66	0
4	66	0
5	66	0
6	66	39
7	66	0
8	66	0
9	66	39
10	66	0
11	66	0
12	66	39
13	66	100
14	66	0
15	66	0
16	66	0
17	66	0
18	66	0
19	66	0
20	66	0
21	66	39
22	66	0
23	66	0
0	67	33
1	67	40
2	67	25
3	67	33
4	67	47
5	67	33
6	67	25
7	67	40
8	67	25
9	67	40
10	67	47
11	67	61
12	67	111
13	67	40
14	67	47
15	67	9
16	67	25
17	67	0
18	67	9
19	67	17
20	67	0
21	67	33
22	67	25
23	67	17
0	68	0
1	68	0
2	68	0
3	68	0
4	68	0
5	68	0
6	68	0
7	68	0
8	68	0
9	68	0
10	68	0
11	68	0
12	68	0
13	68	0
14	68	0
15	68	253
16	68	0
17	68	0
18	68	0
19	68	0
20	68	0
21	68	0
22	68	0
23	68	0
0	69	201
1	69	0
2	69	0
3	69	0
4	69	0
5	69	0
6	69	0
7	69	0
8	69	0
9	69	0
10	69	0
11	69	0
12	69	0
13	69	0
14	69	0
15	69	201
16	69	0
17	69	0
18	69	0
19	69	0
20	69	0
21	69	0
22	69	0
23	69	0
0	70	0
1	70	0
2	70	0
3	70	164
4	70	0
5	70	103
6	70	0
7	70	0
8	70	0
9	70	0
10	70	0
11	70	0
12	70	0
13	70	0
14	70	0
15	70	0
16	70	0
17	70	0
18	70	0
19	70	0
20	70	0
21	70	0
22	70	0
23	70	0
0	71	12
1	71	12
2	71	13
3	71	10
4	71	7
5	71	10
6	71	10
7	71	9
8	71	15
9	71	20
10	71	16
11	71	15
12	71	18
13	71	28
14	71	20
15	71	17
16	71	7
17	71	7
18	71	4
19	71	3
20	71	4
21	71	7
22	71	14
23	71	12
0	72	48
1	72	48
2	72	0
3	72	25
4	72	0
5	72	68
6	72	48
7	72	48
8	72	48
9	72	48
10	72	0
11	72	0
12	72	25
13	72	0
14	72	25
15	72	0
16	72	0
17	72	0
18	72	0
19	72	0
20	72	86
21	72	0
22	72	25
23	72	103
0	73	38
1	73	28
2	73	32
3	73	34
4	73	24
5	73	28
6	73	33
7	73	33
8	73	36
9	73	63
10	73	64
11	73	50
12	73	62
13	73	57
14	73	63
15	73	21
16	73	15
17	73	11
18	73	0
19	73	2
20	73	0
21	73	17
22	73	47
23	73	29
0	74	13
1	74	17
2	74	9
3	74	29
4	74	29
5	74	9
6	74	5
7	74	9
8	74	29
9	74	47
10	74	47
11	74	32
12	74	29
13	74	32
14	74	40
15	74	9
16	74	0
17	74	9
18	74	5
19	74	13
20	74	13
21	74	36
22	74	29
23	74	17
0	75	26
1	75	26
2	75	30
3	75	25
4	75	34
5	75	27
6	75	31
7	75	27
8	75	34
9	75	36
10	75	42
11	75	39
12	75	53
13	75	42
14	75	30
15	75	23
16	75	16
17	75	11
18	75	5
19	75	6
20	75	13
21	75	10
22	75	24
23	75	42
0	76	0
1	76	53
2	76	28
3	76	75
4	76	28
5	76	53
6	76	53
7	76	0
8	76	28
9	76	75
10	76	75
11	76	95
12	76	75
13	76	53
14	76	28
15	76	28
16	76	0
17	76	0
18	76	0
19	76	0
20	76	0
21	76	0
22	76	0
23	76	0
0	77	0
1	77	0
2	77	175
3	77	0
4	77	0
5	77	0
6	77	0
7	77	0
8	77	0
9	77	0
10	77	0
11	77	0
12	77	175
13	77	0
14	77	0
15	77	0
16	77	0
17	77	0
18	77	0
19	77	0
20	77	0
21	77	0
22	77	0
23	77	0
