Counts for Apple(2) in Republic of Korea(36):
Hour	Location Index	Count
0	0	0
1	0	0
2	0	12
3	0	27
4	0	5
5	0	16
6	0	41
7	0	8
8	0	5
9	0	12
10	0	16
11	0	20
12	0	31
13	0	20
14	0	0
15	0	12
16	0	8
17	0	16
18	0	16
19	0	8
20	0	0
21	0	0
22	0	0
23	0	0
0	1	15
1	1	15
2	1	8
3	1	28
4	1	28
5	1	21
6	1	15
7	1	15
8	1	0
9	1	21
10	1	28
11	1	28
12	1	21
13	1	15
14	1	28
15	1	8
16	1	0
17	1	8
18	1	0
19	1	0
20	1	21
21	1	8
22	1	8
23	1	21
0	2	9
1	2	14
2	2	30
3	2	14
4	2	14
5	2	9
6	2	5
7	2	9
8	2	5
9	2	38
10	2	56
11	2	26
12	2	52
13	2	18
14	2	18
15	2	26
16	2	14
17	2	0
18	2	5
19	2	9
20	2	9
21	2	22
22	2	14
23	2	26
0	3	37
1	3	0
2	3	0
3	3	0
4	3	13
5	3	0
6	3	13
7	3	0
8	3	0
9	3	13
10	3	13
11	3	0
12	3	0
13	3	0
14	3	0
15	3	13
16	3	0
17	3	0
18	3	0
19	3	0
20	3	0
21	3	0
22	3	0
23	3	0
0	4	0
1	4	0
2	4	0
3	4	0
4	4	0
5	4	0
6	4	0
7	4	0
8	4	0
9	4	0
10	4	0
11	4	230
12	4	0
13	4	0
14	4	230
15	4	0
16	4	0
17	4	0
18	4	0
19	4	0
20	4	0
21	4	0
22	4	0
23	4	0
0	5	0
1	5	0
2	5	0
3	5	11
4	5	0
5	5	0
6	5	0
7	5	0
8	5	11
9	5	0
10	5	0
11	5	11
12	5	11
13	5	0
14	5	11
15	5	22
16	5	0
17	5	0
18	5	0
19	5	11
20	5	0
21	5	0
22	5	0
23	5	0
0	6	64
1	6	0
2	6	0
3	6	0
4	6	0
5	6	0
6	6	64
7	6	0
8	6	0
9	6	0
10	6	64
11	6	0
12	6	112
13	6	112
14	6	175
15	6	0
16	6	64
17	6	0
18	6	0
19	6	64
20	6	0
21	6	0
22	6	0
23	6	0
0	7	1
1	7	2
2	7	2
3	7	2
4	7	3
5	7	2
6	7	2
7	7	1
8	7	2
9	7	2
10	7	1
11	7	2
12	7	2
13	7	1
14	7	1
15	7	1
16	7	1
17	7	1
18	7	1
19	7	1
20	7	1
21	7	1
22	7	1
23	7	1
0	8	12
1	8	3
2	8	12
3	8	25
4	8	0
5	8	6
6	8	12
7	8	36
8	8	6
9	8	9
10	8	6
11	8	15
12	8	6
13	8	9
14	8	9
15	8	12
16	8	6
17	8	0
18	8	0
19	8	15
20	8	0
21	8	6
22	8	3
23	8	12
0	9	13
1	9	0
2	9	0
3	9	0
4	9	0
5	9	0
6	9	13
7	9	0
8	9	0
9	9	0
10	9	0
11	9	13
12	9	0
13	9	0
14	9	36
15	9	0
16	9	25
17	9	0
18	9	13
19	9	0
20	9	13
21	9	67
22	9	25
23	9	0
0	10	6
1	10	0
2	10	0
3	10	10
4	10	10
5	10	51
6	10	42
7	10	29
8	10	20
9	10	66
10	10	34
11	10	47
12	10	20
13	10	51
14	10	38
15	10	42
16	10	25
17	10	25
18	10	34
19	10	20
20	10	55
21	10	20
22	10	10
23	10	6
0	11	0
1	11	0
2	11	0
3	11	0
4	11	0
5	11	0
6	11	0
7	11	0
8	11	0
9	11	0
10	11	0
11	11	0
12	11	0
13	11	0
14	11	0
15	11	0
16	11	0
17	11	0
18	11	0
19	11	0
20	11	0
21	11	0
22	11	0
23	11	0
0	12	11
1	12	11
2	12	9
3	12	11
4	12	11
5	12	10
6	12	8
7	12	9
8	12	11
9	12	14
10	12	15
11	12	15
12	12	13
13	12	13
14	12	10
15	12	6
16	12	4
17	12	5
18	12	3
19	12	2
20	12	3
21	12	6
22	12	11
23	12	11
0	13	36
1	13	13
2	13	0
3	13	0
4	13	0
5	13	25
6	13	25
7	13	0
8	13	13
9	13	0
10	13	0
11	13	0
12	13	25
13	13	57
14	13	0
15	13	13
16	13	13
17	13	0
18	13	0
19	13	0
20	13	0
21	13	13
22	13	0
23	13	47
0	14	0
1	14	0
2	14	0
3	14	0
4	14	0
5	14	0
6	14	0
7	14	0
8	14	0
9	14	0
10	14	0
11	14	0
12	14	0
13	14	0
14	14	0
15	14	0
16	14	201
17	14	0
18	14	0
19	14	0
20	14	0
21	14	0
22	14	0
23	14	0
0	15	20
1	15	6
2	15	23
3	15	8
4	15	15
5	15	15
6	15	18
7	15	20
8	15	3
9	15	8
10	15	23
11	15	15
12	15	34
13	15	32
14	15	18
15	15	11
16	15	18
17	15	8
18	15	15
19	15	13
20	15	6
21	15	6
22	15	20
23	15	8
0	16	118
1	16	0
2	16	154
3	16	68
4	16	0
5	16	0
6	16	0
7	16	0
8	16	118
9	16	0
10	16	0
11	16	0
12	16	0
13	16	0
14	16	68
15	16	0
16	16	0
17	16	0
18	16	0
19	16	0
20	16	0
21	16	0
22	16	0
23	16	68
0	17	14
1	17	15
2	17	14
3	17	16
4	17	14
5	17	14
6	17	16
7	17	15
8	17	17
9	17	17
10	17	18
11	17	19
12	17	19
13	17	20
14	17	18
15	17	14
16	17	10
17	17	8
18	17	6
19	17	5
20	17	6
21	17	9
22	17	13
23	17	15
0	18	8
1	18	17
2	18	11
3	18	10
4	18	10
5	18	13
6	18	12
7	18	13
8	18	11
9	18	12
10	18	10
11	18	7
12	18	11
13	18	10
14	18	11
15	18	4
16	18	8
17	18	4
18	18	1
19	18	2
20	18	3
21	18	4
22	18	8
23	18	10
0	19	34
1	19	63
2	19	0
3	19	34
4	19	18
5	19	18
6	19	63
7	19	110
8	19	34
9	19	63
10	19	0
11	19	18
12	19	0
13	19	0
14	19	18
15	19	0
16	19	0
17	19	0
18	19	0
19	19	18
20	19	0
21	19	0
22	19	0
23	19	0
0	20	0
1	20	0
2	20	0
3	20	0
4	20	0
5	20	0
6	20	0
7	20	0
8	20	0
9	20	0
10	20	0
11	20	0
12	20	0
13	20	0
14	20	0
15	20	0
16	20	0
17	20	0
18	20	0
19	20	0
20	20	0
21	20	0
22	20	0
23	20	0
0	21	16
1	21	28
2	21	22
3	21	5
4	21	4
5	21	8
6	21	21
7	21	4
8	21	7
9	21	21
10	21	15
11	21	13
12	21	27
13	21	37
14	21	18
15	21	12
16	21	12
17	21	19
18	21	2
19	21	5
20	21	0
21	21	0
22	21	12
23	21	21
0	22	0
1	22	0
2	22	0
3	22	0
4	22	0
5	22	0
6	22	0
7	22	0
8	22	0
9	22	0
10	22	0
11	22	0
12	22	0
13	22	0
14	22	0
15	22	0
16	22	0
17	22	0
18	22	0
19	22	0
20	22	0
21	22	0
22	22	0
23	22	0
0	23	0
1	23	0
2	23	0
3	23	0
4	23	0
5	23	0
6	23	0
7	23	0
8	23	0
9	23	0
10	23	0
11	23	0
12	23	77
13	23	0
14	23	0
15	23	0
16	23	77
17	23	0
18	23	0
19	23	0
20	23	0
21	23	0
22	23	0
23	23	0
0	24	34
1	24	10
2	24	14
3	24	18
4	24	12
5	24	8
6	24	8
7	24	18
8	24	8
9	24	16
10	24	7
11	24	5
12	24	8
13	24	10
14	24	5
15	24	10
16	24	16
17	24	8
18	24	7
19	24	3
20	24	5
21	24	7
22	24	8
23	24	24
0	25	0
1	25	0
2	25	0
3	25	0
4	25	0
5	25	0
6	25	0
7	25	0
8	25	0
9	25	0
10	25	0
11	25	0
12	25	0
13	25	0
14	25	0
15	25	0
16	25	0
17	25	0
18	25	0
19	25	0
20	25	0
21	25	0
22	25	0
23	25	0
0	26	0
1	26	0
2	26	0
3	26	88
4	26	49
5	26	0
6	26	49
7	26	49
8	26	0
9	26	49
10	26	0
11	26	0
12	26	0
13	26	0
14	26	0
15	26	0
16	26	0
17	26	0
18	26	0
19	26	0
20	26	0
21	26	0
22	26	0
23	26	0
0	27	19
1	27	26
2	27	21
3	27	26
4	27	17
5	27	23
6	27	20
7	27	26
8	27	19
9	27	25
10	27	24
11	27	15
12	27	16
13	27	12
14	27	16
15	27	15
16	27	11
17	27	4
18	27	7
19	27	4
20	27	4
21	27	6
22	27	12
23	27	16
0	28	154
1	28	0
2	28	0
3	28	0
4	28	0
5	28	154
6	28	0
7	28	0
8	28	0
9	28	0
10	28	0
11	28	0
12	28	0
13	28	0
14	28	0
15	28	0
16	28	0
17	28	0
18	28	0
19	28	0
20	28	0
21	28	0
22	28	0
23	28	0
0	29	12
1	29	20
2	29	6
3	29	20
4	29	18
5	29	16
6	29	13
7	29	4
8	29	15
9	29	27
10	29	21
11	29	13
12	29	18
13	29	14
14	29	9
15	29	10
16	29	6
17	29	9
18	29	4
19	29	3
20	29	3
21	29	0
22	29	8
23	29	16
0	30	20
1	30	0
2	30	0
3	30	0
4	30	0
5	30	11
6	30	0
7	30	20
8	30	11
9	30	30
10	30	30
11	30	0
12	30	0
13	30	20
14	30	0
15	30	0
16	30	0
17	30	0
18	30	0
19	30	0
20	30	0
21	30	0
22	30	11
23	30	0
0	31	0
1	31	28
2	31	0
3	31	0
4	31	0
5	31	0
6	31	15
7	31	52
8	31	28
9	31	52
10	31	74
11	31	40
12	31	64
13	31	40
14	31	15
15	31	15
16	31	0
17	31	0
18	31	0
19	31	15
20	31	0
21	31	28
22	31	15
23	31	15
0	32	38
1	32	10
2	32	15
3	32	6
4	32	6
5	32	0
6	32	38
7	32	25
8	32	6
9	32	0
10	32	29
11	32	15
12	32	25
13	32	25
14	32	25
15	32	6
16	32	10
17	32	15
18	32	6
19	32	0
20	32	0
21	32	6
22	32	0
23	32	20
0	33	0
1	33	0
2	33	0
3	33	0
4	33	0
5	33	0
6	33	0
7	33	0
8	33	0
9	33	0
10	33	0
11	33	0
12	33	0
13	33	0
14	33	0
15	33	0
16	33	0
17	33	0
18	33	0
19	33	0
20	33	0
21	33	0
22	33	0
23	33	0
0	34	14
1	34	16
2	34	11
3	34	10
4	34	11
5	34	13
6	34	11
7	34	11
8	34	13
9	34	14
10	34	13
11	34	19
12	34	17
13	34	24
14	34	30
15	34	20
16	34	19
17	34	15
18	34	8
19	34	6
20	34	5
21	34	9
22	34	12
23	34	13
0	35	0
1	35	55
2	35	0
3	35	55
4	35	55
5	35	0
6	35	98
7	35	0
8	35	0
9	35	0
10	35	0
11	35	0
12	35	0
13	35	0
14	35	55
15	35	0
16	35	0
17	35	55
18	35	0
19	35	0
20	35	0
21	35	0
22	35	0
23	35	0
0	36	0
1	36	40
2	36	40
3	36	40
4	36	0
5	36	0
6	36	40
7	36	0
8	36	0
9	36	0
10	36	74
11	36	0
12	36	40
13	36	103
14	36	40
15	36	40
16	36	0
17	36	40
18	36	0
19	36	0
20	36	0
21	36	0
22	36	0
23	36	0
0	37	39
1	37	27
2	37	27
3	37	62
4	37	39
5	37	0
6	37	39
7	37	14
8	37	39
9	37	27
10	37	14
11	37	14
12	37	14
13	37	14
14	37	14
15	37	0
16	37	0
17	37	0
18	37	0
19	37	0
20	37	0
21	37	0
22	37	0
23	37	27
0	38	25
1	38	27
2	38	15
3	38	25
4	38	25
5	38	22
6	38	30
7	38	34
8	38	48
9	38	45
10	38	29
11	38	22
12	38	21
13	38	32
14	38	21
15	38	11
16	38	7
17	38	11
18	38	4
19	38	7
20	38	12
21	38	17
22	38	40
23	38	35
0	39	12
1	39	15
2	39	17
3	39	8
4	39	15
5	39	11
6	39	10
7	39	7
8	39	14
9	39	13
10	39	16
11	39	15
12	39	15
13	39	12
14	39	9
15	39	10
16	39	10
17	39	5
18	39	5
19	39	3
20	39	6
21	39	5
22	39	13
23	39	9
0	40	0
1	40	0
2	40	0
3	40	0
4	40	0
5	40	24
6	40	0
7	40	24
8	40	45
9	40	45
10	40	24
11	40	64
12	40	137
13	40	64
14	40	24
15	40	45
16	40	0
17	40	0
18	40	0
19	40	0
20	40	0
21	40	24
22	40	24
23	40	0
0	41	0
1	41	0
2	41	0
3	41	19
4	41	0
5	41	19
6	41	0
7	41	52
8	41	19
9	41	0
10	41	0
11	41	0
12	41	0
13	41	0
14	41	0
15	41	0
16	41	19
17	41	0
18	41	0
19	41	0
20	41	0
21	41	0
22	41	0
23	41	67
0	42	0
1	42	0
2	42	0
3	42	0
4	42	0
5	42	0
6	42	0
7	42	0
8	42	0
9	42	0
10	42	0
11	42	0
12	42	0
13	42	0
14	42	0
15	42	0
16	42	0
17	42	0
18	42	0
19	42	0
20	42	0
21	42	0
22	42	0
23	42	0
0	43	0
1	43	0
2	43	12
3	43	12
4	43	12
5	43	12
6	43	0
7	43	12
8	43	23
9	43	0
10	43	0
11	43	0
12	43	0
13	43	0
14	43	43
15	43	33
16	43	0
17	43	0
18	43	0
19	43	0
20	43	0
21	43	12
22	43	0
23	43	0
0	44	8
1	44	18
2	44	11
3	44	15
4	44	8
5	44	22
6	44	8
7	44	8
8	44	4
9	44	18
10	44	22
11	44	15
12	44	8
13	44	25
14	44	15
15	44	18
16	44	8
17	44	11
18	44	15
19	44	0
20	44	8
21	44	4
22	44	4
23	44	0
0	45	0
1	45	0
2	45	0
3	45	0
4	45	0
5	45	0
6	45	0
7	45	0
8	45	0
9	45	0
10	45	0
11	45	0
12	45	0
13	45	0
14	45	0
15	45	0
16	45	0
17	45	0
18	45	0
19	45	0
20	45	0
21	45	0
22	45	0
23	45	0
0	46	14
1	46	11
2	46	29
3	46	22
4	46	3
5	46	11
6	46	6
7	46	16
8	46	11
9	46	11
10	46	16
11	46	6
12	46	6
13	46	24
14	46	11
15	46	19
16	46	0
17	46	9
18	46	6
19	46	6
20	46	6
21	46	0
22	46	22
23	46	9
0	47	12
1	47	14
2	47	8
3	47	10
4	47	13
5	47	14
6	47	12
7	47	8
8	47	17
9	47	9
10	47	11
11	47	7
12	47	14
13	47	17
14	47	11
15	47	8
16	47	10
17	47	5
18	47	5
19	47	2
20	47	2
21	47	2
22	47	4
23	47	6
0	48	0
1	48	145
2	48	0
3	48	0
4	48	0
5	48	0
6	48	0
7	48	0
8	48	0
9	48	88
10	48	0
11	48	88
12	48	0
13	48	0
14	48	0
15	48	0
16	48	88
17	48	0
18	48	0
19	48	0
20	48	0
21	48	0
22	48	0
23	48	0
0	49	0
1	49	77
2	49	77
3	49	29
4	49	0
5	49	0
6	49	0
7	49	0
8	49	96
9	49	29
10	49	29
11	49	29
12	49	77
13	49	29
14	49	0
15	49	29
16	49	29
17	49	29
18	49	77
19	49	0
20	49	0
21	49	0
22	49	29
23	49	77
0	50	4
1	50	4
2	50	4
3	50	7
4	50	4
5	50	0
6	50	4
7	50	7
8	50	4
9	50	4
10	50	10
11	50	10
12	50	10
13	50	10
14	50	7
15	50	4
16	50	4
17	50	7
18	50	7
19	50	0
20	50	0
21	50	4
22	50	23
23	50	14
0	51	16
1	51	17
2	51	16
3	51	18
4	51	15
5	51	15
6	51	17
7	51	16
8	51	18
9	51	17
10	51	18
11	51	18
12	51	20
13	51	19
14	51	17
15	51	15
16	51	11
17	51	8
18	51	6
19	51	5
20	51	5
21	51	8
22	51	13
23	51	15
0	52	0
1	52	0
2	52	0
3	52	0
4	52	0
5	52	0
6	52	0
7	52	0
8	52	244
9	52	0
10	52	0
11	52	201
12	52	0
13	52	0
14	52	0
15	52	0
16	52	0
17	52	0
18	52	0
19	52	0
20	52	0
21	52	0
22	52	0
23	52	0
0	53	5
1	53	8
2	53	5
3	53	10
4	53	3
5	53	3
6	53	7
7	53	2
8	53	7
9	53	4
10	53	4
11	53	21
12	53	22
13	53	16
14	53	10
15	53	7
16	53	4
17	53	7
18	53	2
19	53	2
20	53	0
21	53	0
22	53	7
23	53	4
0	54	14
1	54	19
2	54	25
3	54	19
4	54	10
5	54	19
6	54	23
7	54	19
8	54	19
9	54	21
10	54	10
11	54	16
12	54	14
13	54	7
14	54	12
15	54	10
16	54	3
17	54	3
18	54	0
19	54	0
20	54	0
21	54	14
22	54	5
23	54	12
0	55	13
1	55	13
2	55	11
3	55	12
4	55	11
5	55	10
6	55	8
7	55	10
8	55	9
9	55	22
10	55	12
11	55	16
12	55	22
13	55	19
14	55	27
15	55	16
16	55	5
17	55	2
18	55	2
19	55	4
20	55	4
21	55	4
22	55	10
23	55	7
0	56	17
1	56	32
2	56	11
3	56	14
4	56	14
5	56	9
6	56	6
7	56	6
8	56	9
9	56	6
10	56	11
11	56	24
12	56	3
13	56	32
14	56	14
15	56	24
16	56	9
17	56	0
18	56	6
19	56	3
20	56	0
21	56	0
22	56	14
23	56	11
0	57	0
1	57	0
2	57	0
3	57	0
4	57	0
5	57	0
6	57	0
7	57	0
8	57	0
9	57	0
10	57	0
11	57	0
12	57	0
13	57	0
14	57	0
15	57	0
16	57	0
17	57	0
18	57	0
19	57	0
20	57	0
21	57	0
22	57	0
23	57	0
0	58	14
1	58	14
2	58	14
3	58	40
4	58	0
5	58	14
6	58	0
7	58	14
8	58	14
9	58	0
10	58	0
11	58	0
12	58	40
13	58	0
14	58	27
15	58	27
16	58	27
17	58	14
18	58	0
19	58	0
20	58	0
21	58	14
22	58	27
23	58	62
0	59	0
1	59	0
2	59	0
3	59	0
4	59	0
5	59	175
6	59	0
7	59	0
8	59	0
9	59	0
10	59	0
11	59	175
12	59	0
13	59	0
14	59	0
15	59	0
16	59	0
17	59	0
18	59	0
19	59	0
20	59	0
21	59	0
22	59	0
23	59	0
0	60	0
1	60	0
2	60	0
3	60	0
4	60	0
5	60	68
6	60	0
7	60	0
8	60	68
9	60	0
10	60	0
11	60	0
12	60	68
13	60	0
14	60	0
15	60	0
16	60	0
17	60	0
18	60	0
19	60	0
20	60	0
21	60	68
22	60	68
23	60	0
0	61	0
1	61	0
2	61	0
3	61	0
4	61	0
5	61	0
6	61	0
7	61	0
8	61	0
9	61	0
10	61	0
11	61	0
12	61	0
13	61	0
14	61	0
15	61	0
16	61	0
17	61	0
18	61	0
19	61	0
20	61	0
21	61	0
22	61	0
23	61	0
0	62	28
1	62	15
2	62	53
3	62	0
4	62	15
5	62	28
6	62	15
7	62	53
8	62	0
9	62	95
10	62	95
11	62	28
12	62	53
13	62	28
14	62	0
15	62	41
16	62	28
17	62	0
18	62	0
19	62	0
20	62	28
21	62	0
22	62	15
23	62	28
0	63	0
1	63	0
2	63	0
3	63	0
4	63	230
5	63	0
6	63	0
7	63	0
8	63	0
9	63	0
10	63	0
11	63	0
12	63	0
13	63	0
14	63	0
15	63	0
16	63	0
17	63	0
18	63	0
19	63	0
20	63	0
21	63	0
22	63	0
23	63	0
0	64	12
1	64	15
2	64	12
3	64	12
4	64	8
5	64	5
6	64	10
7	64	9
8	64	7
9	64	8
10	64	16
11	64	9
12	64	24
13	64	16
14	64	13
15	64	20
16	64	4
17	64	5
18	64	0
19	64	0
20	64	3
21	64	9
22	64	10
23	64	9
0	65	0
1	65	0
2	65	37
3	65	68
4	65	0
5	65	0
6	65	0
7	65	0
8	65	37
9	65	0
10	65	0
11	65	0
12	65	37
13	65	0
14	65	0
15	65	37
16	65	37
17	65	68
18	65	0
19	65	0
20	65	0
21	65	0
22	65	0
23	65	0
0	66	39
1	66	39
2	66	39
3	66	39
4	66	0
5	66	72
6	66	0
7	66	143
8	66	39
9	66	0
10	66	0
11	66	39
12	66	0
13	66	0
14	66	0
15	66	0
16	66	0
17	66	0
18	66	0
19	66	0
20	66	72
21	66	39
22	66	0
23	66	0
0	67	17
1	67	0
2	67	0
3	67	0
4	67	0
5	67	0
6	67	17
7	67	9
8	67	17
9	67	25
10	67	9
11	67	9
12	67	33
13	67	25
14	67	17
15	67	25
16	67	0
17	67	0
18	67	0
19	67	0
20	67	0
21	67	0
22	67	9
23	67	17
0	68	0
1	68	0
2	68	0
3	68	0
4	68	0
5	68	0
6	68	0
7	68	0
8	68	0
9	68	0
10	68	0
11	68	0
12	68	0
13	68	0
14	68	0
15	68	0
16	68	0
17	68	0
18	68	0
19	68	0
20	68	0
21	68	0
22	68	0
23	68	0
0	69	0
1	69	0
2	69	0
3	69	0
4	69	0
5	69	0
6	69	0
7	69	0
8	69	0
9	69	0
10	69	0
11	69	0
12	69	0
13	69	0
14	69	0
15	69	0
16	69	0
17	69	0
18	69	0
19	69	0
20	69	0
21	69	0
22	69	0
23	69	0
0	70	103
1	70	0
2	70	0
3	70	0
4	70	0
5	70	0
6	70	0
7	70	0
8	70	103
9	70	0
10	70	0
11	70	0
12	70	0
13	70	0
14	70	164
15	70	0
16	70	0
17	70	0
18	70	0
19	70	0
20	70	0
21	70	0
22	70	0
23	70	164
0	71	26
1	71	33
2	71	24
3	71	27
4	71	29
5	71	25
6	71	29
7	71	26
8	71	30
9	71	26
10	71	26
11	71	32
12	71	35
13	71	34
14	71	33
15	71	26
16	71	29
17	71	30
18	71	21
19	71	19
20	71	38
21	71	15
22	71	24
23	71	23
0	72	0
1	72	48
2	72	48
3	72	0
4	72	0
5	72	0
6	72	0
7	72	0
8	72	25
9	72	0
10	72	25
11	72	118
12	72	48
13	72	0
14	72	68
15	72	0
16	72	0
17	72	0
18	72	0
19	72	0
20	72	0
21	72	0
22	72	0
23	72	0
0	73	13
1	73	8
2	73	3
3	73	2
4	73	11
5	73	6
6	73	5
7	73	9
8	73	13
9	73	6
10	73	3
11	73	23
12	73	8
13	73	2
14	73	11
15	73	3
16	73	3
17	73	2
18	73	5
19	73	2
20	73	3
21	73	2
22	73	8
23	73	8
0	74	0
1	74	0
2	74	5
3	74	9
4	74	0
5	74	0
6	74	0
7	74	13
8	74	0
9	74	9
10	74	0
11	74	0
12	74	17
13	74	40
14	74	0
15	74	5
16	74	0
17	74	21
18	74	5
19	74	5
20	74	9
21	74	13
22	74	5
23	74	17
0	75	16
1	75	9
2	75	10
3	75	7
4	75	8
5	75	4
6	75	6
7	75	6
8	75	10
9	75	14
10	75	23
11	75	22
12	75	34
13	75	26
14	75	25
15	75	17
16	75	12
17	75	4
18	75	2
19	75	2
20	75	10
21	75	12
22	75	24
23	75	16
0	76	0
1	76	0
2	76	0
3	76	28
4	76	28
5	76	0
6	76	0
7	76	0
8	76	0
9	76	0
10	76	0
11	76	0
12	76	0
13	76	28
14	76	75
15	76	53
16	76	0
17	76	0
18	76	0
19	76	0
20	76	0
21	76	0
22	76	0
23	76	0
0	77	0
1	77	0
2	77	0
3	77	0
4	77	0
5	77	0
6	77	0
7	77	0
8	77	0
9	77	0
10	77	0
11	77	0
12	77	0
13	77	0
14	77	0
15	77	0
16	77	0
17	77	0
18	77	0
19	77	0
20	77	0
21	77	0
22	77	0
23	77	0
