Counts for LG(8) in Republic of Korea(36):
Hour	Location Index	Count
0	0	27
1	0	0
2	0	0
3	0	5
4	0	0
5	0	16
6	0	0
7	0	0
8	0	8
9	0	5
10	0	0
11	0	24
12	0	16
13	0	20
14	0	27
15	0	20
16	0	16
17	0	0
18	0	0
19	0	0
20	0	5
21	0	0
22	0	8
23	0	8
0	1	8
1	1	0
2	1	0
3	1	0
4	1	0
5	1	0
6	1	0
7	1	0
8	1	0
9	1	0
10	1	0
11	1	0
12	1	0
13	1	8
14	1	15
15	1	8
16	1	0
17	1	0
18	1	0
19	1	0
20	1	0
21	1	0
22	1	0
23	1	15
0	2	0
1	2	0
2	2	0
3	2	0
4	2	0
5	2	0
6	2	0
7	2	0
8	2	0
9	2	0
10	2	0
11	2	0
12	2	9
13	2	5
14	2	0
15	2	0
16	2	0
17	2	0
18	2	0
19	2	0
20	2	0
21	2	0
22	2	0
23	2	5
0	3	13
1	3	25
2	3	25
3	3	25
4	3	25
5	3	13
6	3	48
7	3	0
8	3	0
9	3	25
10	3	37
11	3	25
12	3	0
13	3	58
14	3	25
15	3	0
16	3	0
17	3	0
18	3	13
19	3	13
20	3	13
21	3	48
22	3	0
23	3	0
0	4	0
1	4	0
2	4	0
3	4	0
4	4	0
5	4	0
6	4	0
7	4	0
8	4	0
9	4	0
10	4	0
11	4	0
12	4	0
13	4	0
14	4	0
15	4	0
16	4	0
17	4	0
18	4	0
19	4	0
20	4	0
21	4	0
22	4	0
23	4	0
0	5	11
1	5	11
2	5	22
3	5	0
4	5	0
5	5	11
6	5	0
7	5	41
8	5	0
9	5	0
10	5	0
11	5	0
12	5	0
13	5	41
14	5	0
15	5	11
16	5	0
17	5	0
18	5	0
19	5	0
20	5	0
21	5	22
22	5	0
23	5	11
0	6	0
1	6	0
2	6	0
3	6	0
4	6	0
5	6	0
6	6	0
7	6	0
8	6	0
9	6	0
10	6	0
11	6	0
12	6	0
13	6	0
14	6	0
15	6	0
16	6	0
17	6	0
18	6	0
19	6	0
20	6	0
21	6	0
22	6	0
23	6	0
0	7	13
1	7	13
2	7	14
3	7	15
4	7	15
5	7	12
6	7	16
7	7	16
8	7	16
9	7	14
10	7	14
11	7	15
12	7	15
13	7	12
14	7	13
15	7	10
16	7	7
17	7	6
18	7	3
19	7	3
20	7	3
21	7	7
22	7	10
23	7	13
0	8	12
1	8	9
2	8	12
3	8	12
4	8	9
5	8	12
6	8	12
7	8	9
8	8	6
9	8	3
10	8	3
11	8	6
12	8	3
13	8	6
14	8	3
15	8	9
16	8	6
17	8	9
18	8	0
19	8	9
20	8	9
21	8	9
22	8	0
23	8	9
0	9	0
1	9	13
2	9	0
3	9	0
4	9	13
5	9	0
6	9	0
7	9	0
8	9	0
9	9	0
10	9	0
11	9	0
12	9	0
13	9	0
14	9	13
15	9	0
16	9	0
17	9	0
18	9	0
19	9	0
20	9	0
21	9	0
22	9	0
23	9	0
0	10	0
1	10	0
2	10	0
3	10	0
4	10	0
5	10	0
6	10	0
7	10	0
8	10	0
9	10	0
10	10	0
11	10	0
12	10	15
13	10	0
14	10	0
15	10	0
16	10	0
17	10	0
18	10	0
19	10	0
20	10	0
21	10	0
22	10	0
23	10	0
0	11	0
1	11	0
2	11	0
3	11	0
4	11	0
5	11	0
6	11	0
7	11	0
8	11	0
9	11	0
10	11	0
11	11	0
12	11	0
13	11	0
14	11	0
15	11	0
16	11	0
17	11	0
18	11	0
19	11	0
20	11	0
21	11	0
22	11	0
23	11	0
0	12	5
1	12	4
2	12	4
3	12	5
4	12	4
5	12	3
6	12	4
7	12	4
8	12	6
9	12	5
10	12	5
11	12	7
12	12	6
13	12	6
14	12	4
15	12	5
16	12	3
17	12	1
18	12	1
19	12	2
20	12	2
21	12	2
22	12	2
23	12	3
0	13	13
1	13	0
2	13	13
3	13	13
4	13	0
5	13	0
6	13	13
7	13	0
8	13	0
9	13	0
10	13	13
11	13	0
12	13	13
13	13	0
14	13	0
15	13	0
16	13	0
17	13	0
18	13	25
19	13	0
20	13	0
21	13	0
22	13	0
23	13	0
0	14	0
1	14	0
2	14	0
3	14	0
4	14	0
5	14	0
6	14	0
7	14	0
8	14	0
9	14	0
10	14	0
11	14	0
12	14	0
13	14	0
14	14	0
15	14	0
16	14	0
17	14	0
18	14	0
19	14	0
20	14	0
21	14	0
22	14	0
23	14	0
0	15	11
1	15	8
2	15	3
3	15	8
4	15	0
5	15	3
6	15	3
7	15	13
8	15	0
9	15	6
10	15	6
11	15	11
12	15	13
13	15	6
14	15	11
15	15	8
16	15	8
17	15	8
18	15	0
19	15	0
20	15	6
21	15	8
22	15	6
23	15	6
0	16	0
1	16	0
2	16	0
3	16	0
4	16	0
5	16	0
6	16	0
7	16	0
8	16	0
9	16	0
10	16	0
11	16	0
12	16	0
13	16	0
14	16	68
15	16	0
16	16	0
17	16	0
18	16	0
19	16	0
20	16	0
21	16	0
22	16	0
23	16	0
0	17	5
1	17	6
2	17	5
3	17	6
4	17	5
5	17	5
6	17	6
7	17	6
8	17	6
9	17	6
10	17	6
11	17	7
12	17	7
13	17	7
14	17	7
15	17	5
16	17	4
17	17	3
18	17	2
19	17	1
20	17	2
21	17	3
22	17	4
23	17	5
0	18	4
1	18	4
2	18	3
3	18	5
4	18	4
5	18	3
6	18	6
7	18	4
8	18	4
9	18	8
10	18	5
11	18	2
12	18	5
13	18	4
14	18	4
15	18	5
16	18	4
17	18	3
18	18	1
19	18	1
20	18	2
21	18	4
22	18	3
23	18	3
0	19	34
1	19	18
2	19	34
3	19	0
4	19	34
5	19	34
6	19	0
7	19	0
8	19	0
9	19	0
10	19	0
11	19	0
12	19	49
13	19	0
14	19	0
15	19	0
16	19	0
17	19	0
18	19	0
19	19	0
20	19	0
21	19	0
22	19	0
23	19	0
0	20	0
1	20	0
2	20	58
3	20	103
4	20	0
5	20	0
6	20	58
7	20	0
8	20	0
9	20	58
10	20	0
11	20	58
12	20	0
13	20	164
14	20	0
15	20	0
16	20	0
17	20	0
18	20	0
19	20	0
20	20	0
21	20	0
22	20	0
23	20	0
0	21	0
1	21	2
2	21	5
3	21	12
4	21	2
5	21	4
6	21	0
7	21	2
8	21	2
9	21	2
10	21	7
11	21	15
12	21	4
13	21	8
14	21	5
15	21	8
16	21	7
17	21	0
18	21	0
19	21	0
20	21	0
21	21	0
22	21	4
23	21	0
0	22	0
1	22	0
2	22	0
3	22	0
4	22	0
5	22	0
6	22	0
7	22	0
8	22	0
9	22	0
10	22	0
11	22	0
12	22	0
13	22	0
14	22	0
15	22	0
16	22	0
17	22	0
18	22	0
19	22	0
20	22	0
21	22	0
22	22	0
23	22	0
0	23	0
1	23	0
2	23	0
3	23	0
4	23	0
5	23	0
6	23	0
7	23	0
8	23	0
9	23	0
10	23	0
11	23	0
12	23	0
13	23	0
14	23	0
15	23	0
16	23	0
17	23	0
18	23	0
19	23	0
20	23	0
21	23	0
22	23	0
23	23	0
0	24	3
1	24	20
2	24	3
3	24	16
4	24	12
5	24	8
6	24	14
7	24	7
8	24	5
9	24	10
10	24	8
11	24	10
12	24	12
13	24	8
14	24	8
15	24	0
16	24	3
17	24	7
18	24	3
19	24	0
20	24	5
21	24	0
22	24	0
23	24	16
0	25	0
1	25	0
2	25	0
3	25	0
4	25	0
5	25	0
6	25	0
7	25	0
8	25	0
9	25	0
10	25	0
11	25	0
12	25	0
13	25	0
14	25	0
15	25	0
16	25	0
17	25	0
18	25	0
19	25	0
20	25	0
21	25	0
22	25	0
23	25	0
0	26	0
1	26	0
2	26	0
3	26	0
4	26	0
5	26	0
6	26	0
7	26	0
8	26	0
9	26	0
10	26	0
11	26	49
12	26	88
13	26	0
14	26	0
15	26	49
16	26	0
17	26	0
18	26	0
19	26	0
20	26	0
21	26	0
22	26	0
23	26	0
0	27	2
1	27	5
2	27	5
3	27	8
4	27	3
5	27	5
6	27	4
7	27	6
8	27	8
9	27	4
10	27	1
11	27	2
12	27	5
13	27	2
14	27	2
15	27	3
16	27	4
17	27	2
18	27	2
19	27	0
20	27	0
21	27	4
22	27	3
23	27	4
0	28	0
1	28	0
2	28	0
3	28	0
4	28	0
5	28	0
6	28	0
7	28	0
8	28	0
9	28	0
10	28	0
11	28	0
12	28	0
13	28	0
14	28	0
15	28	0
16	28	0
17	28	0
18	28	0
19	28	0
20	28	0
21	28	0
22	28	0
23	28	0
0	29	6
1	29	3
2	29	2
3	29	3
4	29	7
5	29	2
6	29	6
7	29	4
8	29	0
9	29	5
10	29	4
11	29	6
12	29	3
13	29	8
14	29	7
15	29	2
16	29	0
17	29	0
18	29	3
19	29	0
20	29	0
21	29	3
22	29	4
23	29	6
0	30	11
1	30	0
2	30	20
3	30	11
4	30	20
5	30	0
6	30	11
7	30	11
8	30	0
9	30	0
10	30	11
11	30	20
12	30	11
13	30	20
14	30	20
15	30	11
16	30	11
17	30	0
18	30	0
19	30	0
20	30	0
21	30	11
22	30	11
23	30	0
0	31	0
1	31	0
2	31	0
3	31	0
4	31	0
5	31	0
6	31	15
7	31	0
8	31	0
9	31	15
10	31	0
11	31	15
12	31	0
13	31	15
14	31	0
15	31	15
16	31	0
17	31	0
18	31	0
19	31	0
20	31	0
21	31	0
22	31	0
23	31	0
0	32	15
1	32	6
2	32	0
3	32	6
4	32	6
5	32	6
6	32	10
7	32	6
8	32	0
9	32	15
10	32	0
11	32	6
12	32	0
13	32	15
14	32	0
15	32	0
16	32	6
17	32	0
18	32	0
19	32	0
20	32	6
21	32	6
22	32	6
23	32	0
0	33	0
1	33	0
2	33	0
3	33	0
4	33	0
5	33	0
6	33	0
7	33	0
8	33	0
9	33	0
10	33	0
11	33	0
12	33	0
13	33	0
14	33	0
15	33	0
16	33	0
17	33	0
18	33	0
19	33	0
20	33	0
21	33	0
22	33	0
23	33	0
0	34	3
1	34	3
2	34	7
3	34	6
4	34	5
5	34	4
6	34	7
7	34	9
8	34	5
9	34	5
10	34	6
11	34	5
12	34	9
13	34	14
14	34	10
15	34	13
16	34	8
17	34	6
18	34	5
19	34	2
20	34	2
21	34	3
22	34	8
23	34	9
0	35	0
1	35	0
2	35	0
3	35	0
4	35	0
5	35	0
6	35	0
7	35	0
8	35	0
9	35	0
10	35	0
11	35	0
12	35	0
13	35	0
14	35	0
15	35	0
16	35	0
17	35	0
18	35	0
19	35	0
20	35	0
21	35	0
22	35	0
23	35	0
0	36	0
1	36	0
2	36	0
3	36	0
4	36	0
5	36	0
6	36	0
7	36	0
8	36	0
9	36	0
10	36	0
11	36	0
12	36	0
13	36	0
14	36	0
15	36	0
16	36	0
17	36	0
18	36	40
19	36	0
20	36	0
21	36	0
22	36	40
23	36	0
0	37	0
1	37	14
2	37	0
3	37	0
4	37	0
5	37	14
6	37	0
7	37	39
8	37	0
9	37	27
10	37	14
11	37	0
12	37	39
13	37	0
14	37	0
15	37	0
16	37	0
17	37	0
18	37	14
19	37	0
20	37	0
21	37	0
22	37	14
23	37	0
0	38	1
1	38	4
2	38	2
3	38	2
4	38	2
5	38	4
6	38	1
7	38	3
8	38	2
9	38	7
10	38	16
11	38	9
12	38	1
13	38	5
14	38	4
15	38	2
16	38	5
17	38	3
18	38	4
19	38	0
20	38	0
21	38	1
22	38	3
23	38	2
0	39	3
1	39	4
2	39	7
3	39	8
4	39	7
5	39	6
6	39	7
7	39	8
8	39	5
9	39	6
10	39	7
11	39	6
12	39	7
13	39	7
14	39	5
15	39	5
16	39	4
17	39	2
18	39	1
19	39	1
20	39	1
21	39	4
22	39	3
23	39	5
0	40	0
1	40	0
2	40	0
3	40	0
4	40	0
5	40	0
6	40	0
7	40	0
8	40	0
9	40	0
10	40	0
11	40	0
12	40	0
13	40	0
14	40	0
15	40	0
16	40	0
17	40	0
18	40	0
19	40	0
20	40	0
21	40	0
22	40	0
23	40	0
0	41	0
1	41	0
2	41	0
3	41	0
4	41	0
5	41	0
6	41	19
7	41	0
8	41	19
9	41	0
10	41	0
11	41	0
12	41	36
13	41	0
14	41	0
15	41	0
16	41	0
17	41	0
18	41	0
19	41	0
20	41	0
21	41	0
22	41	0
23	41	0
0	42	0
1	42	0
2	42	0
3	42	0
4	42	0
5	42	0
6	42	0
7	42	0
8	42	0
9	42	0
10	42	0
11	42	0
12	42	0
13	42	0
14	42	0
15	42	0
16	42	0
17	42	0
18	42	0
19	42	0
20	42	0
21	42	0
22	42	0
23	42	0
0	43	12
1	43	12
2	43	0
3	43	0
4	43	23
5	43	23
6	43	0
7	43	33
8	43	0
9	43	0
10	43	33
11	43	0
12	43	12
13	43	33
14	43	33
15	43	12
16	43	33
17	43	0
18	43	0
19	43	0
20	43	0
21	43	0
22	43	0
23	43	23
0	44	11
1	44	11
2	44	4
3	44	4
4	44	18
5	44	15
6	44	0
7	44	0
8	44	18
9	44	8
10	44	4
11	44	8
12	44	8
13	44	4
14	44	11
15	44	0
16	44	11
17	44	0
18	44	0
19	44	0
20	44	8
21	44	4
22	44	0
23	44	11
0	45	0
1	45	0
2	45	0
3	45	0
4	45	0
5	45	0
6	45	0
7	45	0
8	45	0
9	45	0
10	45	0
11	45	0
12	45	0
13	45	0
14	45	0
15	45	0
16	45	0
17	45	0
18	45	0
19	45	0
20	45	0
21	45	0
22	45	0
23	45	0
0	46	0
1	46	0
2	46	3
3	46	0
4	46	0
5	46	0
6	46	3
7	46	0
8	46	6
9	46	0
10	46	14
11	46	3
12	46	3
13	46	0
14	46	3
15	46	3
16	46	9
17	46	3
18	46	0
19	46	0
20	46	0
21	46	6
22	46	0
23	46	3
0	47	2
1	47	6
2	47	3
3	47	1
4	47	7
5	47	14
6	47	10
7	47	10
8	47	9
9	47	4
10	47	4
11	47	7
12	47	4
13	47	5
14	47	5
15	47	5
16	47	6
17	47	1
18	47	2
19	47	2
20	47	1
21	47	2
22	47	2
23	47	5
0	48	0
1	48	0
2	48	0
3	48	0
4	48	0
5	48	0
6	48	0
7	48	0
8	48	0
9	48	88
10	48	0
11	48	0
12	48	0
13	48	0
14	48	0
15	48	0
16	48	0
17	48	0
18	48	0
19	48	0
20	48	0
21	48	0
22	48	0
23	48	0
0	49	29
1	49	0
2	49	0
3	49	29
4	49	0
5	49	0
6	49	0
7	49	0
8	49	0
9	49	0
10	49	0
11	49	0
12	49	0
13	49	0
14	49	0
15	49	29
16	49	0
17	49	0
18	49	0
19	49	54
20	49	0
21	49	0
22	49	0
23	49	0
0	50	0
1	50	0
2	50	0
3	50	0
4	50	4
5	50	0
6	50	0
7	50	0
8	50	10
9	50	0
10	50	0
11	50	4
12	50	7
13	50	4
14	50	10
15	50	4
16	50	4
17	50	0
18	50	0
19	50	0
20	50	0
21	50	4
22	50	10
23	50	0
0	51	6
1	51	6
2	51	6
3	51	6
4	51	6
5	51	6
6	51	6
7	51	6
8	51	6
9	51	6
10	51	6
11	51	7
12	51	8
13	51	8
14	51	8
15	51	7
16	51	5
17	51	3
18	51	2
19	51	2
20	51	2
21	51	3
22	51	5
23	51	6
0	52	0
1	52	0
2	52	0
3	52	0
4	52	0
5	52	0
6	52	0
7	52	0
8	52	0
9	52	0
10	52	0
11	52	0
12	52	0
13	52	0
14	52	0
15	52	0
16	52	0
17	52	0
18	52	0
19	52	0
20	52	0
21	52	0
22	52	0
23	52	0
0	53	2
1	53	3
2	53	3
3	53	3
4	53	0
5	53	3
6	53	7
7	53	3
8	53	4
9	53	9
10	53	7
11	53	9
12	53	5
13	53	12
14	53	3
15	53	9
16	53	2
17	53	0
18	53	0
19	53	2
20	53	0
21	53	4
22	53	7
23	53	2
0	54	5
1	54	0
2	54	7
3	54	5
4	54	0
5	54	3
6	54	7
7	54	10
8	54	14
9	54	3
10	54	3
11	54	3
12	54	3
13	54	3
14	54	10
15	54	0
16	54	3
17	54	0
18	54	5
19	54	3
20	54	0
21	54	0
22	54	3
23	54	3
0	55	8
1	55	4
2	55	2
3	55	2
4	55	5
5	55	4
6	55	5
7	55	3
8	55	2
9	55	4
10	55	3
11	55	9
12	55	4
13	55	8
14	55	6
15	55	2
16	55	5
17	55	1
18	55	1
19	55	1
20	55	0
21	55	4
22	55	5
23	55	1
0	56	6
1	56	3
2	56	3
3	56	3
4	56	9
5	56	3
6	56	9
7	56	6
8	56	6
9	56	6
10	56	3
11	56	17
12	56	19
13	56	17
14	56	11
15	56	0
16	56	3
17	56	0
18	56	6
19	56	0
20	56	6
21	56	6
22	56	9
23	56	3
0	57	0
1	57	0
2	57	0
3	57	0
4	57	0
5	57	0
6	57	0
7	57	0
8	57	0
9	57	0
10	57	0
11	57	0
12	57	0
13	57	0
14	57	0
15	57	0
16	57	0
17	57	0
18	57	0
19	57	0
20	57	0
21	57	0
22	57	0
23	57	0
0	58	0
1	58	0
2	58	14
3	58	0
4	58	0
5	58	0
6	58	0
7	58	0
8	58	14
9	58	14
10	58	0
11	58	14
12	58	51
13	58	0
14	58	0
15	58	0
16	58	0
17	58	0
18	58	0
19	58	0
20	58	0
21	58	0
22	58	0
23	58	40
0	59	0
1	59	0
2	59	0
3	59	0
4	59	0
5	59	0
6	59	0
7	59	0
8	59	0
9	59	0
10	59	0
11	59	0
12	59	0
13	59	0
14	59	0
15	59	0
16	59	0
17	59	0
18	59	0
19	59	0
20	59	0
21	59	0
22	59	0
23	59	0
0	60	0
1	60	0
2	60	0
3	60	0
4	60	0
5	60	0
6	60	0
7	60	0
8	60	0
9	60	0
10	60	0
11	60	0
12	60	0
13	60	0
14	60	0
15	60	0
16	60	0
17	60	0
18	60	0
19	60	0
20	60	0
21	60	0
22	60	0
23	60	0
0	61	0
1	61	0
2	61	0
3	61	0
4	61	0
5	61	0
6	61	0
7	61	0
8	61	0
9	61	0
10	61	0
11	61	0
12	61	0
13	61	0
14	61	0
15	61	0
16	61	0
17	61	0
18	61	0
19	61	0
20	61	0
21	61	0
22	61	0
23	61	0
0	62	0
1	62	0
2	62	0
3	62	15
4	62	0
5	62	0
6	62	0
7	62	0
8	62	0
9	62	0
10	62	0
11	62	0
12	62	0
13	62	0
14	62	0
15	62	0
16	62	28
17	62	0
18	62	0
19	62	0
20	62	0
21	62	0
22	62	0
23	62	15
0	63	0
1	63	0
2	63	0
3	63	0
4	63	0
5	63	0
6	63	0
7	63	0
8	63	0
9	63	0
10	63	0
11	63	0
12	63	0
13	63	0
14	63	0
15	63	0
16	63	0
17	63	0
18	63	0
19	63	0
20	63	0
21	63	0
22	63	0
23	63	0
0	64	2
1	64	4
2	64	3
3	64	3
4	64	3
5	64	3
6	64	2
7	64	3
8	64	1
9	64	4
10	64	3
11	64	4
12	64	5
13	64	7
14	64	5
15	64	3
16	64	1
17	64	4
18	64	2
19	64	0
20	64	1
21	64	2
22	64	4
23	64	3
0	65	0
1	65	0
2	65	0
3	65	0
4	65	0
5	65	0
6	65	0
7	65	0
8	65	0
9	65	0
10	65	0
11	65	0
12	65	0
13	65	37
14	65	0
15	65	0
16	65	0
17	65	0
18	65	0
19	65	0
20	65	0
21	65	0
22	65	0
23	65	0
0	66	0
1	66	0
2	66	0
3	66	0
4	66	0
5	66	0
6	66	0
7	66	0
8	66	0
9	66	0
10	66	0
11	66	0
12	66	0
13	66	0
14	66	0
15	66	0
16	66	39
17	66	0
18	66	0
19	66	0
20	66	0
21	66	39
22	66	0
23	66	0
0	67	0
1	67	0
2	67	0
3	67	0
4	67	0
5	67	0
6	67	0
7	67	0
8	67	17
9	67	0
10	67	0
11	67	0
12	67	0
13	67	0
14	67	25
15	67	9
16	67	0
17	67	9
18	67	0
19	67	0
20	67	0
21	67	0
22	67	0
23	67	0
0	68	0
1	68	0
2	68	0
3	68	0
4	68	0
5	68	0
6	68	0
7	68	0
8	68	0
9	68	0
10	68	0
11	68	0
12	68	0
13	68	0
14	68	0
15	68	0
16	68	0
17	68	0
18	68	0
19	68	0
20	68	0
21	68	0
22	68	0
23	68	0
0	69	0
1	69	0
2	69	0
3	69	0
4	69	0
5	69	0
6	69	0
7	69	0
8	69	0
9	69	0
10	69	0
11	69	201
12	69	0
13	69	0
14	69	0
15	69	0
16	69	0
17	69	0
18	69	0
19	69	0
20	69	0
21	69	0
22	69	0
23	69	0
0	70	0
1	70	0
2	70	0
3	70	0
4	70	0
5	70	0
6	70	0
7	70	0
8	70	0
9	70	0
10	70	0
11	70	0
12	70	0
13	70	0
14	70	0
15	70	0
16	70	0
17	70	0
18	70	0
19	70	0
20	70	0
21	70	0
22	70	0
23	70	0
0	71	1
1	71	2
2	71	5
3	71	2
4	71	4
5	71	2
6	71	2
7	71	3
8	71	2
9	71	2
10	71	3
11	71	3
12	71	7
13	71	6
14	71	7
15	71	6
16	71	1
17	71	1
18	71	0
19	71	1
20	71	0
21	71	3
22	71	3
23	71	5
0	72	0
1	72	0
2	72	0
3	72	0
4	72	0
5	72	0
6	72	0
7	72	0
8	72	0
9	72	0
10	72	0
11	72	0
12	72	0
13	72	0
14	72	0
15	72	0
16	72	0
17	72	0
18	72	0
19	72	0
20	72	0
21	72	0
22	72	0
23	72	0
0	73	3
1	73	2
2	73	0
3	73	2
4	73	3
5	73	0
6	73	2
7	73	6
8	73	2
9	73	2
10	73	2
11	73	5
12	73	8
13	73	9
14	73	11
15	73	2
16	73	3
17	73	0
18	73	0
19	73	0
20	73	0
21	73	2
22	73	0
23	73	0
0	74	21
1	74	13
2	74	13
3	74	21
4	74	21
5	74	17
6	74	13
7	74	13
8	74	9
9	74	36
10	74	9
11	74	13
12	74	29
13	74	21
14	74	36
15	74	17
16	74	17
17	74	0
18	74	5
19	74	0
20	74	5
21	74	5
22	74	43
23	74	13
0	75	6
1	75	6
2	75	4
3	75	2
4	75	0
5	75	2
6	75	2
7	75	5
8	75	5
9	75	3
10	75	12
11	75	5
12	75	9
13	75	3
14	75	3
15	75	5
16	75	0
17	75	0
18	75	0
19	75	0
20	75	0
21	75	0
22	75	2
23	75	6
0	76	28
1	76	0
2	76	0
3	76	0
4	76	0
5	76	0
6	76	0
7	76	0
8	76	0
9	76	0
10	76	0
11	76	0
12	76	28
13	76	0
14	76	0
15	76	0
16	76	0
17	76	0
18	76	0
19	76	0
20	76	0
21	76	0
22	76	0
23	76	0
0	77	0
1	77	175
2	77	0
3	77	0
4	77	0
5	77	0
6	77	0
7	77	0
8	77	0
9	77	0
10	77	0
11	77	0
12	77	0
13	77	0
14	77	0
15	77	0
16	77	0
17	77	0
18	77	0
19	77	0
20	77	0
21	77	0
22	77	0
23	77	175
