Counts for Samsung(12) in Greece(16):
Hour	Location Index	Count
0	0	0
1	0	18
2	0	0
3	0	0
4	0	18
5	0	0
6	0	0
7	0	0
8	0	0
9	0	18
10	0	18
11	0	18
12	0	51
13	0	0
14	0	35
15	0	35
16	0	0
17	0	18
18	0	0
19	0	0
20	0	0
21	0	18
22	0	0
23	0	0
0	1	0
1	1	0
2	1	0
3	1	0
4	1	0
5	1	0
6	1	0
7	1	43
8	1	0
9	1	43
10	1	0
11	1	0
12	1	0
13	1	0
14	1	0
15	1	43
16	1	0
17	1	43
18	1	0
19	1	0
20	1	0
21	1	0
22	1	0
23	1	43
0	2	13
1	2	13
2	2	0
3	2	13
4	2	0
5	2	13
6	2	0
7	2	13
8	2	0
9	2	24
10	2	0
11	2	13
12	2	13
13	2	0
14	2	0
15	2	0
16	2	24
17	2	24
18	2	13
19	2	13
20	2	13
21	2	0
22	2	0
23	2	0
0	3	0
1	3	0
2	3	0
3	3	0
4	3	0
5	3	0
6	3	0
7	3	0
8	3	37
9	3	0
10	3	0
11	3	0
12	3	37
13	3	0
14	3	0
15	3	0
16	3	0
17	3	0
18	3	68
19	3	37
20	3	68
21	3	0
22	3	0
23	3	0
0	4	4
1	4	1
2	4	1
3	4	2
4	4	9
5	4	10
6	4	15
7	4	17
8	4	14
9	4	12
10	4	19
11	4	19
12	4	24
13	4	17
14	4	15
15	4	13
16	4	16
17	4	24
18	4	26
19	4	26
20	4	15
21	4	19
22	4	10
23	4	13
0	5	0
1	5	0
2	5	0
3	5	0
4	5	0
5	5	9
6	5	0
7	5	0
8	5	17
9	5	25
10	5	0
11	5	0
12	5	0
13	5	9
14	5	9
15	5	17
16	5	0
17	5	25
18	5	53
19	5	9
20	5	32
21	5	32
22	5	46
23	5	0
0	6	0
1	6	0
2	6	0
3	6	0
4	6	0
5	6	14
6	6	26
7	6	32
8	6	64
9	6	0
10	6	0
11	6	7
12	6	38
13	6	7
14	6	26
15	6	32
16	6	79
17	6	59
18	6	14
19	6	14
20	6	0
21	6	7
22	6	7
23	6	7
0	7	0
1	7	0
2	7	7
3	7	0
4	7	7
5	7	0
6	7	0
7	7	21
8	7	27
9	7	7
10	7	7
11	7	14
12	7	21
13	7	14
14	7	27
15	7	27
16	7	7
17	7	14
18	7	0
19	7	0
20	7	21
21	7	0
22	7	0
23	7	0
0	8	31
1	8	7
2	8	0
3	8	0
4	8	7
5	8	7
6	8	13
7	8	0
8	8	25
9	8	19
10	8	7
11	8	7
12	8	0
13	8	13
14	8	13
15	8	13
16	8	31
17	8	13
18	8	31
19	8	25
20	8	25
21	8	36
22	8	7
23	8	0
0	9	0
1	9	8
2	9	0
3	9	0
4	9	8
5	9	8
6	9	15
7	9	22
8	9	15
9	9	29
10	9	8
11	9	29
12	9	15
13	9	0
14	9	15
15	9	22
16	9	0
17	9	8
18	9	15
19	9	15
20	9	54
21	9	15
22	9	8
23	9	8
0	10	6
1	10	0
2	10	0
3	10	0
4	10	0
5	10	23
6	10	33
7	10	12
8	10	23
9	10	12
10	10	28
11	10	23
12	10	6
13	10	28
14	10	38
15	10	12
16	10	47
17	10	17
18	10	12
19	10	6
20	10	47
21	10	33
22	10	6
23	10	0
0	11	0
1	11	0
2	11	0
3	11	0
4	11	0
5	11	0
6	11	57
7	11	0
8	11	44
9	11	16
10	11	16
11	11	0
12	11	44
13	11	0
14	11	16
15	11	0
16	11	16
17	11	0
18	11	44
19	11	0
20	11	0
21	11	0
22	11	0
23	11	0
0	12	19
1	12	4
2	12	4
3	12	4
4	12	0
5	12	4
6	12	4
7	12	19
8	12	8
9	12	12
10	12	0
11	12	23
12	12	12
13	12	12
14	12	4
15	12	16
16	12	4
17	12	19
18	12	19
19	12	19
20	12	4
21	12	12
22	12	4
23	12	16
0	13	0
1	13	0
2	13	0
3	13	0
4	13	0
5	13	36
6	13	36
7	13	0
8	13	0
9	13	0
10	13	36
11	13	0
12	13	36
13	13	0
14	13	0
15	13	0
16	13	36
17	13	0
18	13	0
19	13	0
20	13	0
21	13	36
22	13	0
23	13	36
0	14	0
1	14	0
2	14	0
3	14	0
4	14	0
5	14	32
6	14	0
7	14	0
8	14	0
9	14	0
10	14	32
11	14	0
12	14	0
13	14	32
14	14	0
15	14	0
16	14	0
17	14	0
18	14	0
19	14	0
20	14	0
21	14	0
22	14	0
23	14	32
0	15	3
1	15	5
2	15	5
3	15	2
4	15	6
5	15	5
6	15	10
7	15	14
8	15	15
9	15	15
10	15	21
11	15	16
12	15	21
13	15	28
14	15	19
15	15	17
16	15	19
17	15	24
18	15	21
19	15	24
20	15	32
21	15	13
22	15	8
23	15	5
0	16	0
1	16	0
2	16	0
3	16	0
4	16	19
5	16	0
6	16	0
7	16	24
8	16	0
9	16	13
10	16	13
11	16	0
12	16	36
13	16	0
14	16	19
15	16	19
16	16	13
17	16	30
18	16	30
19	16	30
20	16	19
21	16	19
22	16	0
23	16	0
0	17	20
1	17	0
2	17	20
3	17	0
4	17	20
5	17	0
6	17	39
7	17	20
8	17	55
9	17	0
10	17	0
11	17	20
12	17	0
13	17	0
14	17	0
15	17	0
16	17	39
17	17	39
18	17	0
19	17	20
20	17	20
21	17	20
22	17	20
23	17	20
0	18	0
1	18	0
2	18	0
3	18	0
4	18	0
5	18	0
6	18	0
7	18	18
8	18	0
9	18	0
10	18	18
11	18	0
12	18	18
13	18	34
14	18	18
15	18	34
16	18	99
17	18	0
18	18	0
19	18	18
20	18	63
21	18	18
22	18	0
23	18	0
0	19	0
1	19	0
2	19	0
3	19	0
4	19	0
5	19	0
6	19	0
7	19	0
8	19	0
9	19	0
10	19	58
11	19	0
12	19	31
13	19	0
14	19	0
15	19	0
16	19	58
17	19	0
18	19	0
19	19	0
20	19	58
21	19	0
22	19	0
23	19	0
0	20	0
1	20	0
2	20	0
3	20	0
4	20	0
5	20	0
6	20	0
7	20	0
8	20	0
9	20	0
10	20	68
11	20	118
12	20	0
13	20	0
14	20	0
15	20	0
16	20	68
17	20	0
18	20	68
19	20	68
20	20	0
21	20	0
22	20	0
23	20	0
0	21	4
1	21	3
2	21	2
3	21	3
4	21	6
5	21	10
6	21	12
7	21	14
8	21	14
9	21	14
10	21	15
11	21	17
12	21	18
13	21	19
14	21	17
15	21	17
16	21	17
17	21	18
18	21	19
19	21	21
20	21	21
21	21	17
22	21	11
23	21	7
0	22	0
1	22	0
2	22	0
3	22	0
4	22	0
5	22	14
6	22	0
7	22	14
8	22	0
9	22	0
10	22	0
11	22	0
12	22	40
13	22	52
14	22	28
15	22	14
16	22	0
17	22	0
18	22	0
19	22	14
20	22	14
21	22	63
22	22	28
23	22	0
0	23	0
1	23	0
2	23	0
3	23	0
4	23	0
5	23	0
6	23	0
7	23	23
8	23	44
9	23	23
10	23	44
11	23	23
12	23	44
13	23	0
14	23	44
15	23	23
16	23	0
17	23	0
18	23	0
19	23	0
20	23	0
21	23	0
22	23	0
23	23	0
0	24	0
1	24	0
2	24	0
3	24	0
4	24	0
5	24	6
6	24	17
7	24	12
8	24	28
9	24	43
10	24	28
11	24	17
12	24	33
13	24	23
14	24	33
15	24	12
16	24	12
17	24	17
18	24	12
19	24	23
20	24	12
21	24	6
22	24	0
23	24	0
0	25	0
1	25	0
2	25	0
3	25	0
4	25	0
5	25	39
6	25	0
7	25	39
8	25	0
9	25	39
10	25	39
11	25	0
12	25	0
13	25	0
14	25	0
15	25	0
16	25	0
17	25	72
18	25	0
19	25	0
20	25	0
21	25	0
22	25	0
23	25	0
0	26	0
1	26	0
2	26	0
3	26	0
4	26	6
5	26	0
6	26	6
7	26	6
8	26	29
9	26	23
10	26	6
11	26	12
12	26	18
13	26	12
14	26	6
15	26	6
16	26	44
17	26	6
18	26	0
19	26	0
20	26	44
21	26	44
22	26	12
23	26	0
0	27	0
1	27	0
2	27	0
3	27	0
4	27	0
5	27	0
6	27	0
7	27	0
8	27	0
9	27	0
10	27	0
11	27	119
12	27	0
13	27	0
14	27	0
15	27	49
16	27	0
17	27	0
18	27	88
19	27	0
20	27	49
21	27	119
22	27	0
23	27	0
0	28	2
1	28	7
2	28	0
3	28	0
4	28	5
5	28	8
6	28	5
7	28	11
8	28	7
9	28	16
10	28	13
11	28	10
12	28	20
13	28	27
14	28	11
15	28	20
16	28	7
17	28	21
18	28	7
19	28	24
20	28	17
21	28	14
22	28	14
23	28	5
0	29	0
1	29	0
2	29	0
3	29	0
4	29	0
5	29	39
6	29	0
7	29	0
8	29	0
9	29	0
10	29	39
11	29	0
12	29	39
13	29	0
14	29	39
15	29	0
16	29	0
17	29	0
18	29	123
19	29	0
20	29	0
21	29	72
22	29	0
23	29	0
0	30	0
1	30	0
2	30	0
3	30	0
4	30	0
5	30	0
6	30	15
7	30	15
8	30	15
9	30	0
10	30	42
11	30	15
12	30	54
13	30	15
14	30	15
15	30	15
16	30	0
17	30	42
18	30	0
19	30	0
20	30	15
21	30	29
22	30	29
23	30	0
0	31	2
1	31	2
2	31	2
3	31	2
4	31	6
5	31	21
6	31	26
7	31	19
8	31	14
9	31	12
10	31	14
11	31	16
12	31	14
13	31	15
14	31	20
15	31	22
16	31	20
17	31	20
18	31	19
19	31	21
20	31	19
21	31	8
22	31	5
23	31	2
0	32	0
1	32	0
2	32	0
3	32	0
4	32	0
5	32	0
6	32	47
7	32	0
8	32	0
9	32	0
10	32	0
11	32	25
12	32	0
13	32	0
14	32	85
15	32	25
16	32	0
17	32	0
18	32	0
19	32	25
20	32	116
21	32	47
22	32	0
23	32	0
0	33	0
1	33	0
2	33	0
3	33	0
4	33	0
5	33	0
6	33	0
7	33	0
8	33	0
9	33	0
10	33	35
11	33	0
12	33	35
13	33	0
14	33	0
15	33	0
16	33	112
17	33	64
18	33	0
19	33	35
20	33	0
21	33	0
22	33	35
23	33	0
0	34	0
1	34	0
2	34	0
3	34	36
4	34	19
5	34	0
6	34	0
7	34	0
8	34	0
9	34	0
10	34	36
11	34	0
12	34	81
13	34	19
14	34	0
15	34	36
16	34	0
17	34	19
18	34	0
19	34	36
20	34	36
21	34	19
22	34	19
23	34	19
0	35	0
1	35	0
2	35	0
3	35	0
4	35	0
5	35	0
6	35	0
7	35	0
8	35	0
9	35	30
10	35	0
11	35	0
12	35	55
13	35	30
14	35	0
15	35	0
16	35	0
17	35	0
18	35	0
19	35	0
20	35	0
21	35	0
22	35	0
23	35	30
0	36	2
1	36	8
2	36	4
3	36	2
4	36	2
5	36	4
6	36	8
7	36	21
8	36	14
9	36	8
10	36	23
11	36	23
12	36	21
13	36	28
14	36	27
15	36	16
16	36	27
17	36	28
18	36	18
19	36	19
20	36	34
21	36	12
22	36	12
23	36	6
0	37	5
1	37	0
2	37	18
3	37	5
4	37	5
5	37	10
6	37	10
7	37	10
8	37	72
9	37	69
10	37	58
11	37	69
12	37	65
13	37	62
14	37	54
15	37	5
16	37	5
17	37	0
18	37	18
19	37	27
20	37	10
21	37	14
22	37	10
23	37	0
0	38	0
1	38	0
2	38	25
3	38	0
4	38	0
5	38	0
6	38	0
7	38	0
8	38	0
9	38	0
10	38	67
11	38	0
12	38	0
13	38	0
14	38	0
15	38	0
16	38	47
17	38	0
18	38	0
19	38	0
20	38	116
21	38	0
22	38	0
23	38	25
0	39	0
1	39	0
2	39	0
3	39	0
4	39	0
5	39	37
6	39	0
7	39	0
8	39	0
9	39	0
10	39	37
11	39	0
12	39	0
13	39	0
14	39	137
15	39	37
16	39	0
17	39	0
18	39	0
19	39	0
20	39	0
21	39	0
22	39	0
23	39	0
0	40	0
1	40	0
2	40	0
3	40	0
4	40	0
5	40	15
6	40	0
7	40	8
8	40	8
9	40	8
10	40	15
11	40	22
12	40	22
13	40	22
14	40	15
15	40	8
16	40	28
17	40	22
18	40	0
19	40	28
20	40	28
21	40	22
22	40	35
23	40	8
0	41	0
1	41	0
2	41	0
3	41	0
4	41	0
5	41	0
6	41	24
7	41	0
8	41	0
9	41	0
10	41	0
11	41	24
12	41	24
13	41	24
14	41	0
15	41	0
16	41	0
17	41	0
18	41	0
19	41	24
20	41	45
21	41	45
22	41	0
23	41	0
0	42	0
1	42	0
2	42	0
3	42	0
4	42	0
5	42	0
6	42	0
7	42	0
8	42	47
9	42	0
10	42	0
11	42	0
12	42	85
13	42	47
14	42	0
15	42	0
16	42	0
17	42	85
18	42	47
19	42	85
20	42	116
21	42	0
22	42	0
23	42	0
0	43	11
1	43	0
2	43	0
3	43	0
4	43	0
5	43	22
6	43	0
7	43	0
8	43	11
9	43	11
10	43	0
11	43	0
12	43	0
13	43	11
14	43	0
15	43	0
16	43	0
17	43	11
18	43	11
19	43	0
20	43	0
21	43	22
22	43	32
23	43	22
0	44	5
1	44	0
2	44	5
3	44	9
4	44	5
5	44	0
6	44	5
7	44	5
8	44	13
9	44	9
10	44	21
11	44	17
12	44	24
13	44	36
14	44	36
15	44	36
16	44	13
17	44	0
18	44	21
19	44	32
20	44	17
21	44	13
22	44	17
23	44	5
0	45	0
1	45	0
2	45	0
3	45	0
4	45	0
5	45	30
6	45	18
7	45	18
8	45	7
9	45	7
10	45	7
11	45	18
12	45	7
13	45	18
14	45	30
15	45	35
16	45	13
17	45	35
18	45	0
19	45	7
20	45	0
21	45	7
22	45	0
23	45	0
0	46	5
1	46	0
2	46	5
3	46	0
4	46	10
5	46	0
6	46	10
7	46	20
8	46	10
9	46	0
10	46	20
11	46	0
12	46	15
13	46	5
14	46	5
15	46	10
16	46	15
17	46	5
18	46	42
19	46	42
20	46	10
21	46	5
22	46	5
23	46	0
0	47	0
1	47	0
2	47	0
3	47	0
4	47	14
5	47	14
6	47	14
7	47	0
8	47	0
9	47	14
10	47	0
11	47	14
12	47	40
13	47	0
14	47	0
15	47	14
16	47	52
17	47	14
18	47	28
19	47	28
20	47	28
21	47	0
22	47	0
23	47	0
0	48	0
1	48	0
2	48	0
3	48	0
4	48	0
5	48	0
6	48	0
7	48	0
8	48	0
9	48	0
10	48	0
11	48	0
12	48	0
13	48	0
14	48	0
15	48	0
16	48	0
17	48	0
18	48	0
19	48	0
20	48	175
21	48	0
22	48	0
23	48	0
0	49	0
1	49	0
2	49	23
3	49	0
4	49	0
5	49	23
6	49	0
7	49	23
8	49	0
9	49	23
10	49	79
11	49	43
12	49	79
13	49	23
14	49	0
15	49	0
16	49	23
17	49	0
18	49	62
19	49	0
20	49	43
21	49	23
22	49	0
23	49	0
0	50	0
1	50	0
2	50	0
3	50	0
4	50	0
5	50	9
6	50	32
7	50	24
8	50	24
9	50	9
10	50	0
11	50	17
12	50	0
13	50	9
14	50	17
15	50	0
16	50	0
17	50	9
18	50	17
19	50	17
20	50	24
21	50	9
22	50	0
23	50	24
0	51	0
1	51	0
2	51	0
3	51	0
4	51	0
5	51	0
6	51	0
7	51	0
8	51	0
9	51	0
10	51	40
11	51	14
12	51	27
13	51	27
14	51	14
15	51	27
16	51	0
17	51	0
18	51	14
19	51	14
20	51	101
21	51	14
22	51	0
23	51	0
0	52	8
1	52	0
2	52	0
3	52	27
4	52	14
5	52	8
6	52	14
7	52	0
8	52	27
9	52	0
10	52	27
11	52	0
12	52	27
13	52	97
14	52	14
15	52	21
16	52	27
17	52	21
18	52	46
19	52	14
20	52	40
21	52	21
22	52	0
23	52	0
0	53	13
1	53	0
2	53	0
3	53	0
4	53	0
5	53	0
6	53	13
7	53	0
8	53	13
9	53	13
10	53	13
11	53	13
12	53	0
13	53	13
14	53	47
15	53	36
16	53	0
17	53	0
18	53	0
19	53	0
20	53	13
21	53	0
22	53	0
23	53	13
0	54	12
1	54	20
2	54	0
3	54	5
4	54	0
5	54	12
6	54	24
7	54	12
8	54	34
9	54	12
10	54	41
11	54	16
12	54	27
13	54	20
14	54	27
15	54	31
16	54	12
17	54	27
18	54	8
19	54	16
20	54	20
21	54	31
22	54	5
23	54	24
0	55	0
1	55	0
2	55	2
3	55	0
4	55	6
5	55	5
6	55	10
7	55	16
8	55	7
9	55	4
10	55	3
11	55	8
12	55	10
13	55	9
14	55	9
15	55	12
16	55	8
17	55	6
18	55	5
19	55	5
20	55	3
21	55	3
22	55	1
23	55	1
0	56	0
1	56	0
2	56	0
3	56	0
4	56	0
5	56	0
6	56	0
7	56	0
8	56	0
9	56	31
10	56	31
11	56	58
12	56	0
13	56	0
14	56	0
15	56	0
16	56	31
17	56	82
18	56	0
19	56	0
20	56	0
21	56	31
22	56	31
23	56	31
0	57	0
1	57	0
2	57	0
3	57	0
4	57	0
5	57	0
6	57	0
7	57	47
8	57	25
9	57	25
10	57	67
11	57	0
12	57	25
13	57	0
14	57	0
15	57	25
16	57	0
17	57	0
18	57	0
19	57	0
20	57	25
21	57	0
22	57	0
23	57	0
0	58	1
1	58	1
2	58	1
3	58	5
4	58	10
5	58	21
6	58	14
7	58	15
8	58	17
9	58	20
10	58	13
11	58	17
12	58	14
13	58	13
14	58	21
15	58	18
16	58	21
17	58	19
18	58	19
19	58	20
20	58	17
21	58	10
22	58	6
23	58	4
0	59	0
1	59	0
2	59	0
3	59	0
4	59	0
5	59	17
6	59	0
7	59	17
8	59	33
9	59	0
10	59	0
11	59	0
12	59	33
13	59	61
14	59	33
15	59	33
16	59	47
17	59	33
18	59	33
19	59	17
20	59	33
21	59	17
22	59	0
23	59	0
0	60	6
1	60	1
2	60	1
3	60	2
4	60	6
5	60	13
6	60	21
7	60	17
8	60	19
9	60	20
10	60	18
11	60	17
12	60	15
13	60	15
14	60	26
15	60	24
16	60	12
17	60	15
18	60	17
19	60	18
20	60	12
21	60	7
22	60	4
23	60	3
0	61	0
1	61	0
2	61	0
3	61	0
4	61	13
5	61	25
6	61	0
7	61	0
8	61	0
9	61	13
10	61	0
11	61	0
12	61	13
13	61	58
14	61	67
15	61	0
16	61	13
17	61	25
18	61	36
19	61	36
20	61	0
21	61	0
22	61	0
23	61	0
0	62	7
1	62	0
2	62	0
3	62	0
4	62	14
5	62	20
6	62	7
7	62	39
8	62	7
9	62	44
10	62	27
11	62	33
12	62	20
13	62	66
14	62	33
15	62	0
16	62	14
17	62	0
18	62	33
19	62	20
20	62	44
21	62	14
22	62	0
23	62	7
0	63	0
1	63	0
2	63	0
3	63	0
4	63	17
5	63	0
6	63	17
7	63	0
8	63	48
9	63	33
10	63	48
11	63	0
12	63	0
13	63	33
14	63	17
15	63	17
16	63	0
17	63	17
18	63	62
19	63	17
20	63	17
21	63	0
22	63	0
23	63	0
0	64	0
1	64	0
2	64	0
3	64	0
4	64	0
5	64	0
6	64	0
7	64	0
8	64	0
9	64	0
10	64	0
11	64	37
12	64	0
13	64	0
14	64	95
15	64	0
16	64	0
17	64	0
18	64	0
19	64	37
20	64	0
21	64	0
22	64	0
23	64	0
0	65	0
1	65	0
2	65	0
3	65	13
4	65	0
5	65	0
6	65	0
7	65	0
8	65	0
9	65	13
10	65	13
11	65	0
12	65	0
13	65	0
14	65	0
15	65	13
16	65	0
17	65	0
18	65	13
19	65	24
20	65	13
21	65	13
22	65	0
23	65	13
0	66	0
1	66	0
2	66	3
3	66	3
4	66	6
5	66	8
6	66	13
7	66	8
8	66	11
9	66	8
10	66	23
11	66	11
12	66	26
13	66	31
14	66	23
15	66	21
16	66	11
17	66	23
18	66	21
19	66	8
20	66	3
21	66	6
22	66	0
23	66	0
0	67	47
1	67	0
2	67	0
3	67	0
4	67	0
5	67	47
6	67	0
7	67	47
8	67	0
9	67	0
10	67	0
11	67	0
12	67	0
13	67	47
14	67	0
15	67	0
16	67	0
17	67	0
18	67	0
19	67	0
20	67	0
21	67	0
22	67	0
23	67	141
0	68	0
1	68	0
2	68	0
3	68	0
4	68	0
5	68	0
6	68	39
7	68	39
8	68	20
9	68	0
10	68	39
11	68	0
12	68	0
13	68	20
14	68	0
15	68	0
16	68	0
17	68	39
18	68	0
19	68	39
20	68	71
21	68	71
22	68	0
23	68	0
0	69	0
1	69	0
2	69	0
3	69	0
4	69	0
5	69	0
6	69	0
7	69	0
8	69	0
9	69	0
10	69	0
11	69	0
12	69	0
13	69	0
14	69	44
15	69	0
16	69	0
17	69	44
18	69	0
19	69	23
20	69	23
21	69	23
22	69	0
23	69	0
0	70	0
1	70	0
2	70	0
3	70	0
4	70	0
5	70	0
6	70	58
7	70	103
8	70	0
9	70	0
10	70	0
11	70	58
12	70	58
13	70	0
14	70	0
15	70	0
16	70	0
17	70	0
18	70	0
19	70	137
20	70	103
21	70	0
22	70	0
23	70	0
0	71	0
1	71	0
2	71	4
3	71	2
4	71	4
5	71	7
6	71	24
7	71	7
8	71	17
9	71	20
10	71	14
11	71	11
12	71	16
13	71	16
14	71	17
15	71	8
16	71	17
17	71	17
18	71	8
19	71	35
20	71	19
21	71	26
22	71	7
23	71	8
0	72	0
1	72	0
2	72	0
3	72	0
4	72	26
5	72	0
6	72	0
7	72	0
8	72	0
9	72	26
10	72	0
11	72	0
12	72	49
13	72	0
14	72	0
15	72	26
16	72	0
17	72	0
18	72	26
19	72	26
20	72	69
21	72	0
22	72	49
23	72	26
0	73	0
1	73	0
2	73	0
3	73	0
4	73	0
5	73	0
6	73	0
7	73	31
8	73	16
9	73	16
10	73	0
11	73	16
12	73	16
13	73	31
14	73	0
15	73	0
16	73	16
17	73	0
18	73	31
19	73	16
20	73	0
21	73	82
22	73	16
23	73	0
0	74	15
1	74	0
2	74	0
3	74	0
4	74	8
5	74	12
6	74	19
7	74	12
8	74	23
9	74	23
10	74	19
11	74	12
12	74	8
13	74	36
14	74	26
15	74	23
16	74	29
17	74	12
18	74	26
19	74	26
20	74	15
21	74	12
22	74	8
23	74	8
0	75	0
1	75	0
2	75	0
3	75	14
4	75	0
5	75	14
6	75	28
7	75	0
8	75	28
9	75	14
10	75	14
11	75	14
12	75	0
13	75	0
14	75	28
15	75	0
16	75	0
17	75	14
18	75	40
19	75	28
20	75	14
21	75	40
22	75	28
23	75	14
0	76	0
1	76	10
2	76	0
3	76	19
4	76	10
5	76	0
6	76	19
7	76	0
8	76	0
9	76	0
10	76	45
11	76	10
12	76	0
13	76	0
14	76	19
15	76	28
16	76	0
17	76	0
18	76	10
19	76	0
20	76	19
21	76	10
22	76	10
23	76	0
0	77	0
1	77	6
2	77	0
3	77	0
4	77	6
5	77	11
6	77	0
7	77	6
8	77	29
9	77	29
10	77	20
11	77	11
12	77	6
13	77	6
14	77	6
15	77	20
16	77	15
17	77	29
18	77	25
19	77	15
20	77	15
21	77	25
22	77	11
23	77	11
0	78	0
1	78	0
2	78	0
3	78	0
4	78	0
5	78	0
6	78	0
7	78	0
8	78	0
9	78	0
10	78	19
11	78	0
12	78	37
13	78	10
14	78	0
15	78	19
16	78	0
17	78	19
18	78	0
19	78	19
20	78	10
21	78	10
22	78	19
23	78	0
0	79	3
1	79	0
2	79	0
3	79	0
4	79	3
5	79	3
6	79	5
7	79	10
8	79	3
9	79	12
10	79	3
11	79	15
12	79	3
13	79	5
14	79	15
15	79	12
16	79	3
17	79	10
18	79	22
19	79	12
20	79	5
21	79	8
22	79	3
23	79	0
0	80	0
1	80	0
2	80	0
3	80	0
4	80	0
5	80	0
6	80	13
7	80	13
8	80	0
9	80	0
10	80	13
11	80	0
12	80	25
13	80	13
14	80	13
15	80	0
16	80	0
17	80	0
18	80	13
19	80	13
20	80	13
21	80	0
22	80	13
23	80	0
0	81	0
1	81	18
2	81	0
3	81	0
4	81	0
5	81	0
6	81	0
7	81	35
8	81	35
9	81	35
10	81	0
11	81	0
12	81	0
13	81	0
14	81	64
15	81	18
16	81	0
17	81	18
18	81	18
19	81	18
20	81	18
21	81	0
22	81	0
23	81	35
0	82	0
1	82	0
2	82	0
3	82	0
4	82	20
5	82	0
6	82	0
7	82	0
8	82	0
9	82	20
10	82	0
11	82	0
12	82	38
13	82	0
14	82	0
15	82	0
16	82	0
17	82	70
18	82	20
19	82	20
20	82	20
21	82	0
22	82	0
23	82	0
0	83	0
1	83	0
2	83	0
3	83	0
4	83	0
5	83	0
6	83	0
7	83	0
8	83	0
9	83	68
10	83	0
11	83	0
12	83	68
13	83	0
14	83	0
15	83	154
16	83	0
17	83	0
18	83	0
19	83	0
20	83	68
21	83	0
22	83	0
23	83	0
0	84	0
1	84	0
2	84	0
3	84	0
4	84	9
5	84	9
6	84	14
7	84	22
8	84	9
9	84	9
10	84	18
11	84	50
12	84	22
13	84	18
14	84	18
15	84	18
16	84	42
17	84	18
18	84	26
19	84	26
20	84	26
21	84	18
22	84	22
23	84	22
0	85	0
1	85	0
2	85	0
3	85	0
4	85	0
5	85	0
6	85	123
7	85	0
8	85	0
9	85	0
10	85	0
11	85	0
12	85	0
13	85	0
14	85	0
15	85	0
16	85	0
17	85	0
18	85	0
19	85	0
20	85	0
21	85	0
22	85	0
23	85	0
0	86	0
1	86	4
2	86	0
3	86	4
4	86	12
5	86	4
6	86	15
7	86	35
8	86	25
9	86	15
10	86	12
11	86	8
12	86	25
13	86	25
14	86	29
15	86	35
16	86	4
17	86	29
18	86	19
19	86	25
20	86	12
21	86	45
22	86	12
23	86	0
0	87	2
1	87	2
2	87	2
3	87	2
4	87	5
5	87	17
6	87	10
7	87	7
8	87	17
9	87	16
10	87	15
11	87	15
12	87	13
13	87	13
14	87	12
15	87	9
16	87	19
17	87	23
18	87	27
19	87	24
20	87	25
21	87	14
22	87	7
23	87	5
0	88	0
1	88	0
2	88	0
3	88	0
4	88	0
5	88	0
6	88	20
7	88	0
8	88	0
9	88	0
10	88	0
11	88	0
12	88	20
13	88	0
14	88	70
15	88	20
16	88	0
17	88	0
18	88	55
19	88	20
20	88	55
21	88	0
22	88	0
23	88	0
0	89	25
1	89	0
2	89	0
3	89	0
4	89	0
5	89	0
6	89	0
7	89	0
8	89	25
9	89	25
10	89	0
11	89	0
12	89	0
13	89	0
14	89	25
15	89	67
16	89	25
17	89	25
18	89	25
19	89	47
20	89	47
21	89	47
22	89	67
23	89	25
0	90	0
1	90	12
2	90	12
3	90	0
4	90	0
5	90	0
6	90	23
7	90	12
8	90	12
9	90	0
10	90	0
11	90	0
12	90	0
13	90	0
14	90	0
15	90	34
16	90	0
17	90	44
18	90	12
19	90	116
20	90	44
21	90	0
22	90	34
23	90	0
0	91	5
1	91	3
2	91	3
3	91	4
4	91	6
5	91	10
6	91	12
7	91	14
8	91	15
9	91	16
10	91	15
11	91	15
12	91	18
13	91	21
14	91	20
15	91	18
16	91	17
17	91	18
18	91	23
19	91	21
20	91	25
21	91	17
22	91	12
23	91	7
0	92	0
1	92	0
2	92	0
3	92	0
4	92	0
5	92	0
6	92	0
7	92	0
8	92	39
9	92	72
10	92	39
11	92	0
12	92	0
13	92	0
14	92	39
15	92	0
16	92	0
17	92	39
18	92	0
19	92	0
20	92	72
21	92	0
22	92	0
23	92	0
0	93	0
1	93	0
2	93	0
3	93	33
4	93	0
5	93	0
6	93	0
7	93	0
8	93	33
9	93	33
10	93	61
11	93	0
12	93	33
13	93	61
14	93	33
15	93	33
16	93	0
17	93	33
18	93	0
19	93	0
20	93	33
21	93	0
22	93	0
23	93	0
0	94	13
1	94	0
2	94	0
3	94	0
4	94	0
5	94	24
6	94	19
7	94	13
8	94	19
9	94	13
10	94	24
11	94	30
12	94	19
13	94	35
14	94	30
15	94	13
16	94	13
17	94	19
18	94	41
19	94	56
20	94	35
21	94	0
22	94	7
23	94	0
0	95	4
1	95	3
2	95	2
3	95	3
4	95	7
5	95	11
6	95	13
7	95	15
8	95	15
9	95	15
10	95	16
11	95	17
12	95	19
13	95	19
14	95	19
15	95	18
16	95	17
17	95	19
18	95	20
19	95	22
20	95	21
21	95	15
22	95	10
23	95	6
0	96	4
1	96	0
2	96	0
3	96	0
4	96	10
5	96	8
6	96	10
7	96	14
8	96	4
9	96	8
10	96	28
11	96	10
12	96	19
13	96	16
14	96	16
15	96	25
16	96	21
17	96	19
18	96	30
19	96	14
20	96	16
21	96	6
22	96	10
23	96	0
0	97	0
1	97	0
2	97	0
3	97	0
4	97	5
5	97	5
6	97	10
7	97	10
8	97	5
9	97	5
10	97	15
11	97	10
12	97	15
13	97	10
14	97	0
15	97	15
16	97	10
17	97	29
18	97	38
19	97	24
20	97	5
21	97	0
22	97	0
23	97	5
0	98	6
1	98	0
2	98	0
3	98	2
4	98	6
5	98	6
6	98	4
7	98	13
8	98	17
9	98	15
10	98	8
11	98	22
12	98	44
13	98	30
14	98	36
15	98	4
16	98	20
17	98	22
18	98	33
19	98	13
20	98	28
21	98	11
22	98	11
23	98	11
0	99	0
1	99	0
2	99	0
3	99	0
4	99	0
5	99	0
6	99	0
7	99	0
8	99	0
9	99	0
10	99	0
11	99	61
12	99	0
13	99	0
14	99	0
15	99	0
16	99	61
17	99	0
18	99	61
19	99	0
20	99	0
21	99	0
22	99	0
23	99	0
0	100	92
1	100	66
2	100	0
3	100	0
4	100	0
5	100	0
6	100	0
7	100	0
8	100	36
9	100	36
10	100	0
11	100	0
12	100	0
13	100	0
14	100	0
15	100	0
16	100	0
17	100	0
18	100	0
19	100	0
20	100	0
21	100	0
22	100	0
23	100	0
0	101	17
1	101	17
2	101	0
3	101	25
4	101	25
5	101	0
6	101	9
7	101	40
8	101	40
9	101	0
10	101	0
11	101	0
12	101	9
13	101	17
14	101	25
15	101	0
16	101	33
17	101	17
18	101	25
19	101	40
20	101	0
21	101	33
22	101	0
23	101	25
0	102	0
1	102	0
2	102	0
3	102	0
4	102	0
5	102	0
6	102	0
7	102	0
8	102	32
9	102	0
10	102	0
11	102	0
12	102	0
13	102	0
14	102	32
15	102	17
16	102	0
17	102	0
18	102	0
19	102	0
20	102	0
21	102	46
22	102	17
23	102	0
0	103	0
1	103	0
2	103	0
3	103	0
4	103	0
5	103	8
6	103	44
7	103	8
8	103	8
9	103	30
10	103	0
11	103	0
12	103	16
13	103	0
14	103	16
15	103	23
16	103	30
17	103	37
18	103	0
19	103	8
20	103	8
21	103	0
22	103	0
23	103	0
0	104	0
1	104	0
2	104	0
3	104	0
4	104	9
5	104	0
6	104	0
7	104	0
8	104	0
9	104	32
10	104	39
11	104	24
12	104	9
13	104	24
14	104	17
15	104	9
16	104	0
17	104	17
18	104	24
19	104	9
20	104	17
21	104	9
22	104	9
23	104	0
0	105	0
1	105	0
2	105	0
3	105	0
4	105	0
5	105	0
6	105	12
7	105	0
8	105	45
9	105	0
10	105	24
11	105	12
12	105	24
13	105	0
14	105	12
15	105	35
16	105	35
17	105	24
18	105	0
19	105	0
20	105	24
21	105	0
22	105	0
23	105	0
0	106	23
1	106	0
2	106	0
3	106	0
4	106	0
5	106	0
6	106	0
7	106	23
8	106	0
9	106	63
10	106	23
11	106	44
12	106	0
13	106	0
14	106	63
15	106	23
16	106	23
17	106	0
18	106	63
19	106	23
20	106	63
21	106	0
22	106	0
23	106	0
0	107	0
1	107	0
2	107	0
3	107	11
4	107	11
5	107	0
6	107	20
7	107	0
8	107	0
9	107	38
10	107	20
11	107	11
12	107	0
13	107	47
14	107	20
15	107	0
16	107	20
17	107	0
18	107	0
19	107	11
20	107	20
21	107	11
22	107	0
23	107	0
0	108	16
1	108	0
2	108	0
3	108	0
4	108	6
5	108	6
6	108	11
7	108	11
8	108	11
9	108	0
10	108	30
11	108	11
12	108	6
13	108	20
14	108	11
15	108	11
16	108	11
17	108	20
18	108	11
19	108	20
20	108	11
21	108	6
22	108	0
23	108	0
0	109	0
1	109	0
2	109	0
3	109	0
4	109	52
5	109	0
6	109	60
7	109	0
8	109	12
9	109	0
10	109	12
11	109	0
12	109	22
13	109	22
14	109	0
15	109	33
16	109	42
17	109	12
18	109	22
19	109	22
20	109	33
21	109	22
22	109	0
23	109	33
0	110	3
1	110	6
2	110	0
3	110	0
4	110	6
5	110	12
6	110	15
7	110	9
8	110	18
9	110	6
10	110	18
11	110	18
12	110	9
13	110	15
14	110	31
15	110	29
16	110	12
17	110	9
18	110	15
19	110	15
20	110	15
21	110	15
22	110	3
23	110	0
0	111	0
1	111	0
2	111	0
3	111	9
4	111	0
5	111	9
6	111	34
7	111	0
8	111	9
9	111	9
10	111	9
11	111	9
12	111	9
13	111	9
14	111	34
15	111	9
16	111	49
17	111	18
18	111	0
19	111	26
20	111	34
21	111	18
22	111	18
23	111	0
0	112	0
1	112	0
2	112	0
3	112	35
4	112	0
5	112	0
6	112	0
7	112	18
8	112	51
9	112	0
10	112	18
11	112	0
12	112	0
13	112	18
14	112	0
15	112	0
16	112	0
17	112	0
18	112	0
19	112	0
20	112	0
21	112	51
22	112	0
23	112	0
0	113	0
1	113	0
2	113	0
3	113	0
4	113	0
5	113	110
6	113	0
7	113	0
8	113	63
9	113	0
10	113	34
11	113	0
12	113	34
13	113	0
14	113	34
15	113	63
16	113	0
17	113	34
18	113	0
19	113	0
20	113	34
21	113	0
22	113	0
23	113	63
0	114	0
1	114	0
2	114	0
3	114	0
4	114	23
5	114	0
6	114	16
7	114	0
8	114	0
9	114	16
10	114	8
11	114	8
12	114	8
13	114	23
14	114	30
15	114	8
16	114	16
17	114	8
18	114	8
19	114	16
20	114	16
21	114	23
22	114	0
23	114	8
0	115	0
1	115	0
2	115	0
3	115	0
4	115	0
5	115	0
6	115	0
7	115	0
8	115	0
9	115	60
10	115	38
11	115	26
12	115	50
13	115	14
14	115	0
15	115	0
16	115	14
17	115	26
18	115	0
19	115	14
20	115	38
21	115	38
22	115	14
23	115	0
0	116	4
1	116	2
2	116	0
3	116	4
4	116	7
5	116	10
6	116	19
7	116	11
8	116	20
9	116	16
10	116	13
11	116	5
12	116	26
13	116	13
14	116	23
15	116	20
16	116	13
17	116	25
18	116	17
19	116	32
20	116	11
21	116	16
22	116	8
23	116	7
0	117	14
1	117	0
2	117	0
3	117	0
4	117	14
5	117	0
6	117	0
7	117	26
8	117	14
9	117	49
10	117	26
11	117	26
12	117	14
13	117	49
14	117	49
15	117	26
16	117	60
17	117	14
18	117	49
19	117	26
20	117	49
21	117	0
22	117	0
23	117	14
0	118	0
1	118	0
2	118	36
3	118	0
4	118	0
5	118	0
6	118	0
7	118	0
8	118	0
9	118	0
10	118	0
11	118	36
12	118	0
13	118	0
14	118	0
15	118	0
16	118	92
17	118	0
18	118	0
19	118	115
20	118	92
21	118	0
22	118	0
23	118	36
0	119	77
1	119	0
2	119	0
3	119	0
4	119	0
5	119	0
6	119	0
7	119	0
8	119	0
9	119	0
10	119	0
11	119	77
12	119	0
13	119	0
14	119	0
15	119	0
16	119	0
17	119	0
18	119	0
19	119	0
20	119	0
21	119	0
22	119	0
23	119	0
0	120	0
1	120	14
2	120	0
3	120	0
4	120	0
5	120	27
6	120	14
7	120	39
8	120	14
9	120	0
10	120	0
11	120	14
12	120	14
13	120	0
14	120	0
15	120	0
16	120	39
17	120	27
18	120	0
19	120	0
20	120	0
21	120	14
22	120	14
23	120	0
0	121	0
1	121	0
2	121	0
3	121	0
4	121	0
5	121	0
6	121	0
7	121	0
8	121	0
9	121	0
10	121	0
11	121	0
12	121	0
13	121	0
14	121	0
15	121	205
16	121	0
17	121	61
18	121	0
19	121	0
20	121	0
21	121	0
22	121	0
23	121	0
0	122	0
1	122	0
2	122	0
3	122	0
4	122	0
5	122	0
6	122	0
7	122	0
8	122	0
9	122	34
10	122	12
11	122	0
12	122	12
13	122	34
14	122	0
15	122	12
16	122	12
17	122	0
18	122	23
19	122	12
20	122	34
21	122	0
22	122	0
23	122	0
0	123	0
1	123	0
2	123	31
3	123	0
4	123	31
5	123	0
6	123	0
7	123	31
8	123	0
9	123	0
10	123	0
11	123	0
12	123	31
13	123	31
14	123	82
15	123	0
16	123	0
17	123	82
18	123	0
19	123	0
20	123	58
21	123	0
22	123	0
23	123	0
0	124	0
1	124	0
2	124	6
3	124	12
4	124	0
5	124	3
6	124	12
7	124	3
8	124	9
9	124	14
10	124	9
11	124	17
12	124	22
13	124	27
14	124	22
15	124	17
16	124	9
17	124	17
18	124	22
19	124	14
20	124	9
21	124	22
22	124	14
23	124	9
0	125	0
1	125	0
2	125	47
3	125	0
4	125	0
5	125	0
6	125	0
7	125	0
8	125	0
9	125	0
10	125	0
11	125	0
12	125	25
13	125	25
14	125	0
15	125	0
16	125	0
17	125	0
18	125	0
19	125	0
20	125	85
21	125	25
22	125	85
23	125	0
0	126	0
1	126	0
2	126	0
3	126	0
4	126	0
5	126	23
6	126	0
7	126	23
8	126	43
9	126	0
10	126	0
11	126	23
12	126	0
13	126	0
14	126	0
15	126	43
16	126	23
17	126	0
18	126	0
19	126	43
20	126	23
21	126	0
22	126	0
23	126	0
0	127	18
1	127	0
2	127	0
3	127	0
4	127	0
5	127	0
6	127	0
7	127	0
8	127	0
9	127	18
10	127	50
11	127	35
12	127	18
13	127	0
14	127	0
15	127	0
16	127	0
17	127	0
18	127	18
19	127	18
20	127	0
21	127	35
22	127	101
23	127	18
0	128	0
1	128	0
2	128	0
3	128	0
4	128	0
5	128	0
6	128	9
7	128	0
8	128	0
9	128	24
10	128	24
11	128	0
12	128	39
13	128	24
14	128	0
15	128	39
16	128	0
17	128	9
18	128	0
19	128	9
20	128	17
21	128	17
22	128	9
23	128	0
0	129	0
1	129	0
2	129	0
3	129	0
4	129	0
5	129	0
6	129	0
7	129	34
8	129	0
9	129	0
10	129	0
11	129	0
12	129	0
13	129	0
14	129	0
15	129	0
16	129	34
17	129	34
18	129	34
19	129	0
20	129	0
21	129	0
22	129	0
23	129	0
0	130	0
1	130	0
2	130	0
3	130	17
4	130	0
5	130	0
6	130	0
7	130	0
8	130	59
9	130	32
10	130	0
11	130	32
12	130	0
13	130	17
14	130	0
15	130	17
16	130	17
17	130	59
18	130	83
19	130	32
20	130	0
21	130	17
22	130	0
23	130	0
0	131	0
1	131	0
2	131	0
3	131	0
4	131	0
5	131	0
6	131	8
7	131	22
8	131	22
9	131	15
10	131	8
11	131	36
12	131	8
13	131	29
14	131	29
15	131	36
16	131	15
17	131	22
18	131	15
19	131	22
20	131	0
21	131	0
22	131	8
23	131	0
0	132	9
1	132	0
2	132	0
3	132	0
4	132	0
5	132	0
6	132	18
7	132	26
8	132	0
9	132	9
10	132	18
11	132	26
12	132	33
13	132	0
14	132	18
15	132	0
16	132	9
17	132	33
18	132	26
19	132	18
20	132	26
21	132	26
22	132	0
23	132	0
0	133	0
1	133	21
2	133	0
3	133	0
4	133	21
5	133	21
6	133	0
7	133	0
8	133	0
9	133	0
10	133	21
11	133	0
12	133	21
13	133	0
14	133	0
15	133	0
16	133	0
17	133	0
18	133	40
19	133	57
20	133	21
21	133	57
22	133	0
23	133	0
0	134	0
1	134	13
2	134	7
3	134	7
4	134	0
5	134	13
6	134	0
7	134	7
8	134	7
9	134	13
10	134	13
11	134	13
12	134	13
13	134	13
14	134	30
15	134	35
16	134	0
17	134	7
18	134	24
19	134	24
20	134	30
21	134	13
22	134	0
23	134	13
0	135	0
1	135	0
2	135	0
3	135	0
4	135	0
5	135	0
6	135	0
7	135	35
8	135	0
9	135	0
10	135	0
11	135	35
12	135	35
13	135	0
14	135	0
15	135	64
16	135	35
17	135	64
18	135	35
19	135	35
20	135	0
21	135	0
22	135	0
23	135	0
0	136	8
1	136	0
2	136	8
3	136	0
4	136	0
5	136	35
6	136	15
7	136	15
8	136	42
9	136	15
10	136	0
11	136	8
12	136	15
13	136	15
14	136	8
15	136	22
16	136	15
17	136	22
18	136	29
19	136	15
20	136	8
21	136	15
22	136	8
23	136	15
0	137	0
1	137	0
2	137	0
3	137	0
4	137	0
5	137	28
6	137	0
7	137	0
8	137	0
9	137	0
10	137	75
11	137	0
12	137	28
13	137	0
14	137	0
15	137	0
16	137	75
17	137	0
18	137	0
19	137	0
20	137	0
21	137	0
22	137	28
23	137	0
0	138	2
1	138	0
2	138	0
3	138	0
4	138	13
5	138	7
6	138	9
7	138	10
8	138	7
9	138	19
10	138	12
11	138	21
12	138	9
13	138	15
14	138	18
15	138	5
16	138	21
17	138	10
18	138	10
19	138	12
20	138	30
21	138	21
22	138	7
23	138	7
0	139	15
1	139	0
2	139	0
3	139	0
4	139	15
5	139	10
6	139	5
7	139	15
8	139	5
9	139	5
10	139	0
11	139	0
12	139	24
13	139	50
14	139	33
15	139	0
16	139	15
17	139	20
18	139	10
19	139	20
20	139	0
21	139	20
22	139	5
23	139	0
0	140	0
1	140	0
2	140	0
3	140	47
4	140	0
5	140	13
6	140	57
7	140	0
8	140	25
9	140	25
10	140	13
11	140	36
12	140	0
13	140	0
14	140	0
15	140	25
16	140	25
17	140	67
18	140	13
19	140	13
20	140	13
21	140	0
22	140	0
23	140	0
0	141	0
1	141	0
2	141	0
3	141	14
4	141	0
5	141	14
6	141	27
7	141	0
8	141	0
9	141	27
10	141	27
11	141	27
12	141	0
13	141	14
14	141	39
15	141	14
16	141	27
17	141	61
18	141	14
19	141	14
20	141	14
21	141	39
22	141	0
23	141	14
0	142	0
1	142	0
2	142	0
3	142	0
4	142	0
5	142	0
6	142	0
7	142	0
8	142	0
9	142	45
10	142	0
11	142	0
12	142	0
13	142	0
14	142	45
15	142	0
16	142	0
17	142	0
18	142	137
19	142	0
20	142	0
21	142	0
22	142	0
23	142	0
0	143	30
1	143	0
2	143	20
3	143	0
4	143	0
5	143	0
6	143	20
7	143	11
8	143	0
9	143	0
10	143	0
11	143	11
12	143	30
13	143	11
14	143	30
15	143	20
16	143	0
17	143	0
18	143	30
19	143	20
20	143	39
21	143	0
22	143	11
23	143	20
0	144	0
1	144	0
2	144	0
3	144	0
4	144	0
5	144	0
6	144	0
7	144	53
8	144	0
9	144	0
10	144	0
11	144	0
12	144	0
13	144	0
14	144	0
15	144	0
16	144	0
17	144	0
18	144	95
19	144	95
20	144	95
21	144	0
22	144	0
23	144	0
0	145	0
1	145	0
2	145	0
3	145	0
4	145	0
5	145	18
6	145	0
7	145	18
8	145	18
9	145	18
10	145	18
11	145	18
12	145	0
13	145	18
14	145	18
15	145	18
16	145	35
17	145	18
18	145	18
19	145	0
20	145	18
21	145	18
22	145	0
23	145	0
0	146	0
1	146	5
2	146	0
3	146	3
4	146	11
5	146	13
6	146	5
7	146	9
8	146	20
9	146	7
10	146	22
11	146	32
12	146	24
13	146	30
14	146	18
15	146	11
16	146	26
17	146	30
18	146	9
19	146	22
20	146	16
21	146	16
22	146	7
23	146	3
0	147	7
1	147	0
2	147	0
3	147	0
4	147	0
5	147	0
6	147	14
7	147	0
8	147	14
9	147	7
10	147	14
11	147	14
12	147	21
13	147	7
14	147	7
15	147	7
16	147	0
17	147	21
18	147	14
19	147	14
20	147	7
21	147	14
22	147	0
23	147	33
0	148	0
1	148	0
2	148	0
3	148	0
4	148	0
5	148	0
6	148	13
7	148	24
8	148	0
9	148	13
10	148	24
11	148	75
12	148	35
13	148	13
14	148	24
15	148	13
16	148	56
17	148	24
18	148	35
19	148	13
20	148	56
21	148	91
22	148	13
23	148	35
0	149	0
1	149	0
2	149	0
3	149	0
4	149	0
5	149	18
6	149	18
7	149	18
8	149	18
9	149	34
10	149	0
11	149	18
12	149	0
13	149	0
14	149	34
15	149	18
16	149	49
17	149	34
18	149	18
19	149	0
20	149	0
21	149	0
22	149	18
23	149	0
0	150	0
1	150	0
2	150	0
3	150	0
4	150	8
5	150	0
6	150	15
7	150	0
8	150	15
9	150	0
10	150	8
11	150	15
12	150	8
13	150	36
14	150	15
15	150	42
16	150	29
17	150	22
18	150	48
19	150	48
20	150	22
21	150	29
22	150	0
23	150	8
0	151	0
1	151	0
2	151	0
3	151	0
4	151	0
5	151	18
6	151	0
7	151	0
8	151	0
9	151	0
10	151	18
11	151	35
12	151	18
13	151	18
14	151	18
15	151	18
16	151	35
17	151	50
18	151	18
19	151	18
20	151	18
21	151	18
22	151	0
23	151	0
0	152	0
1	152	0
2	152	13
3	152	3
4	152	0
5	152	8
6	152	17
7	152	5
8	152	17
9	152	13
10	152	22
11	152	22
12	152	33
13	152	33
14	152	20
15	152	13
16	152	17
17	152	8
18	152	15
19	152	15
20	152	5
21	152	8
22	152	3
23	152	0
0	153	0
1	153	0
2	153	0
3	153	0
4	153	0
5	153	0
6	153	0
7	153	48
8	153	0
9	153	0
10	153	25
11	153	0
12	153	0
13	153	0
14	153	25
15	153	48
16	153	0
17	153	0
18	153	0
19	153	0
20	153	103
21	153	68
22	153	0
23	153	0
0	154	0
1	154	0
2	154	0
3	154	0
4	154	23
5	154	23
6	154	0
7	154	23
8	154	0
9	154	0
10	154	0
11	154	43
12	154	23
13	154	43
14	154	0
15	154	0
16	154	0
17	154	23
18	154	0
19	154	0
20	154	0
21	154	0
22	154	0
23	154	0
0	155	0
1	155	0
2	155	0
3	155	0
4	155	0
5	155	23
6	155	0
7	155	23
8	155	0
9	155	0
10	155	0
11	155	0
12	155	0
13	155	0
14	155	23
15	155	0
16	155	0
17	155	0
18	155	23
19	155	44
20	155	0
21	155	0
22	155	63
23	155	0
0	156	0
1	156	0
2	156	0
3	156	0
4	156	0
5	156	0
6	156	34
7	156	0
8	156	0
9	156	0
10	156	88
11	156	34
12	156	0
13	156	0
14	156	0
15	156	88
16	156	34
17	156	0
18	156	34
19	156	63
20	156	0
21	156	0
22	156	34
23	156	0
0	157	0
1	157	0
2	157	0
3	157	0
4	157	0
5	157	51
6	157	27
7	157	0
8	157	27
9	157	27
10	157	0
11	157	27
12	157	27
13	157	27
14	157	0
15	157	27
16	157	0
17	157	0
18	157	51
19	157	51
20	157	0
21	157	0
22	157	0
23	157	0
0	158	0
1	158	0
2	158	0
3	158	0
4	158	0
5	158	28
6	158	28
7	158	110
8	158	0
9	158	28
10	158	0
11	158	0
12	158	28
13	158	93
14	158	0
15	158	0
16	158	0
17	158	0
18	158	0
19	158	0
20	158	0
21	158	73
22	158	52
23	158	0
0	159	0
1	159	21
2	159	21
3	159	74
4	159	40
5	159	0
6	159	0
7	159	0
8	159	21
9	159	0
10	159	0
11	159	0
12	159	40
13	159	0
14	159	0
15	159	0
16	159	0
17	159	0
18	159	21
19	159	0
20	159	0
21	159	0
22	159	0
23	159	0
0	160	0
1	160	0
2	160	0
3	160	0
4	160	0
5	160	0
6	160	0
7	160	17
8	160	32
9	160	17
10	160	46
11	160	17
12	160	32
13	160	32
14	160	17
15	160	0
16	160	32
17	160	17
18	160	32
19	160	0
20	160	0
21	160	0
22	160	17
23	160	17
0	161	13
1	161	0
2	161	7
3	161	0
4	161	0
5	161	7
6	161	0
7	161	13
8	161	0
9	161	20
10	161	0
11	161	13
12	161	7
13	161	13
14	161	43
15	161	32
16	161	32
17	161	7
18	161	48
19	161	37
20	161	7
21	161	13
22	161	0
23	161	0
0	162	5
1	162	5
2	162	5
3	162	0
4	162	5
5	162	5
6	162	13
7	162	0
8	162	24
9	162	13
10	162	17
11	162	24
12	162	28
13	162	9
14	162	17
15	162	0
16	162	28
17	162	9
18	162	46
19	162	20
20	162	28
21	162	9
22	162	0
23	162	9
