Counts for Apple(2) in Greece(16):
Hour	Location Index	Count
0	0	18
1	0	0
2	0	0
3	0	0
4	0	51
5	0	51
6	0	51
7	0	91
8	0	65
9	0	0
10	0	0
11	0	0
12	0	65
13	0	18
14	0	35
15	0	65
16	0	35
17	0	35
18	0	0
19	0	35
20	0	18
21	0	0
22	0	0
23	0	0
0	1	0
1	1	0
2	1	0
3	1	0
4	1	0
5	1	0
6	1	0
7	1	43
8	1	0
9	1	0
10	1	43
11	1	79
12	1	0
13	1	43
14	1	0
15	1	0
16	1	43
17	1	0
18	1	43
19	1	0
20	1	0
21	1	0
22	1	133
23	1	0
0	2	0
1	2	0
2	2	35
3	2	0
4	2	0
5	2	46
6	2	24
7	2	24
8	2	0
9	2	24
10	2	13
11	2	13
12	2	35
13	2	0
14	2	35
15	2	75
16	2	65
17	2	56
18	2	56
19	2	13
20	2	24
21	2	0
22	2	0
23	2	0
0	3	0
1	3	0
2	3	0
3	3	0
4	3	0
5	3	0
6	3	0
7	3	0
8	3	37
9	3	37
10	3	37
11	3	0
12	3	0
13	3	0
14	3	68
15	3	95
16	3	37
17	3	37
18	3	0
19	3	37
20	3	37
21	3	0
22	3	0
23	3	0
0	4	3
1	4	1
2	4	1
3	4	3
4	4	9
5	4	15
6	4	16
7	4	16
8	4	26
9	4	18
10	4	18
11	4	26
12	4	23
13	4	27
14	4	24
15	4	28
16	4	18
17	4	19
18	4	24
19	4	21
20	4	20
21	4	11
22	4	9
23	4	7
0	5	0
1	5	9
2	5	0
3	5	17
4	5	0
5	5	25
6	5	25
7	5	9
8	5	25
9	5	9
10	5	17
11	5	17
12	5	9
13	5	25
14	5	25
15	5	0
16	5	60
17	5	17
18	5	32
19	5	53
20	5	32
21	5	17
22	5	0
23	5	9
0	6	14
1	6	7
2	6	0
3	6	7
4	6	20
5	6	0
6	6	20
7	6	0
8	6	7
9	6	14
10	6	20
11	6	14
12	6	7
13	6	20
14	6	7
15	6	0
16	6	7
17	6	20
18	6	20
19	6	26
20	6	32
21	6	7
22	6	20
23	6	0
0	7	14
1	7	7
2	7	7
3	7	0
4	7	14
5	7	21
6	7	45
7	7	14
8	7	33
9	7	51
10	7	33
11	7	14
12	7	33
13	7	21
14	7	27
15	7	21
16	7	14
17	7	7
18	7	14
19	7	27
20	7	21
21	7	7
22	7	0
23	7	7
0	8	0
1	8	0
2	8	0
3	8	0
4	8	0
5	8	19
6	8	0
7	8	19
8	8	13
9	8	13
10	8	7
11	8	31
12	8	7
13	8	19
14	8	25
15	8	47
16	8	42
17	8	31
18	8	19
19	8	47
20	8	67
21	8	42
22	8	25
23	8	0
0	9	8
1	9	0
2	9	15
3	9	8
4	9	22
5	9	22
6	9	22
7	9	29
8	9	22
9	9	15
10	9	8
11	9	42
12	9	54
13	9	29
14	9	35
15	9	60
16	9	22
17	9	42
18	9	0
19	9	22
20	9	29
21	9	22
22	9	8
23	9	15
0	10	0
1	10	0
2	10	0
3	10	0
4	10	0
5	10	12
6	10	6
7	10	6
8	10	12
9	10	23
10	10	6
11	10	23
12	10	23
13	10	28
14	10	17
15	10	47
16	10	38
17	10	43
18	10	23
19	10	33
20	10	38
21	10	23
22	10	6
23	10	6
0	11	30
1	11	0
2	11	16
3	11	30
4	11	57
5	11	44
6	11	44
7	11	0
8	11	16
9	11	44
10	11	69
11	11	30
12	11	30
13	11	30
14	11	16
15	11	0
16	11	30
17	11	44
18	11	0
19	11	16
20	11	0
21	11	30
22	11	16
23	11	0
0	12	4
1	12	4
2	12	0
3	12	27
4	12	27
5	12	8
6	12	16
7	12	23
8	12	4
9	12	23
10	12	12
11	12	59
12	12	16
13	12	37
14	12	27
15	12	37
16	12	44
17	12	27
18	12	27
19	12	23
20	12	53
21	12	8
22	12	12
23	12	19
0	13	0
1	13	0
2	13	0
3	13	0
4	13	0
5	13	0
6	13	115
7	13	0
8	13	0
9	13	92
10	13	0
11	13	36
12	13	36
13	13	165
14	13	0
15	13	0
16	13	0
17	13	36
18	13	36
19	13	0
20	13	0
21	13	0
22	13	0
23	13	0
0	14	0
1	14	0
2	14	0
3	14	32
4	14	32
5	14	60
6	14	32
7	14	0
8	14	0
9	14	0
10	14	0
11	14	32
12	14	32
13	14	60
14	14	32
15	14	0
16	14	0
17	14	60
18	14	60
19	14	60
20	14	60
21	14	32
22	14	32
23	14	0
0	15	7
1	15	7
2	15	2
3	15	6
4	15	8
5	15	14
6	15	15
7	15	18
8	15	17
9	15	13
10	15	20
11	15	26
12	15	28
13	15	26
14	15	27
15	15	21
16	15	20
17	15	28
18	15	39
19	15	35
20	15	32
21	15	27
22	15	15
23	15	10
0	16	0
1	16	7
2	16	7
3	16	0
4	16	19
5	16	36
6	16	36
7	16	24
8	16	41
9	16	41
10	16	24
11	16	30
12	16	19
13	16	51
14	16	24
15	16	61
16	16	46
17	16	30
18	16	19
19	16	36
20	16	24
21	16	13
22	16	0
23	16	0
0	17	0
1	17	0
2	17	0
3	17	0
4	17	0
5	17	0
6	17	0
7	17	55
8	17	0
9	17	0
10	17	20
11	17	0
12	17	20
13	17	0
14	17	0
15	17	0
16	17	0
17	17	55
18	17	20
19	17	20
20	17	39
21	17	55
22	17	0
23	17	20
0	18	0
1	18	0
2	18	0
3	18	0
4	18	0
5	18	0
6	18	0
7	18	0
8	18	0
9	18	18
10	18	0
11	18	0
12	18	63
13	18	88
14	18	49
15	18	0
16	18	0
17	18	18
18	18	18
19	18	34
20	18	49
21	18	0
22	18	0
23	18	18
0	19	0
1	19	0
2	19	0
3	19	0
4	19	58
5	19	31
6	19	0
7	19	0
8	19	31
9	19	0
10	19	0
11	19	58
12	19	31
13	19	58
14	19	0
15	19	0
16	19	58
17	19	0
18	19	103
19	19	0
20	19	31
21	19	31
22	19	31
23	19	0
0	20	0
1	20	0
2	20	0
3	20	0
4	20	0
5	20	68
6	20	0
7	20	0
8	20	0
9	20	0
10	20	0
11	20	0
12	20	154
13	20	0
14	20	0
15	20	0
16	20	68
17	20	68
18	20	0
19	20	0
20	20	0
21	20	0
22	20	0
23	20	0
0	21	7
1	21	4
2	21	4
3	21	6
4	21	12
5	21	20
6	21	22
7	21	23
8	21	23
9	21	23
10	21	22
11	21	25
12	21	26
13	21	28
14	21	28
15	21	28
16	21	28
17	21	30
18	21	34
19	21	37
20	21	36
21	21	26
22	21	18
23	21	10
0	22	0
1	22	0
2	22	0
3	22	0
4	22	0
5	22	14
6	22	14
7	22	28
8	22	28
9	22	14
10	22	28
11	22	14
12	22	40
13	22	14
14	22	14
15	22	52
16	22	14
17	22	28
18	22	0
19	22	14
20	22	14
21	22	28
22	22	0
23	22	14
0	23	23
1	23	0
2	23	0
3	23	0
4	23	0
5	23	23
6	23	63
7	23	63
8	23	0
9	23	0
10	23	0
11	23	0
12	23	0
13	23	23
14	23	23
15	23	44
16	23	44
17	23	63
18	23	23
19	23	63
20	23	0
21	23	63
22	23	63
23	23	0
0	24	17
1	24	6
2	24	0
3	24	12
4	24	12
5	24	6
6	24	6
7	24	6
8	24	23
9	24	6
10	24	17
11	24	17
12	24	33
13	24	23
14	24	6
15	24	0
16	24	17
17	24	17
18	24	43
19	24	38
20	24	17
21	24	38
22	24	17
23	24	6
0	25	0
1	25	0
2	25	0
3	25	0
4	25	0
5	25	0
6	25	0
7	25	0
8	25	143
9	25	0
10	25	0
11	25	72
12	25	72
13	25	0
14	25	0
15	25	39
16	25	39
17	25	0
18	25	72
19	25	72
20	25	0
21	25	39
22	25	0
23	25	0
0	26	12
1	26	0
2	26	6
3	26	6
4	26	0
5	26	0
6	26	18
7	26	29
8	26	18
9	26	12
10	26	18
11	26	12
12	26	54
13	26	18
14	26	44
15	26	23
16	26	29
17	26	49
18	26	23
19	26	39
20	26	49
21	26	12
22	26	23
23	26	0
0	27	0
1	27	0
2	27	0
3	27	0
4	27	0
5	27	0
6	27	0
7	27	0
8	27	49
9	27	0
10	27	0
11	27	0
12	27	0
13	27	0
14	27	0
15	27	49
16	27	119
17	27	0
18	27	0
19	27	0
20	27	49
21	27	0
22	27	0
23	27	0
0	28	2
1	28	7
2	28	2
3	28	11
4	28	8
5	28	23
6	28	21
7	28	35
8	28	24
9	28	17
10	28	20
11	28	24
12	28	21
13	28	42
14	28	28
15	28	17
16	28	24
17	28	36
18	28	26
19	28	39
20	28	39
21	28	21
22	28	14
23	28	7
0	29	0
1	29	0
2	29	0
3	29	0
4	29	0
5	29	0
6	29	0
7	29	0
8	29	0
9	29	0
10	29	0
11	29	0
12	29	0
13	29	0
14	29	0
15	29	39
16	29	39
17	29	0
18	29	0
19	29	0
20	29	39
21	29	0
22	29	72
23	29	0
0	30	15
1	30	15
2	30	0
3	30	29
4	30	29
5	30	42
6	30	42
7	30	15
8	30	15
9	30	29
10	30	15
11	30	15
12	30	0
13	30	29
14	30	15
15	30	0
16	30	29
17	30	0
18	30	42
19	30	54
20	30	29
21	30	15
22	30	29
23	30	0
0	31	5
1	31	4
2	31	4
3	31	5
4	31	15
5	31	38
6	31	49
7	31	44
8	31	34
9	31	31
10	31	32
11	31	31
12	31	31
13	31	35
14	31	41
15	31	44
16	31	37
17	31	34
18	31	39
19	31	41
20	31	35
21	31	16
22	31	9
23	31	6
0	32	25
1	32	0
2	32	0
3	32	0
4	32	0
5	32	47
6	32	25
7	32	0
8	32	47
9	32	0
10	32	0
11	32	0
12	32	0
13	32	67
14	32	0
15	32	0
16	32	25
17	32	25
18	32	47
19	32	0
20	32	47
21	32	25
22	32	0
23	32	0
0	33	0
1	33	35
2	33	0
3	33	0
4	33	0
5	33	0
6	33	0
7	33	35
8	33	0
9	33	0
10	33	35
11	33	35
12	33	0
13	33	0
14	33	0
15	33	0
16	33	35
17	33	35
18	33	0
19	33	112
20	33	64
21	33	0
22	33	0
23	33	0
0	34	0
1	34	0
2	34	0
3	34	0
4	34	0
5	34	0
6	34	0
7	34	19
8	34	0
9	34	0
10	34	0
11	34	52
12	34	36
13	34	19
14	34	52
15	34	0
16	34	36
17	34	19
18	34	19
19	34	19
20	34	67
21	34	19
22	34	0
23	34	0
0	35	0
1	35	0
2	35	0
3	35	30
4	35	30
5	35	0
6	35	0
7	35	0
8	35	0
9	35	30
10	35	0
11	35	0
12	35	30
13	35	0
14	35	0
15	35	170
16	35	30
17	35	30
18	35	78
19	35	55
20	35	0
21	35	55
22	35	30
23	35	0
0	36	6
1	36	0
2	36	2
3	36	0
4	36	6
5	36	6
6	36	16
7	36	21
8	36	27
9	36	18
10	36	19
11	36	30
12	36	21
13	36	34
14	36	25
15	36	21
16	36	18
17	36	21
18	36	12
19	36	25
20	36	34
21	36	14
22	36	14
23	36	6
0	37	0
1	37	0
2	37	0
3	37	5
4	37	14
5	37	31
6	37	23
7	37	23
8	37	5
9	37	14
10	37	14
11	37	10
12	37	23
13	37	23
14	37	31
15	37	18
16	37	18
17	37	23
18	37	5
19	37	31
20	37	10
21	37	5
22	37	10
23	37	0
0	38	0
1	38	0
2	38	0
3	38	0
4	38	0
5	38	0
6	38	0
7	38	0
8	38	67
9	38	0
10	38	25
11	38	25
12	38	0
13	38	25
14	38	0
15	38	0
16	38	67
17	38	25
18	38	25
19	38	25
20	38	67
21	38	0
22	38	0
23	38	0
0	39	0
1	39	0
2	39	0
3	39	0
4	39	0
5	39	37
6	39	0
7	39	0
8	39	0
9	39	37
10	39	37
11	39	37
12	39	68
13	39	68
14	39	37
15	39	0
16	39	37
17	39	0
18	39	0
19	39	0
20	39	0
21	39	37
22	39	0
23	39	0
0	40	0
1	40	8
2	40	0
3	40	0
4	40	8
5	40	0
6	40	22
7	40	41
8	40	0
9	40	15
10	40	28
11	40	22
12	40	28
13	40	15
14	40	28
15	40	15
16	40	8
17	40	41
18	40	15
19	40	53
20	40	15
21	40	22
22	40	0
23	40	0
0	41	0
1	41	0
2	41	0
3	41	0
4	41	0
5	41	64
6	41	24
7	41	24
8	41	0
9	41	0
10	41	24
11	41	64
12	41	98
13	41	0
14	41	0
15	41	112
16	41	0
17	41	24
18	41	64
19	41	24
20	41	0
21	41	0
22	41	0
23	41	24
0	42	0
1	42	0
2	42	0
3	42	0
4	42	0
5	42	0
6	42	0
7	42	85
8	42	85
9	42	0
10	42	0
11	42	47
12	42	0
13	42	0
14	42	0
15	42	47
16	42	0
17	42	0
18	42	0
19	42	0
20	42	0
21	42	0
22	42	85
23	42	0
0	43	11
1	43	0
2	43	0
3	43	0
4	43	22
5	43	0
6	43	32
7	43	32
8	43	11
9	43	22
10	43	117
11	43	32
12	43	11
13	43	11
14	43	11
15	43	11
16	43	32
17	43	32
18	43	11
19	43	0
20	43	67
21	43	11
22	43	22
23	43	22
0	44	13
1	44	13
2	44	0
3	44	0
4	44	0
5	44	21
6	44	13
7	44	17
8	44	9
9	44	5
10	44	9
11	44	13
12	44	21
13	44	32
14	44	21
15	44	21
16	44	21
17	44	17
18	44	43
19	44	43
20	44	9
21	44	13
22	44	24
23	44	28
0	45	7
1	45	0
2	45	7
3	45	0
4	45	0
5	45	7
6	45	24
7	45	13
8	45	18
9	45	0
10	45	40
11	45	24
12	45	7
13	45	35
14	45	35
15	45	13
16	45	30
17	45	30
18	45	30
19	45	13
20	45	35
21	45	35
22	45	13
23	45	18
0	46	5
1	46	0
2	46	0
3	46	5
4	46	15
5	46	33
6	46	24
7	46	46
8	46	33
9	46	37
10	46	29
11	46	20
12	46	29
13	46	61
14	46	37
15	46	29
16	46	33
17	46	15
18	46	46
19	46	33
20	46	33
21	46	10
22	46	15
23	46	0
0	47	0
1	47	0
2	47	14
3	47	0
4	47	0
5	47	0
6	47	0
7	47	0
8	47	28
9	47	14
10	47	52
11	47	0
12	47	14
13	47	14
14	47	40
15	47	40
16	47	28
17	47	73
18	47	14
19	47	63
20	47	28
21	47	14
22	47	0
23	47	28
0	48	0
1	48	0
2	48	0
3	48	0
4	48	0
5	48	0
6	48	175
7	48	0
8	48	0
9	48	0
10	48	0
11	48	0
12	48	0
13	48	0
14	48	0
15	48	0
16	48	230
17	48	0
18	48	0
19	48	0
20	48	0
21	48	0
22	48	0
23	48	0
0	49	0
1	49	0
2	49	0
3	49	0
4	49	0
5	49	0
6	49	0
7	49	0
8	49	0
9	49	23
10	49	0
11	49	0
12	49	23
13	49	0
14	49	43
15	49	0
16	49	0
17	49	23
18	49	23
19	49	43
20	49	0
21	49	23
22	49	0
23	49	0
0	50	17
1	50	0
2	50	0
3	50	0
4	50	9
5	50	0
6	50	17
7	50	17
8	50	17
9	50	0
10	50	60
11	50	17
12	50	17
13	50	24
14	50	60
15	50	39
16	50	46
17	50	0
18	50	39
19	50	72
20	50	46
21	50	32
22	50	0
23	50	0
0	51	62
1	51	14
2	51	0
3	51	14
4	51	0
5	51	0
6	51	0
7	51	14
8	51	14
9	51	0
10	51	0
11	51	40
12	51	40
13	51	27
14	51	0
15	51	27
16	51	14
17	51	0
18	51	14
19	51	14
20	51	27
21	51	73
22	51	14
23	51	14
0	52	14
1	52	0
2	52	0
3	52	0
4	52	8
5	52	14
6	52	8
7	52	0
8	52	0
9	52	8
10	52	8
11	52	8
12	52	27
13	52	27
14	52	46
15	52	21
16	52	21
17	52	21
18	52	8
19	52	27
20	52	8
21	52	52
22	52	34
23	52	0
0	53	0
1	53	0
2	53	0
3	53	0
4	53	0
5	53	36
6	53	13
7	53	25
8	53	36
9	53	36
10	53	47
11	53	36
12	53	13
13	53	67
14	53	109
15	53	58
16	53	77
17	53	13
18	53	58
19	53	36
20	53	13
21	53	0
22	53	0
23	53	13
0	54	5
1	54	5
2	54	12
3	54	5
4	54	8
5	54	16
6	54	12
7	54	12
8	54	12
9	54	20
10	54	12
11	54	20
12	54	20
13	54	16
14	54	20
15	54	16
16	54	24
17	54	27
18	54	34
19	54	34
20	54	24
21	54	24
22	54	5
23	54	24
0	55	0
1	55	3
2	55	3
3	55	5
4	55	37
5	55	84
6	55	79
7	55	51
8	55	39
9	55	42
10	55	29
11	55	43
12	55	43
13	55	43
14	55	49
15	55	62
16	55	47
17	55	58
18	55	50
19	55	50
20	55	20
21	55	14
22	55	6
23	55	3
0	56	0
1	56	0
2	56	0
3	56	0
4	56	0
5	56	0
6	56	31
7	56	31
8	56	0
9	56	0
10	56	0
11	56	0
12	56	0
13	56	0
14	56	31
15	56	0
16	56	0
17	56	0
18	56	31
19	56	0
20	56	0
21	56	0
22	56	0
23	56	0
0	57	0
1	57	0
2	57	0
3	57	47
4	57	0
5	57	25
6	57	0
7	57	0
8	57	25
9	57	25
10	57	85
11	57	67
12	57	25
13	57	67
14	57	47
15	57	25
16	57	25
17	57	0
18	57	116
19	57	0
20	57	0
21	57	0
22	57	25
23	57	0
0	58	8
1	58	1
2	58	2
3	58	4
4	58	15
5	58	37
6	58	36
7	58	31
8	58	33
9	58	24
10	58	21
11	58	30
12	58	24
13	58	34
14	58	31
15	58	31
16	58	27
17	58	24
18	58	31
19	58	33
20	58	33
21	58	22
22	58	15
23	58	9
0	59	17
1	59	0
2	59	0
3	59	0
4	59	0
5	59	33
6	59	33
7	59	17
8	59	33
9	59	0
10	59	47
11	59	17
12	59	0
13	59	17
14	59	33
15	59	17
16	59	0
17	59	33
18	59	17
19	59	17
20	59	17
21	59	0
22	59	17
23	59	0
0	60	4
1	60	2
2	60	2
3	60	4
4	60	15
5	60	25
6	60	53
7	60	45
8	60	41
9	60	31
10	60	25
11	60	29
12	60	30
13	60	33
14	60	37
15	60	48
16	60	38
17	60	39
18	60	33
19	60	35
20	60	28
21	60	10
22	60	6
23	60	4
0	61	0
1	61	0
2	61	0
3	61	0
4	61	25
5	61	13
6	61	13
7	61	25
8	61	13
9	61	13
10	61	13
11	61	25
12	61	25
13	61	58
14	61	47
15	61	13
16	61	0
17	61	0
18	61	0
19	61	25
20	61	58
21	61	36
22	61	13
23	61	13
0	62	0
1	62	14
2	62	0
3	62	7
4	62	7
5	62	27
6	62	27
7	62	0
8	62	20
9	62	33
10	62	44
11	62	7
12	62	39
13	62	27
14	62	33
15	62	20
16	62	7
17	62	14
18	62	14
19	62	61
20	62	33
21	62	20
22	62	0
23	62	0
0	63	0
1	63	0
2	63	0
3	63	0
4	63	17
5	63	0
6	63	0
7	63	33
8	63	17
9	63	48
10	63	0
11	63	48
12	63	75
13	63	17
14	63	75
15	63	17
16	63	33
17	63	17
18	63	75
19	63	33
20	63	17
21	63	17
22	63	0
23	63	0
0	64	0
1	64	0
2	64	0
3	64	0
4	64	0
5	64	37
6	64	68
7	64	37
8	64	0
9	64	37
10	64	95
11	64	118
12	64	37
13	64	37
14	64	0
15	64	68
16	64	68
17	64	0
18	64	0
19	64	37
20	64	0
21	64	37
22	64	0
23	64	37
0	65	24
1	65	0
2	65	13
3	65	13
4	65	24
5	65	13
6	65	24
7	65	55
8	65	13
9	65	24
10	65	24
11	65	0
12	65	24
13	65	35
14	65	24
15	65	65
16	65	82
17	65	74
18	65	55
19	65	24
20	65	13
21	65	0
22	65	0
23	65	24
0	66	0
1	66	3
2	66	3
3	66	13
4	66	28
5	66	49
6	66	57
7	66	31
8	66	37
9	66	23
10	66	23
11	66	26
12	66	13
13	66	21
14	66	67
15	66	49
16	66	23
17	66	37
18	66	35
19	66	53
20	66	26
21	66	13
22	66	11
23	66	13
0	67	0
1	67	47
2	67	0
3	67	0
4	67	47
5	67	0
6	67	0
7	67	0
8	67	0
9	67	0
10	67	0
11	67	0
12	67	0
13	67	0
14	67	193
15	67	0
16	67	0
17	67	0
18	67	0
19	67	0
20	67	0
21	67	0
22	67	0
23	67	0
0	68	0
1	68	0
2	68	0
3	68	0
4	68	0
5	68	0
6	68	0
7	68	20
8	68	39
9	68	0
10	68	0
11	68	39
12	68	20
13	68	39
14	68	0
15	68	0
16	68	20
17	68	20
18	68	0
19	68	20
20	68	0
21	68	0
22	68	20
23	68	0
0	69	23
1	69	0
2	69	0
3	69	0
4	69	23
5	69	23
6	69	0
7	69	0
8	69	0
9	69	0
10	69	96
11	69	44
12	69	0
13	69	23
14	69	0
15	69	0
16	69	63
17	69	23
18	69	80
19	69	23
20	69	80
21	69	0
22	69	63
23	69	0
0	70	0
1	70	0
2	70	0
3	70	0
4	70	0
5	70	0
6	70	0
7	70	0
8	70	0
9	70	0
10	70	0
11	70	0
12	70	0
13	70	0
14	70	0
15	70	0
16	70	58
17	70	0
18	70	0
19	70	0
20	70	0
21	70	58
22	70	0
23	70	0
0	71	10
1	71	2
2	71	0
3	71	13
4	71	20
5	71	13
6	71	17
7	71	21
8	71	27
9	71	19
10	71	20
11	71	27
12	71	27
13	71	20
14	71	17
15	71	26
16	71	30
17	71	34
18	71	33
19	71	39
20	71	27
21	71	28
22	71	21
23	71	17
0	72	0
1	72	0
2	72	0
3	72	0
4	72	0
5	72	88
6	72	26
7	72	69
8	72	69
9	72	88
10	72	0
11	72	26
12	72	88
13	72	69
14	72	26
15	72	0
16	72	26
17	72	0
18	72	0
19	72	49
20	72	26
21	72	0
22	72	0
23	72	0
0	73	16
1	73	0
2	73	0
3	73	0
4	73	0
5	73	0
6	73	16
7	73	0
8	73	16
9	73	0
10	73	16
11	73	45
12	73	0
13	73	0
14	73	31
15	73	16
16	73	31
17	73	0
18	73	45
19	73	45
20	73	0
21	73	16
22	73	0
23	73	16
0	74	4
1	74	0
2	74	0
3	74	0
4	74	4
5	74	8
6	74	15
7	74	23
8	74	12
9	74	4
10	74	4
11	74	26
12	74	15
13	74	8
14	74	12
15	74	36
16	74	55
17	74	33
18	74	26
19	74	49
20	74	26
21	74	19
22	74	8
23	74	4
0	75	0
1	75	0
2	75	0
3	75	0
4	75	14
5	75	14
6	75	14
7	75	14
8	75	14
9	75	14
10	75	0
11	75	0
12	75	14
13	75	40
14	75	40
15	75	40
16	75	63
17	75	28
18	75	14
19	75	0
20	75	0
21	75	0
22	75	0
23	75	0
0	76	19
1	76	0
2	76	0
3	76	0
4	76	28
5	76	53
6	76	28
7	76	60
8	76	19
9	76	28
10	76	53
11	76	45
12	76	45
13	76	45
14	76	28
15	76	88
16	76	67
17	76	60
18	76	37
19	76	53
20	76	19
21	76	19
22	76	0
23	76	0
0	77	20
1	77	0
2	77	0
3	77	11
4	77	29
5	77	0
6	77	15
7	77	6
8	77	6
9	77	20
10	77	11
11	77	20
12	77	6
13	77	11
14	77	25
15	77	15
16	77	25
17	77	11
18	77	29
19	77	34
20	77	43
21	77	11
22	77	0
23	77	0
0	78	0
1	78	0
2	78	0
3	78	0
4	78	0
5	78	10
6	78	28
7	78	19
8	78	10
9	78	10
10	78	19
11	78	0
12	78	10
13	78	28
14	78	19
15	78	28
16	78	10
17	78	19
18	78	19
19	78	19
20	78	61
21	78	45
22	78	10
23	78	10
0	79	3
1	79	5
2	79	0
3	79	8
4	79	3
5	79	22
6	79	22
7	79	26
8	79	31
9	79	33
10	79	39
11	79	35
12	79	47
13	79	57
14	79	57
15	79	65
16	79	45
17	79	51
18	79	41
19	79	68
20	79	53
21	79	35
22	79	26
23	79	8
0	80	0
1	80	0
2	80	0
3	80	0
4	80	0
5	80	0
6	80	13
7	80	13
8	80	37
9	80	13
10	80	13
11	80	77
12	80	37
13	80	48
14	80	48
15	80	25
16	80	13
17	80	0
18	80	48
19	80	58
20	80	25
21	80	58
22	80	13
23	80	13
0	81	0
1	81	0
2	81	0
3	81	0
4	81	0
5	81	35
6	81	35
7	81	18
8	81	0
9	81	35
10	81	18
11	81	0
12	81	18
13	81	18
14	81	35
15	81	18
16	81	90
17	81	18
18	81	64
19	81	18
20	81	35
21	81	50
22	81	0
23	81	0
0	82	0
1	82	0
2	82	0
3	82	0
4	82	0
5	82	20
6	82	20
7	82	70
8	82	20
9	82	70
10	82	0
11	82	38
12	82	20
13	82	70
14	82	84
15	82	38
16	82	84
17	82	55
18	82	55
19	82	38
20	82	20
21	82	20
22	82	20
23	82	0
0	83	0
1	83	0
2	83	0
3	83	0
4	83	0
5	83	0
6	83	0
7	83	68
8	83	0
9	83	0
10	83	0
11	83	0
12	83	68
13	83	0
14	83	0
15	83	68
16	83	0
17	83	0
18	83	0
19	83	0
20	83	0
21	83	0
22	83	0
23	83	68
0	84	9
1	84	5
2	84	0
3	84	5
4	84	5
5	84	9
6	84	18
7	84	18
8	84	18
9	84	18
10	84	18
11	84	22
12	84	9
13	84	31
14	84	22
15	84	38
16	84	22
17	84	14
18	84	22
19	84	9
20	84	5
21	84	26
22	84	18
23	84	5
0	85	0
1	85	0
2	85	0
3	85	0
4	85	0
5	85	0
6	85	0
7	85	0
8	85	0
9	85	0
10	85	0
11	85	0
12	85	0
13	85	0
14	85	0
15	85	0
16	85	0
17	85	123
18	85	0
19	85	0
20	85	123
21	85	123
22	85	0
23	85	0
0	86	0
1	86	19
2	86	8
3	86	8
4	86	12
5	86	15
6	86	15
7	86	25
8	86	32
9	86	29
10	86	19
11	86	19
12	86	19
13	86	22
14	86	35
15	86	19
16	86	12
17	86	19
18	86	25
19	86	22
20	86	15
21	86	22
22	86	15
23	86	4
0	87	7
1	87	0
2	87	1
3	87	2
4	87	4
5	87	11
6	87	18
7	87	23
8	87	16
9	87	24
10	87	25
11	87	17
12	87	23
13	87	23
14	87	29
15	87	23
16	87	15
17	87	25
18	87	32
19	87	33
20	87	30
21	87	16
22	87	14
23	87	10
0	88	0
1	88	0
2	88	0
3	88	0
4	88	0
5	88	0
6	88	0
7	88	38
8	88	38
9	88	20
10	88	55
11	88	55
12	88	38
13	88	84
14	88	55
15	88	38
16	88	55
17	88	20
18	88	38
19	88	55
20	88	38
21	88	0
22	88	0
23	88	0
0	89	0
1	89	0
2	89	0
3	89	0
4	89	0
5	89	25
6	89	25
7	89	25
8	89	25
9	89	0
10	89	47
11	89	0
12	89	0
13	89	25
14	89	25
15	89	47
16	89	25
17	89	0
18	89	0
19	89	47
20	89	67
21	89	0
22	89	25
23	89	0
0	90	0
1	90	0
2	90	0
3	90	0
4	90	23
5	90	12
6	90	12
7	90	12
8	90	0
9	90	0
10	90	34
11	90	0
12	90	0
13	90	34
14	90	34
15	90	12
16	90	53
17	90	34
18	90	44
19	90	23
20	90	23
21	90	12
22	90	12
23	90	0
0	91	8
1	91	4
2	91	3
3	91	5
4	91	9
5	91	16
6	91	17
7	91	17
8	91	18
9	91	21
10	91	21
11	91	21
12	91	26
13	91	26
14	91	25
15	91	25
16	91	24
17	91	27
18	91	30
19	91	33
20	91	36
21	91	25
22	91	17
23	91	9
0	92	0
1	92	0
2	92	0
3	92	0
4	92	0
5	92	0
6	92	0
7	92	0
8	92	39
9	92	0
10	92	0
11	92	0
12	92	0
13	92	0
14	92	39
15	92	0
16	92	0
17	92	39
18	92	123
19	92	0
20	92	0
21	92	0
22	92	0
23	92	0
0	93	0
1	93	0
2	93	0
3	93	0
4	93	0
5	93	0
6	93	61
7	93	0
8	93	33
9	93	0
10	93	0
11	93	0
12	93	33
13	93	0
14	93	33
15	93	33
16	93	0
17	93	33
18	93	61
19	93	33
20	93	33
21	93	0
22	93	61
23	93	0
0	94	7
1	94	0
2	94	0
3	94	7
4	94	0
5	94	13
6	94	30
7	94	0
8	94	24
9	94	0
10	94	19
11	94	35
12	94	7
13	94	19
14	94	30
15	94	13
16	94	24
17	94	24
18	94	19
19	94	35
20	94	19
21	94	51
22	94	24
23	94	7
0	95	5
1	95	4
2	95	3
3	95	5
4	95	11
5	95	20
6	95	24
7	95	24
8	95	24
9	95	22
10	95	23
11	95	24
12	95	26
13	95	26
14	95	27
15	95	26
16	95	26
17	95	27
18	95	29
19	95	31
20	95	29
21	95	21
22	95	13
23	95	8
0	96	0
1	96	4
2	96	0
3	96	4
4	96	10
5	96	23
6	96	26
7	96	17
8	96	30
9	96	38
10	96	21
11	96	26
12	96	35
13	96	35
14	96	26
15	96	26
16	96	26
17	96	33
18	96	31
19	96	31
20	96	37
21	96	26
22	96	10
23	96	4
0	97	10
1	97	15
2	97	0
3	97	5
4	97	24
5	97	50
6	97	62
7	97	38
8	97	33
9	97	29
10	97	29
11	97	29
12	97	24
13	97	50
14	97	50
15	97	20
16	97	33
17	97	46
18	97	33
19	97	20
20	97	33
21	97	29
22	97	29
23	97	10
0	98	6
1	98	4
2	98	0
3	98	2
4	98	18
5	98	2
6	98	15
7	98	11
8	98	18
9	98	17
10	98	23
11	98	18
12	98	17
13	98	17
14	98	28
15	98	27
16	98	28
17	98	25
18	98	22
19	98	23
20	98	15
21	98	17
22	98	11
23	98	6
0	99	0
1	99	0
2	99	0
3	99	0
4	99	0
5	99	0
6	99	61
7	99	61
8	99	0
9	99	61
10	99	0
11	99	61
12	99	0
13	99	0
14	99	0
15	99	0
16	99	0
17	99	0
18	99	169
19	99	0
20	99	0
21	99	61
22	99	0
23	99	0
0	100	0
1	100	0
2	100	0
3	100	0
4	100	0
5	100	0
6	100	0
7	100	0
8	100	66
9	100	36
10	100	92
11	100	0
12	100	165
13	100	0
14	100	0
15	100	36
16	100	36
17	100	0
18	100	0
19	100	36
20	100	0
21	100	0
22	100	0
23	100	0
0	101	9
1	101	9
2	101	0
3	101	0
4	101	9
5	101	9
6	101	40
7	101	0
8	101	25
9	101	9
10	101	17
11	101	17
12	101	17
13	101	9
14	101	17
15	101	0
16	101	25
17	101	40
18	101	40
19	101	68
20	101	33
21	101	33
22	101	25
23	101	17
0	102	0
1	102	32
2	102	0
3	102	0
4	102	0
5	102	17
6	102	0
7	102	32
8	102	46
9	102	0
10	102	0
11	102	32
12	102	32
13	102	32
14	102	32
15	102	17
16	102	0
17	102	46
18	102	32
19	102	83
20	102	71
21	102	71
22	102	0
23	102	0
0	103	0
1	103	0
2	103	0
3	103	0
4	103	23
5	103	37
6	103	44
7	103	8
8	103	30
9	103	0
10	103	16
11	103	23
12	103	23
13	103	44
14	103	16
15	103	44
16	103	37
17	103	44
18	103	30
19	103	105
20	103	37
21	103	16
22	103	0
23	103	0
0	104	17
1	104	0
2	104	0
3	104	0
4	104	9
5	104	0
6	104	0
7	104	0
8	104	9
9	104	0
10	104	39
11	104	17
12	104	0
13	104	32
14	104	24
15	104	32
16	104	32
17	104	24
18	104	17
19	104	32
20	104	24
21	104	9
22	104	17
23	104	0
0	105	24
1	105	0
2	105	12
3	105	0
4	105	12
5	105	0
6	105	12
7	105	24
8	105	24
9	105	12
10	105	0
11	105	24
12	105	55
13	105	0
14	105	55
15	105	73
16	105	24
17	105	0
18	105	82
19	105	12
20	105	12
21	105	12
22	105	64
23	105	24
0	106	0
1	106	0
2	106	0
3	106	0
4	106	0
5	106	0
6	106	44
7	106	23
8	106	23
9	106	0
10	106	23
11	106	0
12	106	23
13	106	0
14	106	23
15	106	0
16	106	0
17	106	44
18	106	23
19	106	23
20	106	0
21	106	44
22	106	23
23	106	23
0	107	0
1	107	11
2	107	11
3	107	0
4	107	11
5	107	20
6	107	55
7	107	55
8	107	0
9	107	29
10	107	20
11	107	0
12	107	55
13	107	47
14	107	38
15	107	55
16	107	85
17	107	38
18	107	63
19	107	29
20	107	29
21	107	29
22	107	20
23	107	0
0	108	6
1	108	6
2	108	0
3	108	0
4	108	11
5	108	39
6	108	64
7	108	52
8	108	34
9	108	56
10	108	39
11	108	56
12	108	30
13	108	60
14	108	48
15	108	64
16	108	30
17	108	43
18	108	39
19	108	52
20	108	30
21	108	11
22	108	0
23	108	0
0	109	22
1	109	0
2	109	0
3	109	0
4	109	12
5	109	0
6	109	0
7	109	0
8	109	0
9	109	0
10	109	12
11	109	0
12	109	22
13	109	33
14	109	77
15	109	0
16	109	22
17	109	0
18	109	12
19	109	33
20	109	33
21	109	12
22	109	0
23	109	0
0	110	20
1	110	3
2	110	0
3	110	3
4	110	20
5	110	6
6	110	36
7	110	18
8	110	23
9	110	12
10	110	23
11	110	60
12	110	36
13	110	34
14	110	39
15	110	29
16	110	18
17	110	63
18	110	31
19	110	39
20	110	60
21	110	39
22	110	6
23	110	3
0	111	0
1	111	0
2	111	9
3	111	9
4	111	0
5	111	9
6	111	26
7	111	0
8	111	0
9	111	9
10	111	18
11	111	18
12	111	26
13	111	9
14	111	42
15	111	26
16	111	34
17	111	42
18	111	34
19	111	57
20	111	18
21	111	57
22	111	18
23	111	26
0	112	0
1	112	0
2	112	0
3	112	0
4	112	0
5	112	51
6	112	0
7	112	35
8	112	18
9	112	18
10	112	0
11	112	18
12	112	18
13	112	35
14	112	0
15	112	18
16	112	51
17	112	51
18	112	35
19	112	35
20	112	123
21	112	0
22	112	18
23	112	0
0	113	0
1	113	0
2	113	0
3	113	0
4	113	0
5	113	0
6	113	0
7	113	0
8	113	0
9	113	34
10	113	0
11	113	34
12	113	0
13	113	63
14	113	0
15	113	34
16	113	0
17	113	0
18	113	34
19	113	34
20	113	0
21	113	63
22	113	34
23	113	0
0	114	8
1	114	8
2	114	0
3	114	0
4	114	8
5	114	23
6	114	16
7	114	16
8	114	16
9	114	30
10	114	30
11	114	50
12	114	16
13	114	30
14	114	37
15	114	0
16	114	8
17	114	23
18	114	23
19	114	8
20	114	56
21	114	30
22	114	8
23	114	8
0	115	14
1	115	0
2	115	0
3	115	0
4	115	0
5	115	0
6	115	14
7	115	0
8	115	38
9	115	14
10	115	38
11	115	0
12	115	14
13	115	14
14	115	0
15	115	26
16	115	26
17	115	26
18	115	0
19	115	26
20	115	50
21	115	14
22	115	0
23	115	0
0	116	8
1	116	4
2	116	0
3	116	5
4	116	10
5	116	11
6	116	20
7	116	26
8	116	26
9	116	22
10	116	23
11	116	22
12	116	30
13	116	37
14	116	25
15	116	23
16	116	23
17	116	37
18	116	25
19	116	30
20	116	29
21	116	16
22	116	30
23	116	0
0	117	0
1	117	0
2	117	0
3	117	14
4	117	0
5	117	0
6	117	0
7	117	14
8	117	0
9	117	60
10	117	38
11	117	0
12	117	0
13	117	0
14	117	14
15	117	14
16	117	26
17	117	49
18	117	14
19	117	0
20	117	0
21	117	26
22	117	0
23	117	0
0	118	0
1	118	0
2	118	0
3	118	0
4	118	0
5	118	0
6	118	0
7	118	0
8	118	0
9	118	0
10	118	36
11	118	36
12	118	66
13	118	0
14	118	36
15	118	0
16	118	0
17	118	66
18	118	0
19	118	36
20	118	0
21	118	0
22	118	0
23	118	0
0	119	0
1	119	0
2	119	0
3	119	0
4	119	0
5	119	0
6	119	0
7	119	0
8	119	0
9	119	0
10	119	0
11	119	0
12	119	0
13	119	0
14	119	0
15	119	77
16	119	0
17	119	0
18	119	0
19	119	0
20	119	0
21	119	0
22	119	0
23	119	0
0	120	14
1	120	0
2	120	0
3	120	14
4	120	0
5	120	27
6	120	27
7	120	39
8	120	14
9	120	14
10	120	14
11	120	14
12	120	62
13	120	39
14	120	0
15	120	14
16	120	14
17	120	39
18	120	39
19	120	51
20	120	51
21	120	51
22	120	0
23	120	0
0	121	0
1	121	0
2	121	0
3	121	0
4	121	0
5	121	0
6	121	0
7	121	0
8	121	61
9	121	0
10	121	0
11	121	61
12	121	0
13	121	61
14	121	0
15	121	0
16	121	0
17	121	0
18	121	0
19	121	61
20	121	0
21	121	0
22	121	0
23	121	0
0	122	0
1	122	0
2	122	0
3	122	0
4	122	0
5	122	0
6	122	53
7	122	12
8	122	63
9	122	44
10	122	23
11	122	34
12	122	23
13	122	12
14	122	0
15	122	23
16	122	12
17	122	23
18	122	53
19	122	34
20	122	12
21	122	12
22	122	44
23	122	0
0	123	31
1	123	0
2	123	0
3	123	0
4	123	0
5	123	0
6	123	31
7	123	0
8	123	0
9	123	58
10	123	0
11	123	31
12	123	31
13	123	31
14	123	0
15	123	0
16	123	31
17	123	0
18	123	31
19	123	58
20	123	0
21	123	0
22	123	0
23	123	31
0	124	9
1	124	6
2	124	3
3	124	9
4	124	17
5	124	9
6	124	25
7	124	17
8	124	32
9	124	30
10	124	12
11	124	14
12	124	25
13	124	32
14	124	32
15	124	40
16	124	25
17	124	35
18	124	27
19	124	27
20	124	37
21	124	35
22	124	12
23	124	9
0	125	25
1	125	0
2	125	0
3	125	0
4	125	0
5	125	47
6	125	25
7	125	67
8	125	0
9	125	0
10	125	25
11	125	0
12	125	85
13	125	67
14	125	67
15	125	0
16	125	47
17	125	0
18	125	85
19	125	25
20	125	47
21	125	25
22	125	47
23	125	25
0	126	0
1	126	0
2	126	0
3	126	43
4	126	0
5	126	23
6	126	23
7	126	43
8	126	0
9	126	0
10	126	0
11	126	0
12	126	0
13	126	0
14	126	79
15	126	23
16	126	0
17	126	0
18	126	23
19	126	23
20	126	0
21	126	0
22	126	0
23	126	0
0	127	0
1	127	0
2	127	0
3	127	0
4	127	18
5	127	0
6	127	18
7	127	50
8	127	0
9	127	18
10	127	0
11	127	18
12	127	50
13	127	0
14	127	35
15	127	18
16	127	18
17	127	0
18	127	0
19	127	18
20	127	50
21	127	50
22	127	18
23	127	0
0	128	0
1	128	0
2	128	24
3	128	0
4	128	0
5	128	32
6	128	39
7	128	39
8	128	17
9	128	24
10	128	24
11	128	17
12	128	17
13	128	71
14	128	46
15	128	9
16	128	24
17	128	39
18	128	46
19	128	71
20	128	24
21	128	24
22	128	9
23	128	0
0	129	0
1	129	0
2	129	0
3	129	0
4	129	0
5	129	34
6	129	0
7	129	0
8	129	34
9	129	34
10	129	0
11	129	0
12	129	0
13	129	0
14	129	0
15	129	0
16	129	0
17	129	34
18	129	63
19	129	0
20	129	0
21	129	0
22	129	0
23	129	63
0	130	0
1	130	0
2	130	0
3	130	0
4	130	0
5	130	0
6	130	0
7	130	46
8	130	46
9	130	0
10	130	17
11	130	17
12	130	0
13	130	0
14	130	32
15	130	17
16	130	17
17	130	17
18	130	0
19	130	17
20	130	32
21	130	17
22	130	0
23	130	17
0	131	22
1	131	0
2	131	0
3	131	8
4	131	0
5	131	0
6	131	29
7	131	15
8	131	15
9	131	15
10	131	54
11	131	15
12	131	0
13	131	36
14	131	15
15	131	8
16	131	77
17	131	29
18	131	42
19	131	42
20	131	42
21	131	8
22	131	15
23	131	15
0	132	18
1	132	0
2	132	0
3	132	18
4	132	9
5	132	9
6	132	41
7	132	41
8	132	0
9	132	18
10	132	18
11	132	9
12	132	18
13	132	62
14	132	62
15	132	18
16	132	9
17	132	48
18	132	41
19	132	26
20	132	48
21	132	18
22	132	9
23	132	9
0	133	0
1	133	0
2	133	0
3	133	0
4	133	0
5	133	0
6	133	0
7	133	73
8	133	21
9	133	40
10	133	21
11	133	21
12	133	0
13	133	21
14	133	0
15	133	0
16	133	0
17	133	40
18	133	0
19	133	0
20	133	0
21	133	0
22	133	0
23	133	0
0	134	7
1	134	7
2	134	0
3	134	13
4	134	30
5	134	18
6	134	35
7	134	46
8	134	13
9	134	18
10	134	30
11	134	18
12	134	7
13	134	18
14	134	13
15	134	35
16	134	40
17	134	24
18	134	18
19	134	65
20	134	65
21	134	24
22	134	13
23	134	0
0	135	0
1	135	0
2	135	0
3	135	0
4	135	35
5	135	0
6	135	35
7	135	0
8	135	0
9	135	35
10	135	0
11	135	0
12	135	0
13	135	64
14	135	0
15	135	35
16	135	0
17	135	64
18	135	90
19	135	0
20	135	0
21	135	0
22	135	0
23	135	35
0	136	0
1	136	0
2	136	8
3	136	0
4	136	15
5	136	15
6	136	77
7	136	60
8	136	35
9	136	15
10	136	15
11	136	29
12	136	29
13	136	15
14	136	8
15	136	48
16	136	48
17	136	8
18	136	42
19	136	15
20	136	22
21	136	0
22	136	8
23	136	15
0	137	0
1	137	28
2	137	0
3	137	0
4	137	0
5	137	28
6	137	0
7	137	0
8	137	0
9	137	53
10	137	28
11	137	28
12	137	53
13	137	28
14	137	75
15	137	0
16	137	0
17	137	28
18	137	0
19	137	28
20	137	28
21	137	28
22	137	28
23	137	0
0	138	9
1	138	0
2	138	5
3	138	5
4	138	12
5	138	27
6	138	10
7	138	31
8	138	21
9	138	19
10	138	16
11	138	30
12	138	25
13	138	28
14	138	40
15	138	28
16	138	22
17	138	38
18	138	35
19	138	35
20	138	37
21	138	38
22	138	31
23	138	19
0	139	20
1	139	0
2	139	0
3	139	10
4	139	10
5	139	33
6	139	15
7	139	10
8	139	24
9	139	5
10	139	24
11	139	38
12	139	29
13	139	20
14	139	20
15	139	33
16	139	33
17	139	24
18	139	29
19	139	42
20	139	50
21	139	54
22	139	15
23	139	10
0	140	13
1	140	0
2	140	0
3	140	0
4	140	13
5	140	0
6	140	25
7	140	36
8	140	13
9	140	36
10	140	25
11	140	47
12	140	36
13	140	36
14	140	25
15	140	47
16	140	36
17	140	25
18	140	25
19	140	13
20	140	0
21	140	0
22	140	25
23	140	0
0	141	27
1	141	0
2	141	0
3	141	14
4	141	0
5	141	27
6	141	27
7	141	14
8	141	14
9	141	14
10	141	14
11	141	27
12	141	14
13	141	0
14	141	0
15	141	0
16	141	0
17	141	71
18	141	27
19	141	61
20	141	0
21	141	14
22	141	0
23	141	14
0	142	0
1	142	0
2	142	0
3	142	0
4	142	0
5	142	45
6	142	45
7	142	45
8	142	0
9	142	0
10	142	0
11	142	0
12	142	0
13	142	0
14	142	0
15	142	0
16	142	0
17	142	0
18	142	112
19	142	0
20	142	45
21	142	0
22	142	0
23	142	0
0	143	0
1	143	20
2	143	0
3	143	0
4	143	11
5	143	20
6	143	0
7	143	20
8	143	11
9	143	63
10	143	20
11	143	20
12	143	0
13	143	11
14	143	39
15	143	39
16	143	20
17	143	30
18	143	20
19	143	30
20	143	30
21	143	20
22	143	11
23	143	0
0	144	0
1	144	0
2	144	0
3	144	0
4	144	0
5	144	53
6	144	0
7	144	0
8	144	53
9	144	95
10	144	0
11	144	53
12	144	0
13	144	0
14	144	53
15	144	0
16	144	0
17	144	0
18	144	53
19	144	0
20	144	0
21	144	0
22	144	0
23	144	0
0	145	35
1	145	0
2	145	0
3	145	0
4	145	35
5	145	18
6	145	51
7	145	18
8	145	35
9	145	0
10	145	35
11	145	51
12	145	18
13	145	51
14	145	18
15	145	18
16	145	0
17	145	51
18	145	0
19	145	35
20	145	35
21	145	79
22	145	0
23	145	0
0	146	3
1	146	5
2	146	5
3	146	0
4	146	5
5	146	28
6	146	16
7	146	26
8	146	26
9	146	41
10	146	22
11	146	13
12	146	24
13	146	36
14	146	28
15	146	28
16	146	13
17	146	22
18	146	22
19	146	20
20	146	28
21	146	24
22	146	18
23	146	5
0	147	7
1	147	0
2	147	21
3	147	0
4	147	39
5	147	7
6	147	7
7	147	7
8	147	0
9	147	21
10	147	7
11	147	21
12	147	21
13	147	14
14	147	14
15	147	27
16	147	14
17	147	14
18	147	39
19	147	39
20	147	21
21	147	39
22	147	14
23	147	7
0	148	0
1	148	0
2	148	0
3	148	0
4	148	0
5	148	35
6	148	0
7	148	24
8	148	0
9	148	0
10	148	0
11	148	0
12	148	24
13	148	0
14	148	35
15	148	13
16	148	35
17	148	13
18	148	13
19	148	13
20	148	24
21	148	35
22	148	0
23	148	0
0	149	0
1	149	0
2	149	0
3	149	0
4	149	0
5	149	18
6	149	49
7	149	0
8	149	49
9	149	18
10	149	34
11	149	76
12	149	63
13	149	18
14	149	88
15	149	18
16	149	0
17	149	49
18	149	0
19	149	0
20	149	18
21	149	0
22	149	49
23	149	0
0	150	0
1	150	0
2	150	0
3	150	0
4	150	0
5	150	8
6	150	0
7	150	36
8	150	15
9	150	22
10	150	15
11	150	8
12	150	15
13	150	22
14	150	29
15	150	36
16	150	36
17	150	22
18	150	8
19	150	29
20	150	22
21	150	8
22	150	8
23	150	0
0	151	0
1	151	18
2	151	0
3	151	0
4	151	0
5	151	35
6	151	0
7	151	0
8	151	18
9	151	50
10	151	18
11	151	18
12	151	78
13	151	18
14	151	0
15	151	0
16	151	18
17	151	64
18	151	0
19	151	0
20	151	0
21	151	0
22	151	18
23	151	0
0	152	3
1	152	5
2	152	8
3	152	0
4	152	0
5	152	15
6	152	24
7	152	22
8	152	15
9	152	15
10	152	15
11	152	27
12	152	35
13	152	24
14	152	24
15	152	17
16	152	15
17	152	20
18	152	24
19	152	40
20	152	20
21	152	8
22	152	17
23	152	10
0	153	0
1	153	0
2	153	0
3	153	0
4	153	0
5	153	0
6	153	0
7	153	25
8	153	25
9	153	25
10	153	25
11	153	48
12	153	48
13	153	25
14	153	48
15	153	0
16	153	25
17	153	25
18	153	0
19	153	48
20	153	25
21	153	0
22	153	25
23	153	0
0	154	0
1	154	23
2	154	0
3	154	0
4	154	0
5	154	62
6	154	62
7	154	0
8	154	0
9	154	23
10	154	43
11	154	23
12	154	0
13	154	0
14	154	95
15	154	43
16	154	144
17	154	95
18	154	0
19	154	62
20	154	23
21	154	0
22	154	62
23	154	0
0	155	0
1	155	0
2	155	0
3	155	0
4	155	0
5	155	0
6	155	63
7	155	23
8	155	96
9	155	96
10	155	44
11	155	0
12	155	23
13	155	44
14	155	23
15	155	23
16	155	0
17	155	0
18	155	23
19	155	44
20	155	23
21	155	0
22	155	0
23	155	0
0	156	0
1	156	0
2	156	0
3	156	0
4	156	0
5	156	0
6	156	34
7	156	34
8	156	63
9	156	0
10	156	34
11	156	34
12	156	0
13	156	34
14	156	0
15	156	0
16	156	34
17	156	0
18	156	0
19	156	34
20	156	34
21	156	0
22	156	34
23	156	0
0	157	0
1	157	0
2	157	0
3	157	0
4	157	0
5	157	27
6	157	0
7	157	0
8	157	0
9	157	27
10	157	27
11	157	27
12	157	27
13	157	27
14	157	51
15	157	0
16	157	0
17	157	0
18	157	0
19	157	72
20	157	51
21	157	0
22	157	0
23	157	0
0	158	0
1	158	0
2	158	0
3	158	0
4	158	0
5	158	0
6	158	52
7	158	0
8	158	0
9	158	28
10	158	0
11	158	0
12	158	52
13	158	52
14	158	0
15	158	0
16	158	28
17	158	0
18	158	28
19	158	0
20	158	28
21	158	0
22	158	0
23	158	0
0	159	0
1	159	0
2	159	0
3	159	0
4	159	0
5	159	0
6	159	0
7	159	21
8	159	21
9	159	21
10	159	0
11	159	40
12	159	40
13	159	58
14	159	21
15	159	74
16	159	58
17	159	58
18	159	40
19	159	21
20	159	58
21	159	0
22	159	21
23	159	0
0	160	0
1	160	0
2	160	0
3	160	0
4	160	0
5	160	32
6	160	32
7	160	32
8	160	17
9	160	59
10	160	17
11	160	17
12	160	17
13	160	32
14	160	0
15	160	17
16	160	59
17	160	46
18	160	17
19	160	46
20	160	32
21	160	0
22	160	0
23	160	0
0	161	0
1	161	0
2	161	0
3	161	7
4	161	13
5	161	7
6	161	20
7	161	7
8	161	0
9	161	13
10	161	13
11	161	32
12	161	43
13	161	37
14	161	64
15	161	0
16	161	7
17	161	26
18	161	26
19	161	37
20	161	0
21	161	13
22	161	26
23	161	0
0	162	5
1	162	5
2	162	9
3	162	5
4	162	9
5	162	9
6	162	9
7	162	17
8	162	24
9	162	24
10	162	9
11	162	5
12	162	24
13	162	17
14	162	28
15	162	20
16	162	17
17	162	17
18	162	39
19	162	49
20	162	9
21	162	5
22	162	13
23	162	0
