Counts for LG(8) in Greece(16):
Hour	Location Index	Count
0	0	0
1	0	0
2	0	0
3	0	0
4	0	0
5	0	0
6	0	0
7	0	0
8	0	0
9	0	0
10	0	0
11	0	0
12	0	0
13	0	0
14	0	0
15	0	0
16	0	0
17	0	35
18	0	0
19	0	0
20	0	0
21	0	0
22	0	0
23	0	0
0	1	0
1	1	0
2	1	0
3	1	0
4	1	0
5	1	0
6	1	0
7	1	0
8	1	0
9	1	0
10	1	0
11	1	0
12	1	0
13	1	0
14	1	0
15	1	0
16	1	43
17	1	0
18	1	0
19	1	0
20	1	0
21	1	0
22	1	0
23	1	0
0	2	0
1	2	0
2	2	0
3	2	0
4	2	0
5	2	0
6	2	0
7	2	0
8	2	0
9	2	0
10	2	0
11	2	0
12	2	13
13	2	0
14	2	0
15	2	0
16	2	13
17	2	13
18	2	0
19	2	13
20	2	0
21	2	0
22	2	0
23	2	0
0	3	0
1	3	0
2	3	0
3	3	0
4	3	0
5	3	0
6	3	0
7	3	0
8	3	0
9	3	0
10	3	0
11	3	37
12	3	0
13	3	0
14	3	0
15	3	0
16	3	0
17	3	0
18	3	0
19	3	0
20	3	0
21	3	0
22	3	37
23	3	0
0	4	0
1	4	0
2	4	0
3	4	1
4	4	2
5	4	4
6	4	2
7	4	1
8	4	5
9	4	2
10	4	3
11	4	2
12	4	0
13	4	3
14	4	2
15	4	4
16	4	3
17	4	1
18	4	4
19	4	2
20	4	2
21	4	4
22	4	3
23	4	1
0	5	0
1	5	0
2	5	0
3	5	0
4	5	0
5	5	0
6	5	0
7	5	0
8	5	0
9	5	0
10	5	0
11	5	25
12	5	0
13	5	0
14	5	0
15	5	0
16	5	0
17	5	9
18	5	0
19	5	0
20	5	0
21	5	0
22	5	0
23	5	0
0	6	0
1	6	0
2	6	0
3	6	0
4	6	0
5	6	0
6	6	0
7	6	0
8	6	0
9	6	0
10	6	0
11	6	0
12	6	0
13	6	32
14	6	0
15	6	0
16	6	0
17	6	0
18	6	0
19	6	38
20	6	26
21	6	7
22	6	0
23	6	0
0	7	0
1	7	0
2	7	0
3	7	0
4	7	0
5	7	0
6	7	0
7	7	0
8	7	0
9	7	0
10	7	0
11	7	0
12	7	0
13	7	14
14	7	0
15	7	0
16	7	0
17	7	0
18	7	7
19	7	7
20	7	0
21	7	0
22	7	0
23	7	0
0	8	13
1	8	0
2	8	0
3	8	0
4	8	0
5	8	0
6	8	0
7	8	0
8	8	0
9	8	0
10	8	0
11	8	0
12	8	13
13	8	0
14	8	0
15	8	0
16	8	0
17	8	7
18	8	0
19	8	0
20	8	0
21	8	0
22	8	0
23	8	0
0	9	0
1	9	0
2	9	0
3	9	0
4	9	0
5	9	0
6	9	0
7	9	8
8	9	0
9	9	0
10	9	0
11	9	8
12	9	22
13	9	0
14	9	15
15	9	8
16	9	8
17	9	0
18	9	22
19	9	15
20	9	8
21	9	8
22	9	8
23	9	8
0	10	0
1	10	0
2	10	0
3	10	6
4	10	0
5	10	0
6	10	0
7	10	6
8	10	0
9	10	0
10	10	0
11	10	0
12	10	17
13	10	6
14	10	0
15	10	0
16	10	0
17	10	0
18	10	0
19	10	0
20	10	12
21	10	0
22	10	17
23	10	0
0	11	0
1	11	0
2	11	0
3	11	0
4	11	0
5	11	0
6	11	0
7	11	0
8	11	0
9	11	0
10	11	0
11	11	0
12	11	0
13	11	0
14	11	0
15	11	0
16	11	0
17	11	0
18	11	0
19	11	16
20	11	0
21	11	0
22	11	0
23	11	0
0	12	0
1	12	0
2	12	0
3	12	4
4	12	8
5	12	4
6	12	0
7	12	0
8	12	4
9	12	4
10	12	0
11	12	8
12	12	0
13	12	0
14	12	8
15	12	4
16	12	8
17	12	4
18	12	0
19	12	4
20	12	0
21	12	0
22	12	0
23	12	0
0	13	0
1	13	0
2	13	0
3	13	0
4	13	0
5	13	0
6	13	0
7	13	0
8	13	0
9	13	0
10	13	0
11	13	0
12	13	0
13	13	0
14	13	0
15	13	36
16	13	0
17	13	0
18	13	0
19	13	0
20	13	0
21	13	0
22	13	0
23	13	0
0	14	0
1	14	0
2	14	0
3	14	0
4	14	0
5	14	0
6	14	0
7	14	0
8	14	0
9	14	0
10	14	0
11	14	0
12	14	0
13	14	32
14	14	0
15	14	0
16	14	0
17	14	0
18	14	0
19	14	0
20	14	0
21	14	60
22	14	0
23	14	0
0	15	1
1	15	0
2	15	0
3	15	0
4	15	2
5	15	0
6	15	2
7	15	4
8	15	2
9	15	3
10	15	3
11	15	2
12	15	2
13	15	4
14	15	5
15	15	4
16	15	3
17	15	3
18	15	1
19	15	2
20	15	3
21	15	3
22	15	2
23	15	1
0	16	0
1	16	0
2	16	0
3	16	0
4	16	0
5	16	0
6	16	0
7	16	0
8	16	13
9	16	0
10	16	0
11	16	0
12	16	7
13	16	0
14	16	0
15	16	0
16	16	0
17	16	0
18	16	0
19	16	0
20	16	7
21	16	13
22	16	7
23	16	0
0	17	0
1	17	0
2	17	0
3	17	0
4	17	0
5	17	0
6	17	20
7	17	0
8	17	0
9	17	0
10	17	0
11	17	0
12	17	0
13	17	0
14	17	0
15	17	0
16	17	0
17	17	0
18	17	0
19	17	0
20	17	0
21	17	0
22	17	0
23	17	0
0	18	0
1	18	0
2	18	0
3	18	0
4	18	0
5	18	0
6	18	0
7	18	0
8	18	0
9	18	0
10	18	0
11	18	0
12	18	18
13	18	0
14	18	0
15	18	0
16	18	0
17	18	0
18	18	18
19	18	18
20	18	0
21	18	18
22	18	0
23	18	0
0	19	0
1	19	0
2	19	0
3	19	0
4	19	0
5	19	0
6	19	0
7	19	0
8	19	0
9	19	0
10	19	0
11	19	0
12	19	58
13	19	0
14	19	0
15	19	0
16	19	0
17	19	0
18	19	0
19	19	0
20	19	0
21	19	0
22	19	0
23	19	0
0	20	0
1	20	0
2	20	0
3	20	0
4	20	0
5	20	0
6	20	0
7	20	0
8	20	0
9	20	0
10	20	0
11	20	0
12	20	0
13	20	0
14	20	0
15	20	0
16	20	0
17	20	0
18	20	0
19	20	0
20	20	0
21	20	0
22	20	0
23	20	0
0	21	1
1	21	1
2	21	1
3	21	1
4	21	1
5	21	2
6	21	2
7	21	2
8	21	2
9	21	3
10	21	3
11	21	3
12	21	3
13	21	3
14	21	3
15	21	3
16	21	3
17	21	3
18	21	4
19	21	3
20	21	3
21	21	3
22	21	2
23	21	2
0	22	0
1	22	0
2	22	0
3	22	0
4	22	0
5	22	0
6	22	0
7	22	0
8	22	0
9	22	0
10	22	0
11	22	0
12	22	0
13	22	0
14	22	0
15	22	0
16	22	0
17	22	0
18	22	0
19	22	0
20	22	0
21	22	0
22	22	0
23	22	0
0	23	0
1	23	0
2	23	0
3	23	0
4	23	23
5	23	0
6	23	0
7	23	0
8	23	0
9	23	0
10	23	0
11	23	0
12	23	0
13	23	0
14	23	0
15	23	0
16	23	0
17	23	0
18	23	0
19	23	0
20	23	0
21	23	0
22	23	0
23	23	0
0	24	0
1	24	0
2	24	0
3	24	0
4	24	0
5	24	0
6	24	0
7	24	0
8	24	28
9	24	0
10	24	0
11	24	0
12	24	0
13	24	0
14	24	0
15	24	0
16	24	0
17	24	0
18	24	0
19	24	6
20	24	12
21	24	0
22	24	12
23	24	0
0	25	0
1	25	0
2	25	0
3	25	0
4	25	0
5	25	0
6	25	0
7	25	0
8	25	0
9	25	0
10	25	0
11	25	0
12	25	0
13	25	0
14	25	0
15	25	0
16	25	0
17	25	0
18	25	0
19	25	0
20	25	0
21	25	0
22	25	0
23	25	0
0	26	0
1	26	0
2	26	0
3	26	0
4	26	0
5	26	0
6	26	0
7	26	6
8	26	0
9	26	0
10	26	0
11	26	12
12	26	0
13	26	6
14	26	0
15	26	6
16	26	12
17	26	0
18	26	0
19	26	6
20	26	6
21	26	0
22	26	6
23	26	0
0	27	0
1	27	0
2	27	0
3	27	0
4	27	0
5	27	0
6	27	0
7	27	0
8	27	0
9	27	0
10	27	0
11	27	0
12	27	0
13	27	0
14	27	0
15	27	0
16	27	0
17	27	0
18	27	0
19	27	0
20	27	0
21	27	0
22	27	0
23	27	0
0	28	0
1	28	2
2	28	0
3	28	0
4	28	0
5	28	2
6	28	4
7	28	0
8	28	2
9	28	0
10	28	4
11	28	2
12	28	0
13	28	4
14	28	2
15	28	4
16	28	2
17	28	0
18	28	0
19	28	4
20	28	2
21	28	0
22	28	0
23	28	2
0	29	0
1	29	0
2	29	0
3	29	0
4	29	0
5	29	0
6	29	0
7	29	0
8	29	39
9	29	0
10	29	0
11	29	0
12	29	0
13	29	0
14	29	0
15	29	39
16	29	0
17	29	0
18	29	0
19	29	0
20	29	0
21	29	0
22	29	0
23	29	0
0	30	0
1	30	0
2	30	0
3	30	0
4	30	0
5	30	0
6	30	29
7	30	0
8	30	0
9	30	15
10	30	15
11	30	0
12	30	0
13	30	0
14	30	0
15	30	0
16	30	0
17	30	0
18	30	0
19	30	0
20	30	0
21	30	0
22	30	0
23	30	0
0	31	0
1	31	0
2	31	1
3	31	1
4	31	1
5	31	2
6	31	2
7	31	1
8	31	1
9	31	1
10	31	1
11	31	2
12	31	1
13	31	2
14	31	1
15	31	2
16	31	1
17	31	2
18	31	1
19	31	1
20	31	1
21	31	1
22	31	1
23	31	1
0	32	0
1	32	0
2	32	0
3	32	0
4	32	0
5	32	25
6	32	0
7	32	0
8	32	0
9	32	0
10	32	0
11	32	0
12	32	0
13	32	0
14	32	0
15	32	0
16	32	0
17	32	0
18	32	0
19	32	0
20	32	0
21	32	25
22	32	25
23	32	0
0	33	0
1	33	0
2	33	0
3	33	0
4	33	0
5	33	0
6	33	0
7	33	0
8	33	0
9	33	0
10	33	0
11	33	0
12	33	0
13	33	0
14	33	0
15	33	0
16	33	0
17	33	0
18	33	0
19	33	0
20	33	0
21	33	0
22	33	0
23	33	0
0	34	0
1	34	0
2	34	0
3	34	0
4	34	0
5	34	0
6	34	0
7	34	0
8	34	0
9	34	0
10	34	0
11	34	0
12	34	0
13	34	19
14	34	19
15	34	19
16	34	0
17	34	0
18	34	0
19	34	0
20	34	0
21	34	0
22	34	0
23	34	0
0	35	0
1	35	0
2	35	0
3	35	0
4	35	0
5	35	0
6	35	0
7	35	0
8	35	0
9	35	0
10	35	0
11	35	0
12	35	0
13	35	0
14	35	0
15	35	0
16	35	0
17	35	0
18	35	0
19	35	0
20	35	0
21	35	0
22	35	0
23	35	30
0	36	0
1	36	0
2	36	0
3	36	0
4	36	4
5	36	2
6	36	4
7	36	0
8	36	2
9	36	0
10	36	0
11	36	0
12	36	2
13	36	6
14	36	2
15	36	8
16	36	8
17	36	0
18	36	2
19	36	2
20	36	2
21	36	6
22	36	0
23	36	0
0	37	0
1	37	0
2	37	0
3	37	0
4	37	0
5	37	0
6	37	0
7	37	0
8	37	0
9	37	0
10	37	0
11	37	0
12	37	0
13	37	0
14	37	5
15	37	14
16	37	0
17	37	0
18	37	0
19	37	0
20	37	0
21	37	0
22	37	5
23	37	0
0	38	0
1	38	0
2	38	0
3	38	0
4	38	85
5	38	0
6	38	0
7	38	0
8	38	0
9	38	0
10	38	0
11	38	67
12	38	0
13	38	0
14	38	0
15	38	0
16	38	0
17	38	0
18	38	0
19	38	0
20	38	0
21	38	0
22	38	0
23	38	0
0	39	0
1	39	0
2	39	0
3	39	0
4	39	0
5	39	0
6	39	0
7	39	0
8	39	0
9	39	0
10	39	0
11	39	0
12	39	0
13	39	0
14	39	0
15	39	0
16	39	0
17	39	0
18	39	0
19	39	0
20	39	0
21	39	0
22	39	0
23	39	0
0	40	0
1	40	0
2	40	0
3	40	0
4	40	0
5	40	0
6	40	8
7	40	15
8	40	0
9	40	8
10	40	8
11	40	0
12	40	0
13	40	28
14	40	0
15	40	0
16	40	28
17	40	0
18	40	0
19	40	0
20	40	0
21	40	0
22	40	0
23	40	0
0	41	0
1	41	0
2	41	0
3	41	0
4	41	0
5	41	0
6	41	0
7	41	0
8	41	0
9	41	0
10	41	0
11	41	0
12	41	0
13	41	0
14	41	0
15	41	0
16	41	0
17	41	0
18	41	0
19	41	0
20	41	0
21	41	45
22	41	0
23	41	0
0	42	0
1	42	0
2	42	0
3	42	0
4	42	0
5	42	0
6	42	0
7	42	0
8	42	0
9	42	0
10	42	0
11	42	0
12	42	0
13	42	0
14	42	0
15	42	0
16	42	0
17	42	0
18	42	0
19	42	0
20	42	0
21	42	0
22	42	0
23	42	0
0	43	0
1	43	0
2	43	0
3	43	0
4	43	0
5	43	0
6	43	0
7	43	0
8	43	0
9	43	0
10	43	0
11	43	0
12	43	11
13	43	0
14	43	11
15	43	0
16	43	11
17	43	0
18	43	0
19	43	0
20	43	11
21	43	0
22	43	0
23	43	0
0	44	0
1	44	5
2	44	0
3	44	0
4	44	0
5	44	13
6	44	9
7	44	0
8	44	5
9	44	9
10	44	13
11	44	13
12	44	5
13	44	17
14	44	0
15	44	5
16	44	0
17	44	0
18	44	0
19	44	0
20	44	5
21	44	0
22	44	0
23	44	0
0	45	0
1	45	7
2	45	0
3	45	0
4	45	7
5	45	0
6	45	0
7	45	18
8	45	0
9	45	0
10	45	7
11	45	7
12	45	0
13	45	7
14	45	7
15	45	7
16	45	0
17	45	0
18	45	0
19	45	7
20	45	0
21	45	0
22	45	0
23	45	13
0	46	0
1	46	0
2	46	10
3	46	0
4	46	0
5	46	0
6	46	0
7	46	5
8	46	0
9	46	5
10	46	0
11	46	0
12	46	0
13	46	0
14	46	0
15	46	0
16	46	0
17	46	0
18	46	0
19	46	0
20	46	0
21	46	5
22	46	0
23	46	5
0	47	0
1	47	0
2	47	0
3	47	0
4	47	0
5	47	0
6	47	0
7	47	0
8	47	0
9	47	0
10	47	0
11	47	0
12	47	0
13	47	0
14	47	0
15	47	0
16	47	0
17	47	0
18	47	14
19	47	0
20	47	0
21	47	0
22	47	0
23	47	0
0	48	0
1	48	0
2	48	0
3	48	0
4	48	0
5	48	0
6	48	0
7	48	0
8	48	0
9	48	0
10	48	0
11	48	0
12	48	0
13	48	0
14	48	0
15	48	0
16	48	0
17	48	0
18	48	0
19	48	0
20	48	0
21	48	0
22	48	0
23	48	0
0	49	0
1	49	0
2	49	0
3	49	0
4	49	0
5	49	0
6	49	0
7	49	0
8	49	0
9	49	0
10	49	0
11	49	0
12	49	0
13	49	0
14	49	0
15	49	0
16	49	0
17	49	0
18	49	0
19	49	43
20	49	0
21	49	0
22	49	0
23	49	0
0	50	0
1	50	0
2	50	0
3	50	0
4	50	0
5	50	0
6	50	24
7	50	9
8	50	0
9	50	0
10	50	0
11	50	17
12	50	0
13	50	0
14	50	0
15	50	0
16	50	9
17	50	0
18	50	0
19	50	0
20	50	0
21	50	0
22	50	0
23	50	9
0	51	0
1	51	0
2	51	0
3	51	0
4	51	0
5	51	0
6	51	14
7	51	0
8	51	0
9	51	14
10	51	0
11	51	40
12	51	0
13	51	0
14	51	14
15	51	0
16	51	0
17	51	0
18	51	14
19	51	0
20	51	14
21	51	0
22	51	0
23	51	0
0	52	0
1	52	0
2	52	0
3	52	0
4	52	0
5	52	0
6	52	0
7	52	0
8	52	0
9	52	8
10	52	0
11	52	0
12	52	21
13	52	8
14	52	0
15	52	0
16	52	0
17	52	0
18	52	0
19	52	8
20	52	0
21	52	0
22	52	0
23	52	0
0	53	0
1	53	0
2	53	0
3	53	0
4	53	0
5	53	0
6	53	0
7	53	0
8	53	0
9	53	0
10	53	0
11	53	0
12	53	0
13	53	0
14	53	0
15	53	0
16	53	13
17	53	0
18	53	0
19	53	0
20	53	0
21	53	0
22	53	0
23	53	0
0	54	0
1	54	0
2	54	0
3	54	0
4	54	0
5	54	0
6	54	5
7	54	0
8	54	5
9	54	0
10	54	0
11	54	0
12	54	8
13	54	5
14	54	0
15	54	0
16	54	16
17	54	0
18	54	12
19	54	5
20	54	0
21	54	0
22	54	0
23	54	0
0	55	0
1	55	0
2	55	0
3	55	0
4	55	1
5	55	2
6	55	2
7	55	0
8	55	0
9	55	1
10	55	0
11	55	0
12	55	2
13	55	1
14	55	1
15	55	2
16	55	0
17	55	3
18	55	2
19	55	1
20	55	0
21	55	1
22	55	1
23	55	0
0	56	0
1	56	0
2	56	0
3	56	0
4	56	0
5	56	0
6	56	58
7	56	0
8	56	0
9	56	0
10	56	0
11	56	0
12	56	0
13	56	0
14	56	0
15	56	0
16	56	0
17	56	0
18	56	0
19	56	0
20	56	31
21	56	0
22	56	0
23	56	0
0	57	0
1	57	25
2	57	0
3	57	0
4	57	0
5	57	0
6	57	0
7	57	0
8	57	0
9	57	0
10	57	0
11	57	0
12	57	0
13	57	0
14	57	0
15	57	0
16	57	0
17	57	0
18	57	0
19	57	0
20	57	0
21	57	0
22	57	0
23	57	0
0	58	0
1	58	0
2	58	0
3	58	1
4	58	0
5	58	0
6	58	2
7	58	4
8	58	5
9	58	3
10	58	3
11	58	2
12	58	2
13	58	1
14	58	1
15	58	3
16	58	2
17	58	3
18	58	4
19	58	5
20	58	3
21	58	4
22	58	0
23	58	2
0	59	0
1	59	0
2	59	0
3	59	0
4	59	0
5	59	0
6	59	0
7	59	0
8	59	0
9	59	0
10	59	0
11	59	0
12	59	0
13	59	0
14	59	0
15	59	17
16	59	0
17	59	0
18	59	0
19	59	17
20	59	0
21	59	17
22	59	0
23	59	0
0	60	0
1	60	0
2	60	0
3	60	0
4	60	0
5	60	0
6	60	0
7	60	1
8	60	1
9	60	2
10	60	1
11	60	2
12	60	2
13	60	1
14	60	0
15	60	2
16	60	2
17	60	2
18	60	2
19	60	3
20	60	6
21	60	1
22	60	0
23	60	0
0	61	0
1	61	0
2	61	0
3	61	0
4	61	0
5	61	0
6	61	0
7	61	0
8	61	0
9	61	0
10	61	0
11	61	0
12	61	13
13	61	0
14	61	0
15	61	0
16	61	0
17	61	0
18	61	0
19	61	0
20	61	0
21	61	0
22	61	0
23	61	0
0	62	0
1	62	0
2	62	0
3	62	7
4	62	0
5	62	0
6	62	0
7	62	7
8	62	7
9	62	0
10	62	7
11	62	0
12	62	0
13	62	0
14	62	7
15	62	39
16	62	0
17	62	0
18	62	0
19	62	7
20	62	0
21	62	0
22	62	0
23	62	0
0	63	0
1	63	0
2	63	0
3	63	0
4	63	0
5	63	0
6	63	0
7	63	0
8	63	0
9	63	0
10	63	17
11	63	0
12	63	0
13	63	0
14	63	0
15	63	0
16	63	0
17	63	0
18	63	0
19	63	0
20	63	0
21	63	0
22	63	0
23	63	0
0	64	0
1	64	0
2	64	0
3	64	0
4	64	0
5	64	0
6	64	0
7	64	0
8	64	0
9	64	0
10	64	0
11	64	0
12	64	0
13	64	0
14	64	0
15	64	0
16	64	0
17	64	0
18	64	0
19	64	0
20	64	0
21	64	0
22	64	0
23	64	0
0	65	0
1	65	0
2	65	0
3	65	0
4	65	0
5	65	13
6	65	0
7	65	35
8	65	0
9	65	0
10	65	0
11	65	0
12	65	0
13	65	0
14	65	0
15	65	0
16	65	0
17	65	0
18	65	13
19	65	13
20	65	0
21	65	0
22	65	0
23	65	0
0	66	0
1	66	0
2	66	0
3	66	3
4	66	0
5	66	6
6	66	0
7	66	0
8	66	0
9	66	0
10	66	0
11	66	3
12	66	6
13	66	3
14	66	0
15	66	3
16	66	0
17	66	0
18	66	0
19	66	0
20	66	6
21	66	0
22	66	0
23	66	0
0	67	0
1	67	0
2	67	0
3	67	0
4	67	0
5	67	0
6	67	0
7	67	0
8	67	0
9	67	0
10	67	47
11	67	0
12	67	0
13	67	0
14	67	0
15	67	0
16	67	0
17	67	0
18	67	0
19	67	0
20	67	0
21	67	0
22	67	0
23	67	0
0	68	0
1	68	0
2	68	0
3	68	0
4	68	0
5	68	0
6	68	0
7	68	0
8	68	0
9	68	0
10	68	20
11	68	0
12	68	0
13	68	0
14	68	0
15	68	0
16	68	0
17	68	0
18	68	20
19	68	0
20	68	0
21	68	0
22	68	0
23	68	0
0	69	0
1	69	0
2	69	0
3	69	0
4	69	0
5	69	0
6	69	0
7	69	0
8	69	0
9	69	23
10	69	0
11	69	0
12	69	0
13	69	0
14	69	0
15	69	0
16	69	0
17	69	0
18	69	0
19	69	0
20	69	0
21	69	23
22	69	0
23	69	0
0	70	0
1	70	0
2	70	0
3	70	0
4	70	0
5	70	0
6	70	0
7	70	0
8	70	0
9	70	0
10	70	0
11	70	0
12	70	0
13	70	0
14	70	0
15	70	0
16	70	0
17	70	0
18	70	0
19	70	0
20	70	0
21	70	0
22	70	0
23	70	0
0	71	0
1	71	0
2	71	0
3	71	0
4	71	0
5	71	0
6	71	2
7	71	0
8	71	2
9	71	0
10	71	2
11	71	0
12	71	8
13	71	7
14	71	5
15	71	5
16	71	0
17	71	2
18	71	7
19	71	2
20	71	2
21	71	2
22	71	2
23	71	0
0	72	0
1	72	0
2	72	0
3	72	0
4	72	0
5	72	0
6	72	0
7	72	0
8	72	0
9	72	0
10	72	0
11	72	0
12	72	0
13	72	0
14	72	0
15	72	0
16	72	0
17	72	0
18	72	0
19	72	0
20	72	0
21	72	0
22	72	0
23	72	0
0	73	0
1	73	0
2	73	0
3	73	0
4	73	0
5	73	31
6	73	0
7	73	0
8	73	0
9	73	0
10	73	0
11	73	16
12	73	0
13	73	0
14	73	0
15	73	0
16	73	0
17	73	0
18	73	0
19	73	45
20	73	0
21	73	0
22	73	0
23	73	0
0	74	0
1	74	0
2	74	0
3	74	0
4	74	0
5	74	0
6	74	4
7	74	0
8	74	8
9	74	8
10	74	4
11	74	8
12	74	0
13	74	4
14	74	0
15	74	0
16	74	12
17	74	0
18	74	0
19	74	0
20	74	4
21	74	8
22	74	0
23	74	0
0	75	0
1	75	0
2	75	0
3	75	0
4	75	0
5	75	0
6	75	0
7	75	0
8	75	14
9	75	0
10	75	28
11	75	0
12	75	0
13	75	0
14	75	0
15	75	0
16	75	0
17	75	0
18	75	0
19	75	0
20	75	0
21	75	0
22	75	0
23	75	28
0	76	0
1	76	0
2	76	0
3	76	0
4	76	0
5	76	0
6	76	0
7	76	0
8	76	0
9	76	0
10	76	0
11	76	10
12	76	0
13	76	0
14	76	0
15	76	0
16	76	0
17	76	0
18	76	0
19	76	0
20	76	0
21	76	0
22	76	0
23	76	0
0	77	0
1	77	0
2	77	0
3	77	0
4	77	0
5	77	0
6	77	0
7	77	0
8	77	6
9	77	0
10	77	0
11	77	11
12	77	0
13	77	6
14	77	20
15	77	0
16	77	0
17	77	0
18	77	0
19	77	0
20	77	0
21	77	0
22	77	0
23	77	0
0	78	0
1	78	0
2	78	0
3	78	0
4	78	0
5	78	0
6	78	10
7	78	0
8	78	0
9	78	0
10	78	0
11	78	0
12	78	0
13	78	19
14	78	0
15	78	0
16	78	19
17	78	37
18	78	0
19	78	0
20	78	0
21	78	0
22	78	0
23	78	0
0	79	0
1	79	0
2	79	0
3	79	0
4	79	0
5	79	0
6	79	0
7	79	3
8	79	3
9	79	0
10	79	3
11	79	3
12	79	5
13	79	3
14	79	0
15	79	0
16	79	3
17	79	0
18	79	0
19	79	0
20	79	5
21	79	3
22	79	0
23	79	0
0	80	0
1	80	0
2	80	0
3	80	0
4	80	0
5	80	0
6	80	25
7	80	0
8	80	0
9	80	0
10	80	0
11	80	0
12	80	0
13	80	0
14	80	0
15	80	0
16	80	0
17	80	0
18	80	0
19	80	0
20	80	0
21	80	0
22	80	0
23	80	0
0	81	0
1	81	0
2	81	0
3	81	0
4	81	0
5	81	0
6	81	0
7	81	0
8	81	0
9	81	0
10	81	0
11	81	0
12	81	0
13	81	0
14	81	0
15	81	0
16	81	0
17	81	18
18	81	0
19	81	0
20	81	0
21	81	0
22	81	18
23	81	18
0	82	0
1	82	0
2	82	0
3	82	0
4	82	0
5	82	0
6	82	0
7	82	0
8	82	0
9	82	0
10	82	0
11	82	0
12	82	0
13	82	0
14	82	0
15	82	0
16	82	0
17	82	0
18	82	0
19	82	0
20	82	0
21	82	0
22	82	0
23	82	0
0	83	0
1	83	0
2	83	0
3	83	0
4	83	0
5	83	0
6	83	0
7	83	0
8	83	0
9	83	0
10	83	0
11	83	0
12	83	0
13	83	0
14	83	0
15	83	0
16	83	0
17	83	0
18	83	0
19	83	0
20	83	0
21	83	0
22	83	0
23	83	0
0	84	0
1	84	0
2	84	0
3	84	0
4	84	0
5	84	0
6	84	0
7	84	0
8	84	0
9	84	0
10	84	0
11	84	0
12	84	5
13	84	0
14	84	0
15	84	0
16	84	0
17	84	5
18	84	5
19	84	0
20	84	0
21	84	5
22	84	0
23	84	5
0	85	0
1	85	0
2	85	0
3	85	0
4	85	0
5	85	0
6	85	0
7	85	0
8	85	0
9	85	0
10	85	0
11	85	0
12	85	0
13	85	0
14	85	0
15	85	0
16	85	0
17	85	123
18	85	0
19	85	0
20	85	0
21	85	0
22	85	0
23	85	0
0	86	4
1	86	0
2	86	0
3	86	0
4	86	4
5	86	0
6	86	0
7	86	0
8	86	0
9	86	0
10	86	15
11	86	0
12	86	0
13	86	8
14	86	0
15	86	8
16	86	15
17	86	0
18	86	4
19	86	8
20	86	0
21	86	0
22	86	0
23	86	4
0	87	2
1	87	0
2	87	2
3	87	1
4	87	2
5	87	4
6	87	6
7	87	4
8	87	4
9	87	5
10	87	3
11	87	4
12	87	6
13	87	3
14	87	7
15	87	4
16	87	5
17	87	6
18	87	9
19	87	7
20	87	8
21	87	1
22	87	4
23	87	0
0	88	0
1	88	0
2	88	0
3	88	0
4	88	0
5	88	0
6	88	0
7	88	0
8	88	0
9	88	0
10	88	0
11	88	0
12	88	0
13	88	0
14	88	0
15	88	0
16	88	0
17	88	0
18	88	20
19	88	0
20	88	0
21	88	0
22	88	0
23	88	0
0	89	0
1	89	0
2	89	0
3	89	0
4	89	0
5	89	0
6	89	0
7	89	0
8	89	0
9	89	0
10	89	0
11	89	0
12	89	0
13	89	0
14	89	0
15	89	0
16	89	0
17	89	0
18	89	0
19	89	0
20	89	0
21	89	0
22	89	0
23	89	0
0	90	0
1	90	0
2	90	0
3	90	0
4	90	0
5	90	0
6	90	0
7	90	0
8	90	0
9	90	12
10	90	0
11	90	0
12	90	0
13	90	0
14	90	0
15	90	0
16	90	0
17	90	0
18	90	0
19	90	0
20	90	0
21	90	0
22	90	0
23	90	0
0	91	2
1	91	1
2	91	1
3	91	1
4	91	1
5	91	1
6	91	2
7	91	2
8	91	2
9	91	4
10	91	3
11	91	3
12	91	4
13	91	4
14	91	4
15	91	3
16	91	3
17	91	3
18	91	5
19	91	4
20	91	6
21	91	3
22	91	2
23	91	2
0	92	0
1	92	0
2	92	0
3	92	0
4	92	0
5	92	0
6	92	0
7	92	0
8	92	0
9	92	0
10	92	0
11	92	0
12	92	0
13	92	0
14	92	0
15	92	0
16	92	0
17	92	0
18	92	0
19	92	0
20	92	0
21	92	0
22	92	0
23	92	0
0	93	0
1	93	0
2	93	0
3	93	0
4	93	0
5	93	0
6	93	0
7	93	0
8	93	0
9	93	0
10	93	0
11	93	0
12	93	0
13	93	0
14	93	0
15	93	0
16	93	0
17	93	0
18	93	0
19	93	0
20	93	0
21	93	0
22	93	0
23	93	0
0	94	0
1	94	0
2	94	0
3	94	0
4	94	0
5	94	0
6	94	0
7	94	0
8	94	7
9	94	0
10	94	7
11	94	0
12	94	0
13	94	0
14	94	0
15	94	0
16	94	0
17	94	0
18	94	0
19	94	0
20	94	24
21	94	7
22	94	0
23	94	13
0	95	1
1	95	1
2	95	1
3	95	1
4	95	1
5	95	2
6	95	2
7	95	2
8	95	3
9	95	3
10	95	3
11	95	3
12	95	3
13	95	3
14	95	3
15	95	3
16	95	3
17	95	3
18	95	3
19	95	4
20	95	4
21	95	3
22	95	2
23	95	1
0	96	0
1	96	0
2	96	0
3	96	0
4	96	0
5	96	4
6	96	0
7	96	0
8	96	8
9	96	2
10	96	0
11	96	0
12	96	0
13	96	2
14	96	4
15	96	0
16	96	2
17	96	0
18	96	0
19	96	2
20	96	2
21	96	0
22	96	0
23	96	0
0	97	0
1	97	0
2	97	0
3	97	0
4	97	0
5	97	0
6	97	0
7	97	0
8	97	0
9	97	0
10	97	0
11	97	0
12	97	0
13	97	0
14	97	0
15	97	0
16	97	0
17	97	0
18	97	0
19	97	0
20	97	0
21	97	0
22	97	0
23	97	0
0	98	0
1	98	0
2	98	0
3	98	2
4	98	0
5	98	2
6	98	4
7	98	2
8	98	0
9	98	0
10	98	4
11	98	2
12	98	2
13	98	4
14	98	2
15	98	10
16	98	13
17	98	13
18	98	6
19	98	2
20	98	2
21	98	2
22	98	0
23	98	0
0	99	0
1	99	0
2	99	0
3	99	0
4	99	0
5	99	0
6	99	0
7	99	0
8	99	0
9	99	0
10	99	0
11	99	0
12	99	0
13	99	0
14	99	0
15	99	0
16	99	0
17	99	0
18	99	0
19	99	0
20	99	0
21	99	0
22	99	0
23	99	0
0	100	0
1	100	0
2	100	0
3	100	0
4	100	0
5	100	0
6	100	0
7	100	0
8	100	0
9	100	0
10	100	0
11	100	0
12	100	0
13	100	66
14	100	0
15	100	0
16	100	0
17	100	0
18	100	0
19	100	0
20	100	0
21	100	0
22	100	0
23	100	0
0	101	0
1	101	0
2	101	0
3	101	0
4	101	0
5	101	0
6	101	9
7	101	0
8	101	0
9	101	0
10	101	0
11	101	0
12	101	0
13	101	0
14	101	0
15	101	9
16	101	0
17	101	0
18	101	0
19	101	0
20	101	0
21	101	0
22	101	0
23	101	9
0	102	0
1	102	0
2	102	0
3	102	0
4	102	0
5	102	0
6	102	0
7	102	0
8	102	0
9	102	0
10	102	0
11	102	0
12	102	0
13	102	0
14	102	0
15	102	17
16	102	0
17	102	0
18	102	0
19	102	0
20	102	17
21	102	0
22	102	0
23	102	0
0	103	0
1	103	8
2	103	0
3	103	0
4	103	16
5	103	0
6	103	0
7	103	0
8	103	0
9	103	0
10	103	0
11	103	0
12	103	0
13	103	0
14	103	0
15	103	0
16	103	0
17	103	0
18	103	0
19	103	0
20	103	0
21	103	0
22	103	0
23	103	0
0	104	0
1	104	0
2	104	0
3	104	0
4	104	0
5	104	0
6	104	0
7	104	0
8	104	17
9	104	0
10	104	0
11	104	0
12	104	0
13	104	0
14	104	0
15	104	0
16	104	0
17	104	0
18	104	0
19	104	9
20	104	0
21	104	0
22	104	0
23	104	0
0	105	0
1	105	0
2	105	0
3	105	0
4	105	0
5	105	12
6	105	0
7	105	0
8	105	0
9	105	0
10	105	0
11	105	0
12	105	0
13	105	0
14	105	0
15	105	0
16	105	0
17	105	0
18	105	0
19	105	0
20	105	12
21	105	0
22	105	0
23	105	0
0	106	0
1	106	0
2	106	0
3	106	0
4	106	0
5	106	0
6	106	0
7	106	23
8	106	0
9	106	0
10	106	0
11	106	0
12	106	0
13	106	0
14	106	0
15	106	0
16	106	0
17	106	0
18	106	0
19	106	0
20	106	0
21	106	0
22	106	0
23	106	23
0	107	0
1	107	0
2	107	0
3	107	0
4	107	0
5	107	0
6	107	0
7	107	11
8	107	0
9	107	0
10	107	0
11	107	0
12	107	0
13	107	0
14	107	0
15	107	0
16	107	11
17	107	0
18	107	0
19	107	0
20	107	0
21	107	0
22	107	0
23	107	0
0	108	6
1	108	0
2	108	0
3	108	0
4	108	6
5	108	0
6	108	0
7	108	0
8	108	0
9	108	0
10	108	6
11	108	0
12	108	0
13	108	6
14	108	0
15	108	0
16	108	0
17	108	0
18	108	0
19	108	0
20	108	0
21	108	0
22	108	0
23	108	0
0	109	0
1	109	0
2	109	0
3	109	0
4	109	0
5	109	0
6	109	0
7	109	0
8	109	52
9	109	0
10	109	0
11	109	0
12	109	0
13	109	0
14	109	0
15	109	0
16	109	0
17	109	0
18	109	0
19	109	0
20	109	0
21	109	0
22	109	0
23	109	0
0	110	3
1	110	0
2	110	0
3	110	0
4	110	0
5	110	0
6	110	0
7	110	0
8	110	0
9	110	0
10	110	3
11	110	0
12	110	0
13	110	6
14	110	0
15	110	0
16	110	3
17	110	3
18	110	3
19	110	0
20	110	0
21	110	3
22	110	0
23	110	0
0	111	0
1	111	0
2	111	0
3	111	0
4	111	0
5	111	0
6	111	0
7	111	0
8	111	0
9	111	0
10	111	0
11	111	0
12	111	0
13	111	0
14	111	0
15	111	0
16	111	0
17	111	9
18	111	9
19	111	9
20	111	0
21	111	0
22	111	0
23	111	9
0	112	0
1	112	0
2	112	0
3	112	0
4	112	0
5	112	0
6	112	0
7	112	0
8	112	0
9	112	0
10	112	0
11	112	0
12	112	0
13	112	0
14	112	18
15	112	0
16	112	35
17	112	35
18	112	0
19	112	0
20	112	0
21	112	0
22	112	0
23	112	0
0	113	0
1	113	0
2	113	0
3	113	0
4	113	0
5	113	0
6	113	0
7	113	0
8	113	0
9	113	0
10	113	0
11	113	0
12	113	0
13	113	0
14	113	0
15	113	0
16	113	0
17	113	0
18	113	0
19	113	0
20	113	0
21	113	0
22	113	0
23	113	0
0	114	0
1	114	0
2	114	0
3	114	0
4	114	0
5	114	8
6	114	0
7	114	0
8	114	0
9	114	0
10	114	0
11	114	0
12	114	30
13	114	8
14	114	0
15	114	0
16	114	0
17	114	0
18	114	0
19	114	0
20	114	0
21	114	8
22	114	0
23	114	0
0	115	0
1	115	0
2	115	0
3	115	0
4	115	0
5	115	0
6	115	0
7	115	14
8	115	0
9	115	0
10	115	14
11	115	0
12	115	0
13	115	0
14	115	0
15	115	0
16	115	0
17	115	0
18	115	0
19	115	0
20	115	0
21	115	0
22	115	0
23	115	0
0	116	2
1	116	0
2	116	0
3	116	5
4	116	0
5	116	4
6	116	0
7	116	2
8	116	4
9	116	4
10	116	2
11	116	2
12	116	7
13	116	4
14	116	7
15	116	2
16	116	5
17	116	13
18	116	4
19	116	0
20	116	0
21	116	2
22	116	4
23	116	4
0	117	0
1	117	0
2	117	0
3	117	0
4	117	0
5	117	0
6	117	0
7	117	0
8	117	0
9	117	0
10	117	14
11	117	14
12	117	0
13	117	0
14	117	0
15	117	0
16	117	0
17	117	0
18	117	0
19	117	0
20	117	0
21	117	0
22	117	0
23	117	0
0	118	0
1	118	0
2	118	0
3	118	0
4	118	0
5	118	0
6	118	0
7	118	0
8	118	0
9	118	0
10	118	36
11	118	0
12	118	0
13	118	0
14	118	0
15	118	0
16	118	0
17	118	0
18	118	0
19	118	0
20	118	0
21	118	66
22	118	0
23	118	0
0	119	0
1	119	0
2	119	0
3	119	0
4	119	0
5	119	0
6	119	0
7	119	0
8	119	0
9	119	0
10	119	0
11	119	0
12	119	0
13	119	0
14	119	0
15	119	0
16	119	0
17	119	0
18	119	0
19	119	0
20	119	0
21	119	0
22	119	0
23	119	167
0	120	0
1	120	0
2	120	0
3	120	0
4	120	0
5	120	0
6	120	0
7	120	27
8	120	27
9	120	0
10	120	27
11	120	14
12	120	0
13	120	0
14	120	14
15	120	0
16	120	0
17	120	0
18	120	0
19	120	0
20	120	0
21	120	0
22	120	0
23	120	0
0	121	0
1	121	0
2	121	0
3	121	0
4	121	0
5	121	0
6	121	0
7	121	0
8	121	0
9	121	0
10	121	0
11	121	0
12	121	0
13	121	0
14	121	0
15	121	0
16	121	0
17	121	0
18	121	0
19	121	0
20	121	0
21	121	0
22	121	0
23	121	0
0	122	0
1	122	0
2	122	0
3	122	0
4	122	0
5	122	0
6	122	0
7	122	0
8	122	0
9	122	0
10	122	0
11	122	0
12	122	0
13	122	0
14	122	0
15	122	0
16	122	0
17	122	12
18	122	12
19	122	34
20	122	0
21	122	0
22	122	0
23	122	0
0	123	0
1	123	0
2	123	0
3	123	0
4	123	0
5	123	0
6	123	0
7	123	0
8	123	0
9	123	0
10	123	0
11	123	0
12	123	0
13	123	0
14	123	0
15	123	0
16	123	0
17	123	0
18	123	0
19	123	0
20	123	0
21	123	0
22	123	0
23	123	0
0	124	0
1	124	0
2	124	0
3	124	0
4	124	0
5	124	9
6	124	0
7	124	0
8	124	0
9	124	0
10	124	6
11	124	0
12	124	0
13	124	0
14	124	0
15	124	12
16	124	3
17	124	3
18	124	0
19	124	3
20	124	6
21	124	0
22	124	0
23	124	0
0	125	0
1	125	0
2	125	0
3	125	0
4	125	0
5	125	0
6	125	0
7	125	0
8	125	0
9	125	0
10	125	0
11	125	0
12	125	0
13	125	0
14	125	0
15	125	0
16	125	0
17	125	0
18	125	0
19	125	0
20	125	0
21	125	0
22	125	0
23	125	0
0	126	0
1	126	0
2	126	0
3	126	0
4	126	0
5	126	0
6	126	0
7	126	0
8	126	0
9	126	0
10	126	0
11	126	0
12	126	0
13	126	0
14	126	0
15	126	0
16	126	0
17	126	0
18	126	0
19	126	0
20	126	0
21	126	0
22	126	0
23	126	0
0	127	0
1	127	0
2	127	0
3	127	0
4	127	0
5	127	0
6	127	0
7	127	0
8	127	0
9	127	0
10	127	0
11	127	0
12	127	0
13	127	0
14	127	0
15	127	0
16	127	0
17	127	0
18	127	0
19	127	0
20	127	0
21	127	0
22	127	0
23	127	0
0	128	0
1	128	0
2	128	0
3	128	0
4	128	0
5	128	0
6	128	0
7	128	0
8	128	0
9	128	0
10	128	0
11	128	0
12	128	0
13	128	0
14	128	0
15	128	0
16	128	0
17	128	0
18	128	9
19	128	9
20	128	0
21	128	17
22	128	9
23	128	0
0	129	34
1	129	0
2	129	34
3	129	0
4	129	0
5	129	0
6	129	0
7	129	0
8	129	0
9	129	0
10	129	0
11	129	34
12	129	0
13	129	0
14	129	0
15	129	34
16	129	0
17	129	0
18	129	88
19	129	34
20	129	0
21	129	0
22	129	0
23	129	0
0	130	0
1	130	0
2	130	0
3	130	0
4	130	0
5	130	0
6	130	0
7	130	0
8	130	0
9	130	0
10	130	0
11	130	0
12	130	0
13	130	0
14	130	0
15	130	0
16	130	0
17	130	0
18	130	0
19	130	0
20	130	0
21	130	0
22	130	0
23	130	0
0	131	0
1	131	0
2	131	0
3	131	0
4	131	0
5	131	0
6	131	0
7	131	0
8	131	8
9	131	0
10	131	0
11	131	8
12	131	0
13	131	8
14	131	0
15	131	0
16	131	0
17	131	0
18	131	0
19	131	15
20	131	0
21	131	0
22	131	0
23	131	8
0	132	18
1	132	0
2	132	0
3	132	0
4	132	0
5	132	9
6	132	18
7	132	0
8	132	0
9	132	0
10	132	0
11	132	0
12	132	0
13	132	0
14	132	0
15	132	18
16	132	9
17	132	0
18	132	33
19	132	0
20	132	0
21	132	0
22	132	0
23	132	0
0	133	0
1	133	0
2	133	0
3	133	0
4	133	0
5	133	21
6	133	21
7	133	0
8	133	0
9	133	0
10	133	0
11	133	0
12	133	0
13	133	0
14	133	0
15	133	0
16	133	0
17	133	0
18	133	0
19	133	0
20	133	0
21	133	0
22	133	0
23	133	21
0	134	0
1	134	0
2	134	0
3	134	0
4	134	0
5	134	0
6	134	13
7	134	0
8	134	18
9	134	0
10	134	7
11	134	0
12	134	0
13	134	0
14	134	0
15	134	0
16	134	7
17	134	7
18	134	0
19	134	0
20	134	0
21	134	7
22	134	0
23	134	7
0	135	0
1	135	0
2	135	0
3	135	0
4	135	0
5	135	0
6	135	0
7	135	0
8	135	0
9	135	0
10	135	0
11	135	0
12	135	0
13	135	0
14	135	0
15	135	35
16	135	0
17	135	0
18	135	0
19	135	0
20	135	0
21	135	0
22	135	0
23	135	0
0	136	0
1	136	0
2	136	0
3	136	0
4	136	0
5	136	0
6	136	0
7	136	8
8	136	0
9	136	0
10	136	0
11	136	8
12	136	0
13	136	0
14	136	0
15	136	0
16	136	8
17	136	8
18	136	0
19	136	15
20	136	8
21	136	0
22	136	0
23	136	0
0	137	0
1	137	0
2	137	0
3	137	0
4	137	0
5	137	0
6	137	0
7	137	0
8	137	0
9	137	0
10	137	0
11	137	0
12	137	0
13	137	0
14	137	0
15	137	0
16	137	0
17	137	0
18	137	0
19	137	0
20	137	0
21	137	0
22	137	0
23	137	0
0	138	0
1	138	0
2	138	0
3	138	0
4	138	0
5	138	0
6	138	0
7	138	2
8	138	2
9	138	4
10	138	2
11	138	2
12	138	5
13	138	4
14	138	0
15	138	0
16	138	0
17	138	5
18	138	4
19	138	4
20	138	2
21	138	0
22	138	0
23	138	0
0	139	0
1	139	0
2	139	0
3	139	0
4	139	5
5	139	0
6	139	0
7	139	5
8	139	0
9	139	0
10	139	0
11	139	0
12	139	5
13	139	10
14	139	0
15	139	0
16	139	5
17	139	0
18	139	10
19	139	15
20	139	0
21	139	5
22	139	0
23	139	0
0	140	0
1	140	0
2	140	0
3	140	0
4	140	0
5	140	0
6	140	0
7	140	0
8	140	0
9	140	13
10	140	13
11	140	0
12	140	0
13	140	25
14	140	0
15	140	0
16	140	0
17	140	0
18	140	0
19	140	0
20	140	0
21	140	13
22	140	0
23	140	0
0	141	0
1	141	0
2	141	0
3	141	0
4	141	0
5	141	14
6	141	0
7	141	0
8	141	0
9	141	0
10	141	0
11	141	0
12	141	0
13	141	0
14	141	0
15	141	0
16	141	14
17	141	0
18	141	0
19	141	0
20	141	0
21	141	0
22	141	0
23	141	0
0	142	0
1	142	0
2	142	0
3	142	0
4	142	0
5	142	0
6	142	0
7	142	0
8	142	0
9	142	0
10	142	0
11	142	0
12	142	0
13	142	0
14	142	0
15	142	0
16	142	0
17	142	0
18	142	0
19	142	0
20	142	0
21	142	0
22	142	0
23	142	0
0	143	0
1	143	0
2	143	0
3	143	0
4	143	0
5	143	0
6	143	0
7	143	0
8	143	11
9	143	11
10	143	0
11	143	11
12	143	20
13	143	11
14	143	0
15	143	0
16	143	0
17	143	11
18	143	0
19	143	20
20	143	0
21	143	11
22	143	0
23	143	0
0	144	0
1	144	0
2	144	0
3	144	0
4	144	0
5	144	0
6	144	0
7	144	0
8	144	0
9	144	0
10	144	0
11	144	0
12	144	0
13	144	0
14	144	0
15	144	0
16	144	0
17	144	0
18	144	0
19	144	53
20	144	0
21	144	0
22	144	0
23	144	0
0	145	0
1	145	0
2	145	0
3	145	0
4	145	0
5	145	0
6	145	0
7	145	0
8	145	0
9	145	0
10	145	0
11	145	0
12	145	0
13	145	0
14	145	0
15	145	18
16	145	0
17	145	0
18	145	0
19	145	0
20	145	0
21	145	0
22	145	0
23	145	0
0	146	0
1	146	0
2	146	0
3	146	0
4	146	0
5	146	0
6	146	0
7	146	0
8	146	5
9	146	3
10	146	5
11	146	0
12	146	3
13	146	0
14	146	0
15	146	0
16	146	0
17	146	0
18	146	0
19	146	0
20	146	5
21	146	3
22	146	3
23	146	0
0	147	0
1	147	0
2	147	0
3	147	0
4	147	0
5	147	0
6	147	0
7	147	0
8	147	27
9	147	0
10	147	0
11	147	14
12	147	0
13	147	0
14	147	0
15	147	0
16	147	0
17	147	7
18	147	14
19	147	7
20	147	7
21	147	0
22	147	0
23	147	0
0	148	0
1	148	0
2	148	0
3	148	0
4	148	0
5	148	0
6	148	0
7	148	0
8	148	0
9	148	0
10	148	0
11	148	0
12	148	24
13	148	13
14	148	0
15	148	0
16	148	0
17	148	0
18	148	13
19	148	0
20	148	0
21	148	0
22	148	0
23	148	0
0	149	0
1	149	0
2	149	0
3	149	0
4	149	0
5	149	0
6	149	0
7	149	0
8	149	0
9	149	0
10	149	0
11	149	0
12	149	0
13	149	0
14	149	0
15	149	0
16	149	0
17	149	0
18	149	0
19	149	0
20	149	0
21	149	0
22	149	0
23	149	0
0	150	8
1	150	0
2	150	0
3	150	0
4	150	0
5	150	0
6	150	8
7	150	0
8	150	15
9	150	0
10	150	0
11	150	8
12	150	8
13	150	0
14	150	0
15	150	0
16	150	8
17	150	0
18	150	0
19	150	8
20	150	0
21	150	8
22	150	0
23	150	0
0	151	0
1	151	0
2	151	0
3	151	0
4	151	0
5	151	0
6	151	0
7	151	0
8	151	35
9	151	0
10	151	0
11	151	0
12	151	0
13	151	18
14	151	0
15	151	0
16	151	0
17	151	0
18	151	0
19	151	0
20	151	18
21	151	0
22	151	0
23	151	0
0	152	0
1	152	0
2	152	0
3	152	0
4	152	0
5	152	3
6	152	0
7	152	0
8	152	0
9	152	0
10	152	3
11	152	3
12	152	5
13	152	0
14	152	8
15	152	0
16	152	5
17	152	10
18	152	3
19	152	5
20	152	0
21	152	0
22	152	3
23	152	0
0	153	0
1	153	0
2	153	0
3	153	0
4	153	0
5	153	0
6	153	0
7	153	0
8	153	0
9	153	0
10	153	0
11	153	0
12	153	0
13	153	0
14	153	0
15	153	0
16	153	0
17	153	0
18	153	0
19	153	0
20	153	25
21	153	0
22	153	0
23	153	0
0	154	0
1	154	0
2	154	0
3	154	0
4	154	0
5	154	0
6	154	0
7	154	0
8	154	0
9	154	0
10	154	0
11	154	0
12	154	0
13	154	0
14	154	0
15	154	0
16	154	0
17	154	0
18	154	0
19	154	0
20	154	0
21	154	0
22	154	0
23	154	0
0	155	0
1	155	0
2	155	0
3	155	0
4	155	0
5	155	0
6	155	0
7	155	0
8	155	0
9	155	0
10	155	0
11	155	0
12	155	0
13	155	0
14	155	0
15	155	0
16	155	0
17	155	0
18	155	0
19	155	0
20	155	0
21	155	0
22	155	0
23	155	0
0	156	0
1	156	0
2	156	0
3	156	0
4	156	0
5	156	0
6	156	0
7	156	0
8	156	0
9	156	0
10	156	0
11	156	0
12	156	0
13	156	0
14	156	0
15	156	0
16	156	0
17	156	0
18	156	0
19	156	0
20	156	0
21	156	0
22	156	0
23	156	0
0	157	0
1	157	0
2	157	0
3	157	0
4	157	0
5	157	0
6	157	0
7	157	0
8	157	0
9	157	0
10	157	0
11	157	0
12	157	0
13	157	0
14	157	0
15	157	0
16	157	0
17	157	0
18	157	0
19	157	0
20	157	0
21	157	0
22	157	0
23	157	0
0	158	0
1	158	0
2	158	0
3	158	0
4	158	0
5	158	0
6	158	0
7	158	0
8	158	0
9	158	0
10	158	0
11	158	0
12	158	0
13	158	0
14	158	0
15	158	0
16	158	28
17	158	0
18	158	0
19	158	0
20	158	0
21	158	0
22	158	52
23	158	28
0	159	0
1	159	0
2	159	0
3	159	0
4	159	0
5	159	0
6	159	0
7	159	0
8	159	0
9	159	0
10	159	0
11	159	0
12	159	0
13	159	0
14	159	0
15	159	0
16	159	21
17	159	0
18	159	0
19	159	0
20	159	0
21	159	0
22	159	0
23	159	0
0	160	0
1	160	0
2	160	0
3	160	0
4	160	0
5	160	0
6	160	17
7	160	0
8	160	0
9	160	0
10	160	0
11	160	0
12	160	0
13	160	0
14	160	0
15	160	0
16	160	0
17	160	0
18	160	17
19	160	0
20	160	0
21	160	0
22	160	0
23	160	0
0	161	0
1	161	0
2	161	0
3	161	0
4	161	7
5	161	0
6	161	0
7	161	0
8	161	0
9	161	0
10	161	0
11	161	0
12	161	7
13	161	0
14	161	7
15	161	0
16	161	0
17	161	0
18	161	0
19	161	0
20	161	0
21	161	7
22	161	0
23	161	0
0	162	0
1	162	13
2	162	0
3	162	0
4	162	0
5	162	0
6	162	0
7	162	0
8	162	0
9	162	0
10	162	0
11	162	0
12	162	9
13	162	0
14	162	0
15	162	9
16	162	9
17	162	0
18	162	0
19	162	0
20	162	5
21	162	9
22	162	5
23	162	0
